##########################################################################################
#
# SZ signal computed with SZpack v1.1
# Runmode: combo
#
# General parameters:
# xmin= 0.1 xmax= 30 np= 1000
# Dtau= 0.01
# Te= 15keV (The ~ 0.0293543)
# betac= 0 muc= 1
# betao= 0 muo= 0
#
# Runmode specific parameters:
# eps= 0
# Te_order= 0 beta_order= 0
#
##########################################################################################
#
# Output format: x = (h nu/k T0) | nu [GHz] | x^3 Dn(x) | DI(x) in MJy/sr 
# Here a CMB temperature of T0 = 2.726 K is assumed.
#
##########################################################################################
0.1 5.680069152796746 -1.90158585374833e-06 -0.0005138322379383204
0.1005725822180163 5.712592218736688 -1.923382944406425e-06 -0.000519722083958849
0.1011484429399965 5.745301505968956 -1.945429403212427e-06 -0.000525679312366167
0.1017276009380712 5.778198080763555 -1.967728072899038e-06 -0.0005317046913021395
0.1023100750918572 5.811283015495766 -1.990281826731316e-06 -0.000537798997158857
0.1028958843890723 5.844557388681094 -2.013093570645252e-06 -0.000543963015156503
0.1034850479261547 5.878022285010439 -2.036166244880905e-06 -0.0005501975397846483
0.1040775849088855 5.911678795385444 -2.059502821272132e-06 -0.0005565033740699037
0.1046735146530145 5.94552801695406 -2.083106305303031e-06 -0.000562881330131594
0.1052728565848904 5.979571053146315 -2.106979738004235e-06 -0.0005693322296941613
0.1058756302420932 6.013809013710278 -2.131126193102622e-06 -0.0005758569033169823
0.1064818552740721 6.048243014748245 -2.155548778982873e-06 -0.0005824561909244042
0.1070915514427853 6.082874178753105 -2.180250640855545e-06 -0.0005891309423915858
0.1077047386233445 6.11770363464495 -2.205234957772535e-06 -0.0005958820167380383
0.1083214368046626 6.152732517807863 -2.23050494448063e-06 -0.0006027102826284778
0.1089416660901059 6.187961970126936 -2.256063853868912e-06 -0.0006096166190341449
0.1095654466981485 6.223393140025492 -2.281914973857237e-06 -0.0006166019143920325
0.1101927989630322 6.259027182502523 -2.308061629128328e-06 -0.0006236670670729194
0.110823743335429 6.294865259170337 -2.334507183860828e-06 -0.0006308129861198746
0.1114583003831076 6.330908538292432 -2.361255038499694e-06 -0.0006380405903755785
0.1120964907916045 6.367158194821569 -2.388308631353054e-06 -0.0006453508089138123
0.1127383353648975 6.403615410438085 -2.415671441615843e-06 -0.0006527445818564833
0.1133838550260844 6.440281373588403 -2.443346986032751e-06 -0.0006602228594719117
0.1140330708180651 6.477157279523786 -2.471338820345862e-06 -0.0006677866025659997
0.1146860039042273 6.514244330339285 -2.499650542612135e-06 -0.0006754367833786574
0.1153426755691364 6.551543735012943 -2.528285789771532e-06 -0.0006831743846564682
0.1160031072192294 6.589056709445186 -2.557248238931175e-06 -0.0006910003999996827
0.1166673203835131 6.626784476498478 -2.586541610978178e-06 -0.0006989158348384525
0.1173353367142652 6.664728266037171 -2.616169667067662e-06 -0.0007069217054838473
0.1180071779877406 6.702889314967605 -2.646136209729003e-06 -0.0007150190394267768
0.1186828661048812 6.741268867278422 -2.676445086773467e-06 -0.0007232088763938833
0.1193624230920299 6.779868174081127 -2.70710018771908e-06 -0.0007314922673814952
0.1200458711016482 6.81868849365086 -2.738105444704417e-06 -0.0007398702749025466
0.120733232413039 6.857731091467429 -2.769464836688233e-06 -0.000748343974121368
0.1214245294330723 6.896997240256544 -2.8011823858307e-06 -0.0007569144518758525
0.122119784696916 6.936488220031327 -2.833262158200005e-06 -0.0007655828068683868
0.1228190208687703 6.976205318134021 -2.865708268258708e-06 -0.0007743501508781214
0.1235222607426066 7.016149829277962 -2.898524875223456e-06 -0.0007832176077773199
0.1242295272429105 7.056323055589788 -2.931716183549703e-06 -0.0007921863136623362
0.1249408434254291 7.096726306651878 -2.965286447696704e-06 -0.0008012574181411753
0.1256562324779227 7.137360899545049 -2.999239968490795e-06 -0.0008104320833508075
0.1263757177209204 7.178228158891492 -3.033581093373309e-06 -0.0008197114840241555
0.1270993226084809 7.21932941689794 -3.068314221433535e-06 -0.0008290968088500661
0.1278270707289562 7.260666013399115 -3.103443799803488e-06 -0.000838589259499129
0.1285589858057613 7.30223929590139 -3.138974323653339e-06 -0.0008481900506224449
0.1292950916981471 7.34405061962672 -3.174910341480465e-06 -0.00085790041128079
0.1300354124019786 7.386101347556816 -3.211256451565061e-06 -0.0008677215839868803
0.1307799720505164 7.428392850477588 -3.248017301697217e-06 -0.000877654824631623
0.1315287949152043 7.470926507023815 -3.285197594709207e-06 -0.0008877014039790111
0.1322819054064599 7.513703703724098 -3.322802085022248e-06 -0.0008978626067330138
0.1330393280744704 7.556725835046054 -3.360835578089522e-06 -0.0009081397313870739
0.1338010876099932 7.599994303441769 -3.399302936157688e-06 -0.0009185340917809415
0.1345672088451604 7.643510519393527 -3.438209074936146e-06 -0.000929047016200666
0.1353377167542886 7.687275901459778 -3.477558962740444e-06 -0.0009396798471471357
0.1361126364546929 7.731291876321388 -3.517357626467808e-06 -0.0009504339429507391
0.1368919932075056 7.775559878828142 -3.557610148421283e-06 -0.0009613106769132083
0.1376758124184999 7.820081352045521 -3.598321665138146e-06 -0.0009723114369910424
0.1384641196389176 7.864857747301739 -3.639497373563205e-06 -0.0009834376274636099
0.1392569405663029 7.909890524235067 -3.68114252806091e-06 -0.0009946906681257831
0.140054301045339 7.95518115084139 -3.723262438913862e-06 -0.001006071993882216
0.1408562270686916 8.00073110352209 -3.765862478676353e-06 -0.001017583056464153
0.1416627447778556 8.046541867132156 -3.808948079408425e-06 -0.001029225323682032
0.1424738804640074 8.092614935028589 -3.852524730829924e-06 -0.001041000278926693
0.143289660568862 8.138951809119092 -3.896597986835594e-06 -0.001052909422929833
0.1441101116855352 8.185553999911024 -3.941173462985725e-06 -0.001064954273085949
0.14493526055941 8.232423026560634 -3.986256834301843e-06 -0.001077136362856706
0.1457651340890087 8.279560416922598 -4.031853841923376e-06 -0.001089457243569654
0.14659975932687 8.326967707599811 -4.077970290890172e-06 -0.001101918483819033
0.1474391634804303 8.374646443993486 -4.124612047566508e-06 -0.001114521668769707
0.1482833739129112 8.422598180353527 -4.171785046418244e-06 -0.001127268401988442
0.1491324181442111 8.470824479829192 -4.219495288122841e-06 -0.001140160304933201
0.1499863238518026 8.519326914520065 -4.267748836609319e-06 -0.001153199016153312
0.1508451188716343 8.568107065527283 -4.31655182593342e-06 -0.001166386193147216
0.1517088311990388 8.617166523005089 -4.365910458751227e-06 -0.001179723511950023
0.1525774889896448 8.666506886212668 -4.415831002963533e-06 -0.001193212666226779
0.1534511205602953 8.716129763566279 -4.466319798665478e-06 -0.001206855369150343
0.1543297543899703 8.766036772691683 -4.517383257019846e-06 -0.00122065335309694
0.1552134191207155 8.816229540476883 -4.569027856495553e-06 -0.001234608368629751
0.1561021435585758 8.866709703125153 -4.621260149866861e-06 -0.001248722186390188
0.1569959566745344 8.917478906208371 -4.674086763522614e-06 -0.001262996596911245
0.1578948876054574 8.968538804720675 -4.727514393289705e-06 -0.001277433409488942
0.158798965655043 9.019891063132395 -4.781549811455812e-06 -0.001292034454079958
0.1597082202947776 9.071537355444333 -4.836199866550547e-06 -0.001306801581242493
0.1606226811648958 9.123479365242311 -4.891471478746335e-06 -0.001321736660893532
0.1615423780753469 9.175718785752073 -4.947371646877307e-06 -0.001336841584205434
0.162467341006767 9.228257319894471 -5.003907448728065e-06 -0.00135211826368396
0.1633976001114557 9.281096680340971 -5.061086036005972e-06 -0.001367568631809725
0.1643331857143592 9.334238589569503 -5.118914641327665e-06 -0.001383194642926039
0.1652741283140593 9.387684779920594 -5.177400579050527e-06 -0.001398998273463583
0.166220458583767 9.441436993653841 -5.236551239812189e-06 -0.001414981520464914
0.1671722073723228 9.495496983004713 -5.296374097455051e-06 -0.001431146403455554
0.168129405705202 9.549866510241671 -5.356876710434602e-06 -0.001447494964824539
0.1690920847855265 9.604547347723607 -5.418066715924118e-06 -0.001464029268231435
0.1700602759950814 9.659541277957624 -5.479951836646322e-06 -0.001480751400452335
0.1710340108953387 9.714850093657153 -5.542539882891658e-06 -0.001497663471925225
0.1720133212284854 9.770475597800374 -5.605838746188402e-06 -0.001514767615039566
0.1729982389184589 9.826419603688997 -5.669856406009512e-06 -0.001532065985948571
0.1739887960719873 9.882683935007387 -5.734600932432618e-06 -0.001549560765287965
0.1749850249796361 9.93927042588199 -5.800080479378259e-06 -0.001567254156348876
0.1759869581168609 9.996180920941143 -5.86630329115889e-06 -0.001585148386847456
0.1769946281450658 10.05341727537519 -5.933277705810627e-06 -0.001603245709825157
0.1780080679126685 10.11098135499696 -6.001012147905192e-06 -0.001621548401706435
0.1790273104561707 10.16887503630262 -6.069515134907007e-06 -0.001640058764016514
0.1800523890012356 10.22710020653278 -6.13879528120477e-06 -0.001658779124470766
0.1810833369637702 10.28565876373409 -6.208861290505609e-06 -0.001677711834919516
0.1821201879510152 10.34455261682107 -6.279721961965346e-06 -0.001696859273004522
0.1831629757626405 10.40378368563832 -6.35138619494552e-06 -0.001716223843444374
0.1842117343918469 10.46335390102317 -6.423862981001735e-06 -0.001735807975869651
0.185266498026474 10.52326520486854 -6.49716140975121e-06 -0.001755614126408406
0.1863273010501151 10.58351955018631 -6.571290674378124e-06 -0.001775644779173774
0.1873941780432377 10.64411890117096 -6.646260063231749e-06 -0.00179590244399369
0.1884671637843111 10.70506523326357 -6.722078965394657e-06 -0.00181638965791548
0.1895462932509396 10.76636053321628 -6.79875687695613e-06 -0.001837108986901025
0.1906316016210035 10.828006799157 -6.8763033922396e-06 -0.001858063023456293
0.191723124273805 10.89000604065457 -6.95472820903417e-06 -0.001879254388044973
0.1928208967912221 10.95236027878425 -7.034041135652185e-06 -0.001900685730995511
0.1939249549588681 11.01507154619365 -7.1142520818099e-06 -0.001922359730036957
0.1950353347672587 11.07814188716893 -7.195371063484345e-06 -0.001944279091611349
0.1961520724129845 11.14157335770147 -7.2774082107671e-06 -0.001966446552995899
0.1972752042998917 11.20536802555491 -7.3603737584267e-06 -0.001988864879752842
0.1984047670402682 11.26952797033251 -7.444278050352455e-06 -0.002011536866930207
0.1995407974560374 11.33405528354501 -7.529131548211924e-06 -0.002034465341401176
0.2006833325799585 11.39895206867872 -7.614944821728545e-06 -0.002057653159236981
0.2018324096568339 11.46422044126418 -7.701728552673688e-06 -0.0020811032067856
0.2029880661447227 11.52986252894505 -7.789493544330214e-06 -0.002104818403228936
0.2041503397161625 11.59588047154751 -7.87825071152429e-06 -0.002128801697889285
0.2053192682593971 11.66227642115001 -7.968011084126669e-06 -0.002153056071175427
0.2064948898796115 11.72905254215342 -8.058785817319164e-06 -0.002177584537356753
0.2076772429001745 11.79621101135158 -8.150586181425334e-06 -0.002202390141815393
0.2088663658638873 11.86375401800225 -8.24342356488196e-06 -0.002227475961849143
0.2100622975342408 11.93168376389853 -8.33730948529906e-06 -0.002252845109660022
0.2112650768966783 12.00000246344055 -8.432255579140337e-06 -0.002278500729565796
0.2124747431598671 12.06871234370772 -8.528273604126004e-06 -0.002304445998649257
0.2136913357569763 12.13781564453133 -8.625375451069993e-06 -0.002330684129956779
0.2149148943469622 12.20731461856751 -8.723573133467793e-06 -0.002357218369684824
0.2161454588158614 12.27721153137074 -8.822878789292068e-06 -0.002384051997665143
0.2173830692780907 12.34750866146761 -8.923304693583267e-06 -0.002411188330766912
0.2186277660777551 12.41820830043119 -9.024863248009485e-06 -0.002438630720075678
0.2198795897899625 12.48931275295568 -9.127566982016879e-06 -0.002466382551204216
0.221138581222147 12.56082433693154 -9.231428566141758e-06 -0.002494447247889622
0.2224047814153985 12.63274538352107 -9.336460801614868e-06 -0.00252282826918426
0.223678231645801 12.70507823723439 -9.442676620828184e-06 -0.002551529109581894
0.2249589734257781 12.77782525600585 -9.550089101329838e-06 -0.002580553302799297
0.2262470485054461 12.85098881127093 -9.658711455551805e-06 -0.002609904419000538
0.2275424988739749 12.92457128804353 -9.768557030553379e-06 -0.002639586064727667
0.2288453667609572 12.99857508499371 -9.879639322657153e-06 -0.002669601886855547
0.2301556946377846 13.07300261452587 -9.991971967381637e-06 -0.002699955569871508
0.2314735252190324 13.14785630285745 -1.010556873842232e-05 -0.00273065083560003
0.232798901463852 13.22313859009795 -1.022044356288389e-05 -0.002761691447318668
0.2341318665773713 13.2988519303285 -1.033661051150114e-05 -0.002793081207115633
0.2354724640121029 13.37499879168188 -1.045408379681955e-05 -0.002824823955398148
0.2368207374693611 13.45158165642294 -1.057287778897596e-05 -0.002856923575156592
0.2381767309006856 13.52860302102956 -1.069300700629267e-05 -0.0028893839894229
0.2395404885092755 13.60606539627399 -1.081448611262067e-05 -0.002922209160552683
0.2409120547514289 13.68397130730472 -1.093732993361808e-05 -0.002955403094623854
0.2422914743379932 13.7623232937288 -1.106155344780331e-05 -0.002988969839019087
0.2436787922358221 13.8411239096946 -1.118717178302616e-05 -0.003022913481472258
0.2450740536692412 13.92037572397511 -1.131420023318976e-05 -0.003057238154586933
0.246477304121523 14.00008132005165 -1.144265424985008e-05 -0.003091948033566434
0.2478885893363688 14.08024329619808 -1.157254943778139e-05 -0.00312704733501559
0.2493079553194002 14.16086426556554 -1.170390157208513e-05 -0.003162540321563754
0.2507354483396591 14.24194685626759 -1.183672659042299e-05 -0.003198431299766083
0.2521711149311153 14.32349371146591 -1.197104058764591e-05 -0.003234724618652241
0.2536150018941843 14.40550748945644 -1.210685983322999e-05 -0.003271424674437784
0.255067156297252 14.48799086375607 -1.224420076423058e-05 -0.003308535908620275
0.2565276254782099 14.57094652318976 -1.238307997894667e-05 -0.003346062806267321
0.2579964570459976 14.65437717197821 -1.252351425462081e-05 -0.003384009900799315
0.2594736988821549 14.73828552982599 -1.266552054120172e-05 -0.00342238177230401
0.2609593991423833 14.82267433201024 -1.280911595401828e-05 -0.00346118304555695
0.2624536062581146 14.9075463294698 -1.295431779167823e-05 -0.003500418394857904
0.2639563689380911 14.99290428889488 -1.310114353072532e-05 -0.00354009254258718
0.2654677361699521 15.07875099281729 -1.324961081730094e-05 -0.003580210256952487
0.2669877572218316 15.16508923970112 -1.339973748517333e-05 -0.003620776356860642
0.2685164816439643 15.25192184403395 -1.355154155137408e-05 -0.003661795710738519
0.2700539592703006 15.33925163641863 -1.370504120682917e-05 -0.003703273234001421
0.2716002402201312 15.42708146366553 -1.386025483444752e-05 -0.003745213893940838
0.2731553748997212 15.51541418888536 -1.401720100582011e-05 -0.003787622708832506
0.2747194140039527 15.6042526915825 -1.417589847080588e-05 -0.003830504745122395
0.2762924085179779 15.69359986774883 -1.433636617560648e-05 -0.003873865122310723
0.2778744097188807 15.78345862995818 -1.449862326060822e-05 -0.003917709012368832
0.2794654691773487 15.87383190746128 -1.466268904891323e-05 -0.00396204163664015
0.281065638759354 15.9647226462812 -1.48285830643247e-05 -0.004006868270700045
0.2826749706278439 16.05613380930942 -1.499632503040874e-05 -0.004052194244102317
0.2842935172444417 16.14806837640242 -1.516593485796606e-05 -0.004098024936993897
0.2859213313711564 16.24052934447882 -1.533743266285015e-05 -0.004144365784929527
0.2875584660721031 16.33351972761702 -1.551083876632204e-05 -0.004191222278967644
0.2892049747152323 16.42704255715354 -1.568617368146324e-05 -0.004238599961998965
0.2908609109740702 16.52110088178177 -1.586345813074725e-05 -0.004286504433494535
0.2925263288294679 16.61569776765138 -1.604271304775583e-05 -0.004334941349969488
0.2942012825713613 16.71083629846828 -1.622395956253963e-05 -0.004383916421027317
0.2958858268005408 16.80651957559512 -1.640721901886183e-05 -0.004433435414019289
0.2975800164304311 16.9027507181524 -1.659251297733907e-05 -0.004483504154893194
0.2992839066888817 16.99953286312016 -1.677986319976271e-05 -0.004534128523956743
0.3009975531199667 17.09686916544022 -1.696929166593186e-05 -0.004585314460426065
0.3027210115857957 17.19476279811904 -1.7160820578276e-05 -0.004637067963674781
0.304454338268335 17.29321695233115 -1.735447234515634e-05 -0.004689395088721855
0.3061975896712386 17.39223483752318 -1.755026959720494e-05 -0.004742301950646598
0.3079508226216906 17.49181968151847 -1.774823519347842e-05 -0.004795794726251489
0.3097140942722573 17.59197473062232 -1.79483922037667e-05 -0.00484987964928178
0.3114874621027504 17.69270324972777 -1.815076392435373e-05 -0.004904563014684238
0.313270983922101 17.79400852242211 -1.835537388574417e-05 -0.004959851180694983
0.3150647178702435 17.8958938510938 -1.856224583401406e-05 -0.005015750563800219
0.3168687224200117 17.99836255704023 -1.877140374590865e-05 -0.005072267642815854
0.3186830563790441 18.10141798057594 -1.898287183817484e-05 -0.005129408961409225
0.3205077788917013 18.20506348114152 -1.919667454799674e-05 -0.005187181122812568
0.3223429494409941 18.30930243741311 -1.94128365473461e-05 -0.005245590793700669
0.3241886278505225 18.41413824741257 -1.963138275394353e-05 -0.005304644707152714
0.3260448742864256 18.51957432861819 -1.985233831083046e-05 -0.005364349657132398
0.3279117492593432 18.62561411807616 -2.007572859988793e-05 -0.005424712502140857
0.3297893136263883 18.73226107251259 -2.030157925443917e-05 -0.005485740168622044
0.3316776285931309 18.83951866844619 -2.05299161380184e-05 -0.0055474396452258
0.3335767557155933 18.94739040230157 -2.076076535697502e-05 -0.005609817986213654
0.3354867569022564 19.05587979052327 -2.099415327471801e-05 -0.005672882315307846
0.3374076944160783 19.16499036969036 -2.12301064897515e-05 -0.005736639819756261
0.3393396308765235 19.27472569663175 -2.146865184728284e-05 -0.005801097753469068
0.3412826292616045 19.38508934854208 -2.170981645509673e-05 -0.005866263441308123
0.3432367529099349 19.4960849230984 -2.195362766093741e-05 -0.005932144272975342
0.3452020655227936 19.60771603857741 -2.220011306304071e-05 -0.005998747705858594
0.3471786311662021 19.71998633397343 -2.244930052761266e-05 -0.006066081269754641
0.3491665142730121 19.83289946911701 -2.270121816564761e-05 -0.006134152560605106
0.3511657796450067 19.94645912479422 -2.295589434230753e-05 -0.00620296924303088
0.3531764924550122 20.06066900286667 -2.321335769596487e-05 -0.00627253905547773
0.3551987182490232 20.17553282639219 -2.347363711455646e-05 -0.006342869803826841
0.3572325229483389 20.29105433974615 -2.373676174373642e-05 -0.006413969363597821
0.359277972851712 20.40723730874356 -2.400276100742753e-05 -0.006485845685501947
0.3613351346375103 20.52408552076181 -2.427166458382144e-05 -0.006558506788957121
0.3634040753658899 20.64160278486415 -2.454350241223496e-05 -0.006631960763940517
0.3654848624809815 20.75979293192383 -2.481830471509841e-05 -0.006706215776930121
0.3675775638130889 20.87865981474903 -2.509610197372258e-05 -0.006781280064356653
0.3696822475809001 20.9982073082084 -2.537692493379315e-05 -0.00685716193408822
0.3717989823937112 21.11843930935739 -2.566080462870711e-05 -0.00693386977173613
0.3739278372536631 21.23935973756533 -2.594777235523762e-05 -0.007011412034079212
0.3760688815579905 21.36097253464314 -2.623785967760618e-05 -0.007089797250164173
0.3782221851012842 21.48328166497185 -2.653109845206079e-05 -0.007169034027946936
0.3803878180777668 21.60629111563183 -2.682752080257973e-05 -0.007249131047727482
0.3825658510835803 21.73000489653277 -2.712715912346738e-05 -0.007330097062851275
0.3847563551190875 21.85442704054439 -2.743004610504905e-05 -0.00741194090665234
0.386959401591187 21.97956160362788 -2.773621470956525e-05 -0.007494671485939577
0.3891750623156403 22.10541266496819 -2.804569817224284e-05 -0.007578297781286204
0.3914034095194134 22.23198432710692 -2.835853002796366e-05 -0.007662828854235961
0.3936445158430311 22.3592807160761 -2.867474408750981e-05 -0.007748273840884282
0.3958984543429445 22.4873059815327 -2.899437443706736e-05 -0.007834641951744187
0.3981652984939135 22.61606429689386 -2.931745546571182e-05 -0.007921942479173208
0.4004451221914011 22.74555985947301 -2.964402184216989e-05 -0.008010184791094124
0.4027379997539826 22.87579689061659 -2.997410851271649e-05 -0.008099378330426697
0.4050440059257684 23.00677963584179 -3.030775072931479e-05 -0.008189532622691483
0.4073632158788402 23.13851236497481 -3.064498402705537e-05 -0.008280657269913587
0.4096957052157017 23.27099937229016 -3.098584422041522e-05 -0.008372761949611819
0.4120415499717432 23.40424497665057 -3.133036743188518e-05 -0.008465856422534173
0.41440082661772 23.53825352164784 -3.167859007023994e-05 -0.008559950526786115
0.4167736120622456 23.67302937574438 -3.203054882513816e-05 -0.008655054176371465
0.4191599836542982 23.80857693241567 -3.23862806960647e-05 -0.008751177369012948
0.4215600191857427 23.94490061029341 -3.2745822971577e-05 -0.008848330180544312
0.4239737968938662 24.08200485330962 -3.310921322223502e-05 -0.008946522762999908
0.426401395463929 24.21989413084149 -3.347648932968261e-05 -0.009045765352472836
0.4288428940317287 24.35857293785705 -3.384768946700454e-05 -0.009146068263807167
0.4312983721861808 24.49804579506175 -3.422285208998703e-05 -0.009247441888236443
0.4337679099719126 24.63831724904576 -3.460201596615866e-05 -0.009349896701230872
0.4362515878918726 24.77939187243224 -3.498522015638113e-05 -0.009453443257522941
0.4387494869099552 24.92127426402636 -3.537250400445234e-05 -0.009558092188298025
0.4412616884536393 25.06396904896524 -3.57639071659254e-05 -0.00966385420898166
0.4437882744166432 25.20748087886872 -3.61594695910419e-05 -0.009770740114627875
0.4463293271615942 25.35181443199097 -3.65592315127027e-05 -0.009878760776668768
0.4488849295227132 25.49697441337304 -3.696323347488207e-05 -0.009987927150592357
0.4514551648085152 25.64296555499618 -3.737151631699611e-05 -0.01009825027171873
0.4540401168045248 25.78979261593612 -3.778412116028014e-05 -0.01020974125151905
0.4566398697760079 25.93746038251825 -3.820108943561511e-05 -0.01032241128513458
0.459254508470718 26.08597366847357 -3.862246286940527e-05 -0.01043627164756069
0.4618841181216594 26.23533731509565 -3.904828346841559e-05 -0.01055133368954971
0.4645287844498653 26.38555619139848 -3.947859354682851e-05 -0.01066760884492199
0.4671885936671925 26.53663519427512 -3.991343571368496e-05 -0.01078510862717236
0.4698636324791312 26.68857924865739 -4.035285285624998e-05 -0.01090384462497524
0.472553988087632 26.84139330767639 -4.079688816612026e-05 -0.01102382850923928
0.4752597481939486 26.99508235282396 -4.124558512826035e-05 -0.0111450720301448
0.4779810010014961 27.14965139411508 -4.169898750298026e-05 -0.01126758701227387
0.4807178352187269 27.3051054702512 -4.215713935091797e-05 -0.01139138536136096
0.4834703400620222 27.46144964878444 -4.262008502367787e-05 -0.01151647906176328
0.4862386052586001 27.61868902628288 -4.308786914452046e-05 -0.01164288017124291
0.4890227210494413 27.77682872849659 -4.356053663204918e-05 -0.01177060082736728
0.4918227781922297 27.9358739105248 -4.403813269243158e-05 -0.01189965324540725
0.4946388679643121 28.09582975698391 -4.452070279891735e-05 -0.01203004971280258
0.4974710821656728 28.25670148217653 -4.500829271406599e-05 -0.01216180259516817
0.5003195131219266 28.41849433026141 -4.550094848350218e-05 -0.01229492433460668
0.5031842536873283 28.58121357542445 -4.599871641439522e-05 -0.01242942744389334
0.5060653972477999 28.74486452205059 -4.650164309607243e-05 -0.01256532451204607
0.5089630377239742 28.90945250489672 -4.700977539522967e-05 -0.01270262820303117
0.5118772695742572 29.07498288926562 -4.75231604335213e-05 -0.01284135124970796
0.5148081877979066 29.24146107118083 -4.80418456064153e-05 -0.01298150645892357
0.5177558879381293 29.40889247756257 -4.856587857974661e-05 -0.0131231067105817
0.5207204660851954 29.57728256640462 -4.909530726658362e-05 -0.01326616495139159
0.5237020188795707 29.74663682695228 -4.963017984419268e-05 -0.01341069419945207
0.5267006435150674 29.91696077988129 -5.017054475178816e-05 -0.01355670754364361
0.529716437742012 30.0882599774778 -5.07164506668566e-05 -0.01370421813723078
0.5327494998704321 30.26054000381935 -5.12679465201134e-05 -0.01385323920190376
0.5357999287732609 30.43380647495692 -5.182508149426691e-05 -0.01400378402744436
0.5388678238895604 30.60806503909801 -5.238790499999646e-05 -0.01415586596523499
0.5419532852277633 30.78332137679074 -5.295646668880082e-05 -0.01430949843173051
0.5450564133689325 30.95958120110905 -5.353081645255609e-05 -0.01446469490833869
0.5481773094700404 31.13685025783892 -5.411100439935744e-05 -0.01462146893489245
0.5513160752672659 31.31513432566566 -5.469708086417828e-05 -0.01477983411252998
0.5544728130793115 31.49443921636233 -5.528909640896253e-05 -0.01493980410371978
0.5576476258107383 31.67477077497917 -5.588710179855297e-05 -0.01510139262575613
0.5608406169553206 31.85613488003412 -5.649114800910047e-05 -0.01526461345303142
0.5640518905994196 32.03853744370448 -5.710128622839293e-05 -0.01542948041712498
0.5672815514253765 32.22198441201961 -5.771756783210225e-05 -0.01559600740038475
0.5705297047149251 32.40648176505482 -5.834004438990762e-05 -0.01576420833758188
0.5737964563526237 32.59203551712622 -5.896876766572324e-05 -0.01593409721597223
0.5770819128293063 32.77865171698683 -5.960378959450394e-05 -0.01610568806902897
0.5803861812455552 32.96633644802378 -6.024516228607279e-05 -0.01627899497747684
0.583709369315191 33.1550958284566 -6.08929380248703e-05 -0.01645403206922444
0.5870515853687848 33.3449360115366 -6.154716924756343e-05 -0.0166308135133138
0.5904129383571891 33.53586318574757 -6.220790854459589e-05 -0.01680935352033939
0.5937935378550898 33.72788357500742 -6.287520865904371e-05 -0.01698966634213881
0.5971934940645779 33.92100343887115 -6.354912246527284e-05 -0.01717176626602585
0.6006129178187418 34.11522907273482 -6.422970296826244e-05 -0.01735566761460762
0.6040519205852807 34.31056680804082 -6.491700330111382e-05 -0.01754138474511143
0.6075106144701379 34.50702301248426 -6.561107670499901e-05 -0.01772893204396665
0.6109891122211554 34.70460409022053 -6.631197652634073e-05 -0.01791832392604269
0.6144875272317493 34.90331648207409 -6.701975621248702e-05 -0.01810957483348027
0.6180059735446062 35.10316666574838 -6.773446929318442e-05 -0.01830269923068518
0.621544565855401 35.30416115603708 -6.845616937573463e-05 -0.01849771160301961
0.6251034195165355 35.50630650503636 -6.918491013831588e-05 -0.01869462645499745
0.6286826505408989 35.70960930235856 -6.992074531319931e-05 -0.01889345830574918
0.6322823756056495 35.91407617534695 -7.066372868004104e-05 -0.01909422168720929
0.6359027120560183 36.1197137892918 -7.141391405630381e-05 -0.01929693114152811
0.6395437779091344 36.32652884764767 -7.217135528241385e-05 -0.01950160121706096
0.6432056918578717 36.53452809225185 -7.293610621338805e-05 -0.01970824646610576
0.6468885732747185 36.74371830354425 -7.370822070578696e-05 -0.01991688144137753
0.6505925422156688 36.95410630078834 -7.448775260498036e-05 -0.02012752069256743
0.6543177194241357 37.16569894229349 -7.52747557353513e-05 -0.02034017876369573
0.658064226334888 37.37850312563852 -7.606928388319764e-05 -0.02055487018849158
0.661832185078008 37.5925257878966 -7.687139078623458e-05 -0.02077160948755653
0.6656217184828733 37.80777390586127 -7.768113012266345e-05 -0.02099041116541072
0.6694329500821606 38.02425449627404 -7.849855548943016e-05 -0.02121128970461808
0.6732660041158729 38.24197461605296 -7.932372039404551e-05 -0.02143425956357601
0.6771210055353891 38.46094136252277 -8.015667824285205e-05 -0.02165933517334503
0.6809980800075378 38.68116187364625 -8.09974823140516e-05 -0.02188653093036043
0.6848973539186932 38.90264332825684 -8.184618575186197e-05 -0.02211586119485332
0.6888189543788957 39.12539294629274 -8.270284155436478e-05 -0.02234734028756702
0.692763009225995 39.34941798903221 -8.356750254072652e-05 -0.02258098248089973
0.6967296470298175 39.57472575933031 -8.444022134763725e-05 -0.02281680199794224
0.7007189970963579 39.80132360185694 -8.53210504171736e-05 -0.02305481300919837
0.7047311894719936 40.02921890333629 -8.621004195765979e-05 -0.02329502962200911
0.7087663549477249 40.25841909278761 -8.710724794224972e-05 -0.02353746588016951
0.7128246250634377 40.48893164176737 -8.801272009729452e-05 -0.02378213576078542
0.7169061321121921 40.72076406461291 -8.892650985631532e-05 -0.02402905316183637
0.7210110091445349 40.95392391868724 -8.984866836050093e-05 -0.02427823190231003
0.7251393899728362 41.18841880462556 -9.077924644812573e-05 -0.02452968571934284
0.7292914091756524 41.42425636658292 -9.171829460113739e-05 -0.0247834282537873
0.7334672021021126 41.66144429248345 -9.266586294724553e-05 -0.02503947305077635
0.7376669048763308 41.89999031427097 -9.362200125099331e-05 -0.02529783355731086
0.7418906544018438 42.13990220816103 -9.45867588525013e-05 -0.02555852310570738
0.7461385883660734 42.38118779489442 -9.556018467071959e-05 -0.02582155491447695
0.7504108452448153 42.62385493999206 -9.65423271968141e-05 -0.02608694208653798
0.7547075643067528 42.86791155401152 -9.753323442465111e-05 -0.02635469759043233
0.7590288856179971 43.11336559280474 -9.853295385467858e-05 -0.02662483426137404
0.7633749500466529 43.36022505777749 -9.954153249034318e-05 -0.02689736480028123
0.7677458992674107 43.60849799615016 -0.0001005590167599536 -0.02717230175266253
0.772141875766165 43.8581925012201 -0.0001015854525205405 -0.02744965750966013
0.7765630228446594 44.10931671262544 -0.0001026208850580776 -0.0277294443081095
0.7810094846251576 44.36187881661041 -0.0001036653590004196 -0.02801167420701412
0.7854814060551419 44.61588704629226 -0.0001047189183203723 -0.02829635908837511
0.7899789329120379 44.87134968192956 -0.000105781606340544 -0.02858351065850206
0.794502211807967 45.12827505119218 -0.0001068534656371211 -0.02887314042201212
0.7990513901945254 45.3866715294328 -0.0001079345380412557 -0.02916525968220481
0.8036266163675911 45.64654753995978 -0.000109024864649425 -0.02945987954386133
0.8082280394721579 45.90791155431194 -0.0001101244857178823 -0.02975701088472391
0.8128558095071972 46.17077209253458 -0.0001112334406613426 -0.03005666435514059
0.8175100773305477 46.43513772345725 -0.0001123517680697745 -0.0303588503826027
0.8221909946638336 46.70101706497314 -0.0001134795055934474 -0.03066357914068304
0.8268987140974099 46.96841878431993 -0.0001146166899377656 -0.03097086054764009
0.8316333890953369 47.23735159836236 -0.0001157633568874609 -0.03128070427295518
0.836395174000383 47.50782427387641 -0.0001169195411822457 -0.03159311970373227
0.8411842240390556 47.77984562783505 -0.0001180852765065182 -0.0319081159419163
0.8460006953266614 48.05342452769567 -0.0001192605955219582 -0.03222570181310091
0.850844744872396 48.32856989168913 -0.0001204455297338963 -0.03254588583041978
0.8557165305844614 48.60529068911051 -0.0001216401094744808 -0.032868676189998
0.8606162112752139 48.88359594061149 -0.00012284436394471 -0.03319408078230993
0.8655439466663413 49.16349471849436 -0.0001240583210717344 -0.03352210715362025
0.8704998973940691 49.44499614700783 -0.000125282007483948 -0.03385276249925349
0.8754842250143975 49.72810940264444 -0.0001265154485635105 -0.03418605367778608
0.8804970920083676 50.01284371443966 -0.0001277586682949139 -0.03452198717012717
0.885538661787358 50.29920836427282 -0.0001290116892303378 -0.03486056907015725
0.8906090986984118 50.5872126871696 -0.0001302745325537246 -0.03520180510204202
0.895708568029594 50.87686607160641 -0.0001315472179210644 -0.03554570057707542
0.9008372360153797 51.16817795981639 -0.0001328297634142362 -0.03589226038120687
0.9059952698420731 51.46115784809722 -0.0001341221856176969 -0.03624148899576368
0.9111828376532575 51.75581528712072 -0.0001354244994510694 -0.03659339045221426
0.9164001085552762 52.05215988224413 -0.0001367367181095811 -0.03694796831607374
0.9216472526227456 52.35020129382327 -0.0001380588531544129 -0.03730522571131754
0.9269244409040991 52.64994923752743 -0.0001393909143383108 -0.03766516527325942
0.9322318454271628 52.95141348465611 -0.0001407329095306359 -0.03802778912829897
0.9375696392047638 53.25460386245752 -0.0001420848448223879 -0.03839309892230033
0.9429379962403697 53.55953025444897 -0.0001434467243457048 -0.03876109577181881
0.9483370915337611 53.866202600739 -0.0001448185501814523 -0.03913178023913028
0.9537671010867362 54.17463089835145 -0.0001462003224798886 -0.03950515236483641
0.9592282019088483 54.48482520155136 -0.0001475920392750655 -0.03988121161771342
0.9647205720231756 54.7967956221727 -0.0001489936963728176 -0.04025995686444547
0.9702443904721253 55.11055232994799 -0.0001504052874879671 -0.04064138640669906
0.9757998373232691 55.42610555283983 -0.0001518268040547922 -0.04102549792990919
0.9813870936752139 55.74346557737432 -0.0001532582350932289 -0.04141228846712555
0.987006341663505 56.06264274897639 -0.0001546995673634267 -0.04180175444077517
0.9926577644665633 56.38364747230703 -0.0001561507851736064 -0.04219389161074346
0.9983415463116567 56.70649021160244 -0.0001576118702222627 -0.04258869503173516
1.004057872480906 57.03118149101523 -0.0001590828017707679 -0.04298615909991419
1.009806929317324 57.35773189495738 -0.0001605635564501025 -0.04338627750067971
1.015588904230892 57.68615206844535 -0.0001620541080768491 -0.04378904315894549
1.021403985704664 58.0164527174471 -0.0001635544278444039 -0.04419444829080751
1.027252363300919 58.34864460923103 -0.0001650644841302226 -0.04460248435145951
1.033134227667332 58.68273857271701 -0.0001665842422834287 -0.04501314197780207
1.039049770543195 59.01874549882938 -0.0001681136648350296 -0.04542641104524563
1.044999184765664 59.35667634085196 -0.0001696527113074798 -0.04584228061625204
1.050982664276048 59.69654211478515 -0.0001712013379717954 -0.0462607388747039
1.057000404126126 60.03835389970502 -0.0001727594980769751 -0.04668177318789705
1.063052600484512 60.38212283812441 -0.0001743271416638406 -0.04710537005623773
1.069139450643046 60.72786013635626 -0.0001759042152896571 -0.04753151503883184
1.075261153023225 61.07557706487884 -0.000177490662276736 -0.04796019282066031
1.081417907182673 61.42528495870317 -0.0001790864225326614 -0.04839138716400219
1.087609913821645 61.77699521774252 -0.0001806914322405695 -0.0488250808247441
1.09383737478957 62.13071930718408 -0.0001823056241266491 -0.0492612556246624
1.100100493091631 62.48646875786262 -0.0001839289272890145 -0.04969989240518242
1.106399472895383 62.84425516663644 -0.0001855612668519875 -0.0501409709339611
1.112734519537408 63.20409019676538 -0.000187202564251925 -0.05058446998212126
1.119105839530008 63.56598557829103 -0.0001888527370771311 -0.05103036728099383
1.125513640567939 63.92995310841912 -0.000190511698684739 -0.05147863941859448
1.131958131535179 64.29600465190407 -0.0001921793585039639 -0.05192926192156643
1.138439522511738 64.66415214143581 -0.0001938556218895759 -0.052382209215587
1.14495802478051 65.03440757802866 -0.0001955403897002791 -0.05283745451144029
1.151513850834154 65.40678303141269 -0.0001972335586181284 -0.05329496989132766
1.158107214382025 65.78129064042704 -0.0001989350210181927 -0.05375472627364906
1.16473833035714 66.15794261341573 -0.0002006446645076933 -0.05421669328847262
1.171407414923184 66.53675122862556 -0.0002023623722599226 -0.05468083936776334
1.178114685481559 66.91772883460641 -0.000204088022902823 -0.05514713171527599
1.184860360678465 67.30088785061372 -0.0002058214900185684 -0.05561553617133577
1.191644660412033 67.68624076701343 -0.0002075626424898878 -0.05608601730641909
1.198467805839493 68.07380014568902 -0.000209311344410361 -0.0565585383969145
1.20533001938438 68.46357862045119 -0.0002110674545446122 -0.0570330612792602
1.212231524743787 68.85558889744949 -0.0002128308266844741 -0.05750954644618404
1.219172546895658 69.24984375558668 -0.0002146013095838569 -0.05798795302910439
1.226153312106119 69.64635604693524 -0.0002163787463802633 -0.05846823864181609
1.233174047936856 70.04513869715629 -0.0002181629749577206 -0.05895035947855941
1.240234983252534 70.44620470592105 -0.0002199538279091873 -0.05943427030386173
1.247336348228255 70.8495671473345 -0.0002217511319205458 -0.05991992428608474
1.254478374357064 71.25523917036165 -0.0002235547081368397 -0.06040727309638638
1.261661294457492 71.66323399925612 -0.0002253643721552481 -0.0608962669068222
1.26888534268115 72.07356493399125 -0.000227179933373099 -0.06138685421417065
1.276150754520357 72.48624535069371 -0.0002290011953536702 -0.06187898193877705
1.283457766815821 72.90128870207944 -0.0002308279558527576 -0.06237259543173252
1.290806617764357 73.31870851789226 -0.0002326600061326526 -0.0628676382895022
1.298197546926653 73.73851840534488 -0.000234497131323524 -0.06336405245157517
1.305630795235079 74.16073204956254 -0.0002363391104865613 -0.06386177821752657
1.31310660500154 74.58536321402906 -0.0002381857158962743 -0.06436075405308586
1.320625219925376 75.01242574103544 -0.0002400367133932644 -0.06486091668546026
1.328186885101307 75.44193355213129 -0.0002418918624868475 -0.06536220113106447
1.335791847027421 75.87390064857844 -0.0002437509156084501 -0.06586454049377921
1.343440353613212 76.30834111180755 -0.0002456136184514179 -0.06636786605677157
1.351132654187656 76.74526910387696 -0.0002474797101158969 -0.06687210732164388
1.358868999507346 77.18469886793451 -0.0002493489223365252 -0.06737719179974611
1.366649641764661 77.62664472868171 -0.0002512209798048151 -0.06788304509928789
1.374474834595989 78.07112109284083 -0.000253095600358907 -0.06838959097661207
1.382344833089994 78.51814244962439 -0.0002549724941891683 -0.06889675112153786
1.390259893795934 78.96772337120764 -0.0002568513641386391 -0.06940444523854478
1.398220274732022 79.41987851320346 -0.0002587319059400553 -0.06991259111081953
1.406226235393836 79.87462261514018 -0.0002606138074033815 -0.07042110438071696
1.41427803676278 80.33197050094209 -0.000262496748689822 -0.07092989862380153
1.422375941314594 80.79193707941256 -0.0002643804025982479 -0.07143888542624323
1.430520213027903 81.25453734472021 -0.0002662644337390828 -0.07194797416159138
1.438711117392829 81.71978637688746 -0.0002681484987774768 -0.07245707205648322
1.446948921419644 82.18769934228241 -0.0002700322467709544 -0.07296608428188049
1.455233893647471 82.658291494113 -0.0002719153183344462 -0.07347491372745073
1.463566304153043 83.13157817292436 -0.0002737973458483974 -0.07398346105780075
1.471946424559501 83.60757480709883 -0.0002756779538490841 -0.07449162481794483
1.480374528045255 84.08629691335894 -0.0002775567581899332 -0.07499930120668309
1.488850889352885 84.56776009727319 -0.0002794333662106005 -0.07550638412228838
1.497375784798097 85.05198005376486 -0.0002813073771809774 -0.07601276528248248
1.505949492278732 85.53897256762346 -0.0002831783814642551 -0.07651833399828548
1.514572291283827 86.0287535140195 -0.0002850459606433642 -0.07702297720818162
1.52324446290272 86.52133885902182 -0.0002869096880192229 -0.07752657961275186
1.531966289834218 87.01674466011821 -0.000288769127781267 -0.0780290234505409
1.540738056395813 87.51498706673867 -0.0002906238350881093 -0.07853018851985226
1.549560048532945 88.01608232078208 -0.0002924733566200419 -0.0790299523280415
1.558432553828329 88.52004675714545 -0.0002943172297629836 -0.07952818987100838
1.567355861511327 89.02689680425655 -0.0002961549826407747 -0.08002477364192336
1.576330262467377 89.53664898460944 -0.0002979861347213776 -0.08051957379503079
1.585356049247474 90.04931991530296 -0.0002998101960203478 -0.08101245793041656
1.594433516077711 90.56492630858257 -0.0003016266670828585 -0.08150329108915103
1.603562958868864 91.08348497238507 -0.0003034350396424156 -0.08199193593128205
1.612744675226042 91.60501281088649 -0.0003052347958500564 -0.08247825252755489
1.621978964458391 92.12952682505316 -0.0003070254082049844 -0.08296209834066876
1.631266127588844 92.65704411319595 -0.0003088063402639495 -0.08344332841696026
1.640606467363941 93.18758187152761 -0.0003105770459024018 -0.08392179518675792
1.650000288263692 93.72115739472335 -0.0003123369691935073 -0.08439734843169082
1.659447896511507 94.25778807648457 -0.0003140855451656472 -0.08486983548937418
1.668949600084177 94.79749141010601 -0.000315822199101695 -0.08533910106406535
1.678505708721913 95.34028498904577 -0.0003175463463671835 -0.08580498718023251
1.688116533938443 95.8861865074991 -0.0003192573932126573 -0.08626733339936013
1.697782389031167 96.43521376097496 -0.0003209547361170865 -0.08672597664253132
1.707503589091372 96.98738464687631 -0.0003226377615670599 -0.08718075113076298
1.717280451014499 97.54271716508337 -0.0003243058468999867 -0.08763148861284949
1.727113293510478 98.10122941854056 -0.0003259583596974151 -0.0880780182014298
1.737002437114114 98.66293961384646 -0.0003275946575183184 -0.08852016630091794
1.746948204195539 99.22786606184751 -0.0003292140887784082 -0.08895775684510451
1.756950918970718 99.79602717823465 -0.0003308159921987714 -0.08939061114817148
1.767010907512018 100.3674414841439 -0.0003323996964975937 -0.08981854782139208
1.77712849775884 100.94212760676 -0.000333964521300124 -0.09024138301901444
1.787304019528307 101.5201042799236 -0.0003355097766475821 -0.09065893030556235
1.797537804526016 102.1013903447421 -0.0003370347626530072 -0.09107100056284138
1.807830186356852 102.6860047502035 -0.0003385387704357227 -0.09147740224244266
1.818181500535862 103.2739665537945 -0.0003400210816948889 -0.09187794125051173
1.828592084499192 103.8652949221216 -0.0003414809683365583 -0.09227242084697412
1.839062277615088 104.4600091315358 -0.0003429176934258512 -0.09266064190282512
1.849592421194957 105.0581285687612 -0.000344330510828831 -0.09304240280335999
1.860182858504496 105.6596727315266 -0.000345718664819267 -0.09341749934191636
1.87083393477488 106.2646612292015 -0.0003470813910411643 -0.09378572497996181
1.881545997214015 106.8731137834352 -0.0003484179162218281 -0.09414687076956038
1.89231939501786 107.4850502287994 -0.0003497274577682482 -0.09450072524431043
1.903154479381805 108.1004905134354 -0.0003510092247321614 -0.09484707468011672
1.914051603512126 108.7194546997037 -0.0003522624175962323 -0.09518570303741364
1.925011122637492 109.3419629648385 -0.0003534862278713647 -0.0955163918523539
1.93603339402055 109.9680356016051 -0.0003546798390561273 -0.09583892049605716
1.947118776969569 110.5976930189617 -0.0003558424264969259 -0.09615306613682695
1.958267632850152 111.2309557427245 -0.0003569731569988652 -0.09645860363500057
1.969480325097021 111.8678444162369 -0.0003580711897711775 -0.09675530579841575
1.980757219225856 112.5083798010424 -0.0003591356763610924 -0.09704294336454147
1.992098682845217 113.1525827775614 -0.0003601657602920873 -0.09732128490272875
2.003505085668525 113.8004743457719 -0.000361160577986946 -0.09759009706363238
2.014976799526115 114.4520756258939 -0.0003621192587737591 -0.09784914458083263
2.026514198377355 115.1074078590784 -0.0003630409245664618 -0.09809819018451239
2.038117658322839 115.7664924080989 -0.0003639246907573538 -0.09833699484262716
2.049787557616645 116.4293507580489 -0.0003647696662922917 -0.09856531778122309
2.061524276678668 117.0960045170413 -0.000365574953409273 -0.09878291641379905
2.073328198107019 117.7664754169134 -0.0003663396484927025 -0.09898954657214003
2.085199706690497 118.4407853139352 -0.0003670628422133743 -0.09918496254414216
2.097139189421135 119.1189561895216 -0.000367743619341478 -0.09936891702328451
2.109147035506811 119.8010101509494 -0.0003683810595556223 -0.09954116132723745
2.121223636383941 120.4869694320776 -0.0003689742376416806 -0.09970144545159319
2.133369385730234 121.1768563940724 -0.0003695222233968922 -0.09984951804395273
2.145584679477528 121.870693526136 -0.0003700240823877074 -0.09998512660870498
2.157869915824698 122.5685034462398 -0.0003704788761999849 -0.1001080175746335
2.170225495250633 123.2703089018616 -0.000370885662450799 -0.1002179362981065
2.182651820527294 123.9761327707274 -0.0003712434954905556 -0.1003146272527978
2.195149296732842 124.6859980615568 -0.0003715514266954568 -0.1003978341087141
2.207718331264844 125.3999279148135 -0.0003718085046030617 -0.1004672997688255
2.220359333853552 126.1179456034589 -0.0003720137755559841 -0.1005227665430003
2.233072716575262 126.8400745337117 -0.0003721662840258363 -0.1005639762355389
2.245858893865745 127.5663382458104 -0.0003722650728877063 -0.1005906702193409
2.258718282533758 128.2967604147804 -0.000372309184004888 -0.1006025895939065
2.271651301774629 129.0313648512064 -0.0003722976585717793 -0.1005994752779918
2.284658373183926 129.7701755020081 -0.0003722295375412702 -0.1005810681250946
2.297739920771197 130.5132164512211 -0.0003721038621522876 -0.1005471090660033
2.310896370973794 131.2605119207819 -0.0003719196742773914 -0.1004973392027218
2.324128152670774 132.0120862713175 -0.0003716760170156303 -0.1004314999686668
2.337435697196877 132.7679640029393 -0.0003713719351671535 -0.1003493332569134
2.350819438356591 133.5281697560424 -0.0003710064755695836 -0.1002505815110875
2.364279812438291 134.2927283121081 -0.0003705786878671591 -0.1001349879331978
2.377817258228462 135.0616645945122 -0.0003700876249392549 -0.100002296599427
2.391432217026 135.8350036693371 -0.0003695323432080329 -0.09985225254326321
2.405125132656603 136.6127707461895 -0.0003689119035926707 -0.09968460201334432
2.418896451487236 137.3949911790216 -0.0003682253719012965 -0.09949909257936372
2.432746622440678 138.1816904669577 -0.0003674718190909598 -0.09929547320231757
2.446676097010165 138.9728942551258 -0.0003666503224134537 -0.09907349454412039
2.4606853292741 139.7686283354932 -0.0003657599657828481 -0.09883290906691695
2.474774775910859 140.5689186477075 -0.0003647998399675382 -0.09857347108497648
2.488944896213677 141.373791279942 -0.0003637690439316159 -0.09829493712714761
2.503196152105621 142.1832724697464 -0.0003626666851928228 -0.09799706603358201
2.517529008154645 142.9973886049019 -0.0003614918799253576 -0.09767961898351404
2.53194393158874 143.8161662242811 -0.0003602437544979541 -0.0973423599108688
2.54644139231116 144.6396320187141 -0.0003589214458396224 -0.09698505560308983
2.56102186291574 145.4678128318575 -0.000357524101431065 -0.09660747569881975
2.575685818702304 146.3007356610699 -0.0003560508810376132 -0.09620939315616117
2.590433737692161 147.1384276582922 -0.0003545009571024952 -0.09579058435894279
2.60526610064368 147.9809161309323 -0.000352873514604181 -0.09535082907817208
2.620183391067972 148.8282285427556 -0.0003511677529791329 -0.09488991099158654
2.635186095244643 149.68039251478 -0.0003493828865644823 -0.09440761780327057
2.650274702237652 150.5374358261766 -0.000347518144298416 -0.0939037411626959
2.665449703911249 151.399386415175 -0.0003455727718243698 -0.09337807723330116
2.680711594946012 152.2662723799741 -0.0003435460320068139 -0.09283042683186352
2.696060872854974 153.138121979658 -0.0003414372044519705 -0.09226059529899043
2.711498037999836 154.0149636351177 -0.0003392455877816526 -0.09166839311353947
2.727023593607283 154.8968259299766 -0.0003369705002472904 -0.09105363605853584
2.742638045785387 155.7837376115233 -0.0003346112790488498 -0.09041614503713562
2.758341903540104 156.675727591648 -0.0003321672827630478 -0.08975574672875988
2.774135678791866 157.5728249477854 -0.0003296378920817268 -0.08907227378861277
2.790019886392273 158.4750589238623 -0.0003270225089078639 -0.0883655646034118
2.805995044140873 159.3824589312512 -0.0003243205589194397 -0.08763546398417719
2.822061672802042 160.2950545497286 -0.0003215314924586961 -0.08688182340652056
2.83822029612196 161.2128755284398 -0.0003186547833856172 -0.08610450070084101
2.854471440845683 162.1359517868684 -0.0003156899317553504 -0.08530336077579784
2.870815636734318 163.0643134158115 -0.0003126364648847109 -0.08447827590649336
2.88725341658229 163.9979906783607 -0.00030949393594548 -0.08362912535436443
2.903785316234708 164.9370140108891 -0.0003062619267300565 -0.08275579611449613
2.920411874604836 165.8814140240424 -0.0003029400489207171 -0.08185818325859169
2.937133633691659 166.8312215037381 -0.0002995279424075492 -0.08093618948045697
2.953951138597553 167.7864674121678 -0.0002960252781139955 -0.0799897258594978
2.970864937546053 168.7471828888076 -0.0002924317594928142 -0.07901871226494729
2.987875581899722 169.7133992514323 -0.0002887471205564125 -0.07802307682363706
3.00498362617813 170.685147997137 -0.0002849711287312362 -0.0770027566912893
3.022189628075927 171.6624608033634 -0.000281103586602034 -0.07595769852383844
3.039494148481022 172.6453695289326 -0.0002771443296457942 -0.07488785786511278
3.05689775149287 173.6339062150838 -0.000273093229081581 -0.07379319991689563
3.074401004440858 174.6281030865184 -0.0002689501938815793 -0.07267370008233498
3.0920044779028 175.627992552451 -0.0002647151682037218 -0.0715293432722071
3.109708745723539 176.6336072076653 -0.000260388134201668 -0.07036012466420793
3.127514385033649 177.6449798335771 -0.0002559691143171736 -0.06916605032238007
3.145421976268253 178.6621433993028 -0.0002514581684107904 -0.06794713642179194
3.163432103185941 179.6851310627339 -0.0002468553964952969 -0.0667034099871449
3.181545352887802 180.7139761716184 -0.0002421609413192089 -0.06543490959087005
3.199762315836561 181.7487122646473 -0.0002373749851995872 -0.06414168449731332
3.218083585875827 182.7893730725482 -0.0002324977526414202 -0.06282379537052543
3.236509760249453 183.8359925191851 -0.0002275295132166049 -0.0614813150521984
3.255041439621003 184.8886047226637 -0.000222470578107833 -0.06011432762778046
3.273679228093334 185.947243996444 -0.0002173213025762661 -0.05872292909327275
3.292423733228289 187.011944850459 -0.000212082089134122 -0.05730722821250162
3.311275566066502 188.0827419922392 -0.0002067533838137381 -0.05586734550897312
3.330235341147317 189.1596703280442 -0.0002013356784464231 -0.0544034138816471
3.34930367652882 190.2427649640008 -0.0001958295141199608 -0.05291557953919795
3.36848119380799 191.3320612072472 -0.0001902354771921757 -0.05140400092283017
3.387768518140957 192.4275945670839 -0.0001845542013451242 -0.04986884926134661
3.407166278263386 193.5294007561315 -0.0001787863713115012 -0.04831030957806991
3.426675106510969 194.6375156914946 -0.0001729327186572149 -0.0467285795512417
3.446295638840041 195.7519754959327 -0.0001669940235771468 -0.04512386999925922
3.46602851484831 196.872816499038 -0.0001609711188667365 -0.04349640595384726
3.485874377795706 198.0000752384194 -0.0001548648855030965 -0.04184642546602017
3.505833874625349 199.1337884608934 -0.0001486762541514234 -0.04017418001313289
3.525907655984645 200.2739931236826 -0.0001424062093501141 -0.03847993562975167
3.546096376246488 201.42072639562 -0.000136055784924666 -0.03676397166843265
3.566400693530595 202.5740256583605 -0.0001296260651774652 -0.0350265811212175
3.586821269724961 203.7339285076 -0.0001231181892468059 -0.03326807179749483
3.607358770507432 204.9004727543006 -0.0001165333463922239 -0.03148876505003843
3.628013865367409 206.073696425923 -0.0001098727768446705 -0.02968899600473498
3.648787227627667 207.2536377676667 -0.00010313777629136 -0.02786911477244571
3.669679534466313 208.4403352437162 -9.632969107741341e-05 -0.02602948515243069
3.69069146693885 209.6338275384952 -8.944991869619639e-05 -0.02417048476484427
3.711823710000385 210.8341535579276 -8.249991233508065e-05 -0.02229250627905654
3.73307695252796 212.0413524307054 -7.548117607856216e-05 -0.02039595611747597
3.754451887343 213.2554635095649 -6.83952650083024e-05 -0.01848125448258183
3.775949211233902 214.4765263725689 -6.124378965111974e-05 -0.016548836558827
3.797569624978753 215.7045808243972 -5.40284113110737e-05 -0.01459915125130881
3.819313833368169 216.9396668976443 -4.675084183515829e-05 -0.01263266112245653
3.841182545228271 218.1818248541239 -3.941284800639461e-05 -0.01064984357909977
3.863176473443794 219.431095186182 -3.201624677852777e-05 -0.008651189584824137
3.885296334981321 220.6875186180165 -2.456290466893197e-05 -0.006637203495926573
3.907542850912662 221.9511361070046 -1.70547421680464e-05 -0.004608404252900023
3.929916746438355 223.2219888450385 -9.493729033342893e-06 -0.002565324108804714
3.952418750911305 224.5001182598674 -1.881883296824929e-06 -0.0005085083610820097
3.975049597860564 225.785566016449 5.778724538813081e-06 0.001561483514590971
3.997810025015242 227.0783740183066 1.348597605281933e-05 0.003644079094479768
4.020700774328551 228.3785844088959 2.123770624527662e-05 0.005738693368577923
4.043722592001999 229.6862395729785 2.903169960895162e-05 0.007844727679171595
4.06687622850971 231.0013821380037 3.686569451254606e-05 0.009961570905248766
4.090162438622888 232.3240549754977 4.473738486373877e-05 0.01208859991187396
4.113581981434423 233.6543012024618 5.264441650796153e-05 0.01422517857709252
4.137135620383638 234.9921641827773 6.058439141639407e-05 0.01637065892357913
4.160824123281173 236.3376875286195 6.855486964199259e-05 0.01852438164718116
4.184648262334012 237.6909151018793 7.655336611072904e-05 0.02068567524987144
4.208608814170664 239.0518910155928 8.457735459214165e-05 0.0228538571126406
4.232706559866471 240.4206596353797 9.262426990739274e-05 0.02502823409214186
4.256942284969075 241.7972655808893 0.0001006915051722667 0.02720810177571464
4.281316779524023 243.1817537272551 0.0001087764155390485 0.02939274549248684
4.305830838100525 244.5741692065575 0.000116876320607904 0.03158144096495999
4.33048525981735 245.9745574092953 0.0001249885021736538 0.03377345370015931
4.355280848368881 247.3829639858651 0.0001331102077371334 0.03596803993844711
4.38021841205131 248.7994348480498 0.0001412386530638383 0.03816444734490063
4.40529876378899 250.2240161705148 0.0001493710204788623 0.04036191454858308
4.430522721160937 251.6567543923133 0.0001575044621554829 0.04255967203116051
4.455891106427476 253.0976962184006 0.0001656361027582381 0.04475694284109407
4.481404746557049 254.5468886211561 0.0001737630383215115 0.04695294229061983
4.507064473253171 256.0043788419145 0.0001818823393328414 0.04914687878889726
4.532871122981549 257.4702143925064 0.0001899910533917392 0.05133795456045525
4.558825536997336 258.9444430568062 0.0001980862046974026 0.05352536550676579
4.584928561372568 260.4271128922908 0.0002061647969538219 0.0557083019912399
4.611181047023737 261.9182722316053 0.0002142238159708735 0.05788594954207572
4.637583849739532 263.4179696841389 0.0002222602297756918 0.06005748888235247
4.664137830208736 264.9262541376098 0.0002302709913758536 0.06222209667667732
4.690843854048281 266.4431747596584 0.0002382530412257405 0.06437894619762743
4.717702791831472 267.9687809994502 0.0002462033079644544 0.06652720752514391
4.744715519116356 269.5031225892881 0.0002541187110817556 0.06866604826690151
4.771882916474276 271.046249546233 0.0002619961631706268 0.07079463416697956
4.799205869518564 272.5982121737348 0.0002698325712824675 0.07291212947205244
4.826685268933422 274.1590610632719 0.0002776248395478454 0.07501769763954934
4.854322010502946 275.7288470960006 0.0002853698711356783 0.07711050186704961
4.882116995140336 277.3076214444136 0.0002930645702040843 0.07918970561942679
4.91007112891726 278.8954355740082 0.0003007058445340299 0.08125447334049349
4.938185323093392 280.492341244964 0.0003082906071167482 0.08330397088194121
4.966460494146115 282.0983905138303 0.0003158157786662866 0.0853373661822624
4.994897563800399 283.7136357352226 0.0003232782903285818 0.08735382999877617
5.023497459058849 285.3381295635299 0.0003306750848216816 0.08935253621573057
5.052261112231919 286.971924954631 0.0003380031194640335 0.09133266266258387
5.081189460968311 288.6150751676203 0.0003452593690241261 0.09329339188401341
5.110283448285533 290.2676337665443 0.0003524408263428493 0.0952339113080848
5.139544022600646 291.9296546221482 0.0003595445058201739 0.09715341418839668
5.168972137761176 293.6011919136311 0.0003665674464710871 0.09905110042983226
5.198568753076213 295.2823001304124 0.0003735067119659921 0.100926176599476
5.228334833347678 296.9730340739086 0.0003803593945079419 0.1027778569742907
5.258271348901778 298.6734488593192 0.0003871226181590126 0.1046053644399446
5.288379275620635 300.3835999174236 0.0003937935382429592 0.1064079303294023
5.318659594974097 302.103542996388 0.0004003693455358561 0.1081847955552874
5.349113294051735 303.8333341635824 0.0004068472699232192 0.1099352115980829
5.37974136559502 305.5730298074091 0.0004132245791190927 0.1116584401600124
5.410544808029684 307.3226866391399 0.0004194985830850694 0.1133537543591147
5.441524625498265 309.0823616947656 0.0004256666380723773 0.1150204398214659
5.472681827892846 310.8521123368545 0.0004317261446230071 0.116657794141059
5.504017430887968 312.6319962564234 0.0004376745521258922 0.118265128110941
5.535532455973749 314.422071474817 0.0004435093632898453 0.1198417669318555
5.567227930489175 316.2223963456002 0.0004492281314050614 0.1213870494722675
5.599104887655592 318.0330295564601 0.000454828464940904 0.1229003295107421
5.631164366610388 319.8540301311189 0.0004603080324851681 0.1243809770705951
5.663407412440868 321.685457431258 0.0004656645592580271 0.1258283774779179
5.695835076218321 323.5273711584538 0.0004708958316535949 0.1272419325887645
5.728448415032282 325.3798313561227 0.0004759997026686625 0.1286210622560637
5.761248492024992 327.2428984114792 0.0004809740876756299 0.1299652031874124
5.794236376426059 329.1166330575044 0.0004858169688098813 0.1312738101305997
5.827413143587306 331.0010963749256 0.000490526400897201 0.1325463574752678
5.86077987501783 332.8963497942073 0.0004951005065070773 0.133782337916254
5.894337658419259 334.8024550975543 0.0004995374800900197 0.1349812635715446
5.928087587721205 336.7194744209248 0.0005038355943976367 0.1361426677170604
5.962030763116926 338.6474702560569 0.000507993194852557 0.1372661032653393
5.996168291099194 340.5865054525052 0.0005120087033441451 0.1383511437911856
6.030501284496359 342.5366432196892 0.0005158806251191162 0.1393973853936007
6.065030862508628 344.4979471289549 0.000519607542518801 0.1404044450035134
6.099758150744552 346.4704811156465 0.0005231881183482329 0.1413719612941496
6.134684281257715 348.4543094811902 0.0005266211031986571 0.1422995966596656
6.169810392583637 350.4494968951909 0.0005299053286165408 0.1431870353693292
6.205137629776891 352.4561083975402 0.0005330397099696175 0.1440339843419612
6.24066714444843 354.4742094005368 0.0005360232541462137 0.1448401752263887
6.276400094803127 356.5038656910181 0.0005388550522328839 0.1456053624228516
6.312337645677527 358.5451434325055 0.0005415342818115258 0.1463293237037112
6.348480968577824 360.598109167361 0.0005440602149646484 0.1470118623765737
6.384831241718048 362.6628298189563 0.0005464322105493783 0.1476528051966305
6.421389650058474 364.7393726938542 0.0005486497158719994 0.1482520028191394
6.458157385344247 366.8278054840034 0.000550712274913663 0.1488093320221144
6.495135646144234 368.9281962689441 0.0005526195202973776 0.1493246935357057
6.532325637890092 371.0406135180283 0.0005543711743000261 0.14979801231566
6.56972857291557 373.1651260926511 0.0005559670572001149 0.1502292397989859
6.607345670496019 375.3018032484956 0.0005574070790408923 0.1506183516782462
6.645178156888148 377.450714637791 0.000558691239954722 0.150965347989207
6.683227265369992 379.6119303115823 0.0005598196385238224 0.1512702553700147
6.721494236281116 381.7855207220148 0.000560792463446642 0.1515331248093457
6.759980317063051 383.9715567246299 0.0005616099931646297 0.1517540315455557
6.798686762299955 386.1701095806756 0.0005622726041199223 0.1519330772980098
6.837614833759512 388.3812509594284 0.0005627807624325937 0.1520703880181712
6.876765800434062 390.6050529405313 0.0005631350228344018 0.1521661136014864
6.916140938581973 392.8415880163419 0.0005633360367064537 0.1522204300592626
6.955741531769237 395.0909290942963 0.0005633845438694262 0.1522335373002831
6.995568870911321 397.3531494992855 0.0005632813708447866 0.1522056586609669
7.035624254315242 399.6283229760461 0.0005630274385580298 0.15213704298688
7.075908987721892 401.9165236915636 0.0005626237543349629 0.1520279624700314
7.116424384348603 404.2178262374907 0.0005620714095269704 0.1518787120071902
7.157171764931958 406.5323056325784 0.0005613715867709111 0.1516896111616
7.19815245777084 408.8600373251223 0.0005605255522731687 0.1514610020780337
7.239367798769738 411.2010971954206 0.0005595346528509293 0.1511932486833093
7.28081913148229 413.5555615582494 0.0005584003226480284 0.1508867385009956
7.322507807155085 415.9235071653493 0.0005571240757754909 0.1505418806627943
7.364435184771708 418.3050112079278 0.0005557075028351757 0.1501591049691856
7.406602631097046 420.7001513191753 0.0005541522770014357 0.1497388635327682
7.449011520721834 423.1090055767966 0.0005524601470711482 0.1492816289002912
7.491663236107471 425.5316525055548 0.0005506329335498329 0.1487878929950741
7.534559167631086 427.9681710798325 0.0005486725340238623 0.1482581685686449
7.577700713630857 430.4186407262051 0.0005465809166557519 0.1476929874430868
7.6210892804516 432.8831413260307 0.0005443601159234601 0.1470928993597435
7.664726282490611 435.3617532180539 0.0005420122372220215 0.146458473222638
7.708613142243773 437.8545572010244 0.0005395394508254052 0.1457902954668916
7.752751290351927 440.3616345363314 0.0005369439873790593 0.1450889688407525
7.79714216564751 442.8830669506523 0.0005342281416858472 0.144355113428604
7.841787215201458 445.4189366386169 0.000531394267138949 0.143589365146664
7.886687894370375 447.9693262654868 0.000528444771074764 0.142792374487282
7.931845666843983 450.5343189698503 0.0005253821177160029 0.1419648073141988
7.977262004692826 453.1139983663325 0.000522208823064156 0.141107343482428
8.022938388416266 455.7084485483206 0.0005189274502242039 0.1402206755749343
8.06887630699074 458.3177540907062 0.0005155406114958617 0.1393055094677139
8.115077257918298 460.9420000526412 0.0005120509636995155 0.1383625630668041
8.161542747275421 463.5812719803112 0.0005084612035858785 0.1373925650679149
8.208274289762118 466.2356559097241 0.0005047740690844961 0.1363962552937911
8.255273408751298 468.9052383695148 0.0005009923350240504 0.1353743835377849
8.302541636338434 471.5901063837655 0.0004971188087390432 0.1343277083767267
8.350080513391505 474.290347474843 0.0004931563305023014 0.1332569972877934
8.397891589601228 477.0060496662516 0.0004891077695895716 0.1321630255851132
8.445976423531569 479.7373014855024 0.0004849760201915046 0.1310465753151324
8.494336582670558 482.4841919669995 0.0004807640010735946 0.1299084351647266
8.542973643481382 485.2468106549421 0.0004764746519263384 0.1287493994749685
8.591889191453774 488.0252476062435 0.0004721109296843449 0.1275702672465051
8.641084821155701 490.8195933934667 0.0004676758074724554 0.1263718418547863
8.690562136285342 493.6299391077775 0.0004631722711766637 0.1251549301234849
8.740322749723369 496.4563763619133 0.0004586033162632367 0.123920341464983
8.790368283585517 499.2989972931696 0.0004539719460833209 0.1226688874222554
8.840700369275471 502.1578945664039 0.0004492811685963949 0.121401380783506
8.891320647538041 505.0331613770561 0.0004445339937712248 0.1201186348798733
8.942230768512655 507.9248914541866 0.0004397334313327332 0.1188214629766061
8.993432391787138 510.8331790635317 0.0004348824875683693 0.117510677410105
9.044927186451828 513.7581190105768 0.0004299841633813519 0.1161870890618843
9.096716831153971 516.6998066436462 0.0004250414515729297 0.1148515066242049
9.148803014152453 519.6583378570123 0.00042005733365304 0.1135047357382745
9.201187433372827 522.6338090940204 0.0004150347786274302 0.1121475786665123
9.253871796462668 525.626317350234 0.0004099767399161188 0.1107808334598793
9.306857820847238 528.6359601765953 0.0004048861519385406 0.1094052930351412
9.360147233785467 531.6628356826061 0.0003997659299397636 0.1080217451279107
9.413741772426265 534.7070425395258 0.0003946189668116045 0.1066309714336728
9.467643183865148 537.7686799835878 0.000389448128909663 0.1052337464774955
9.521853225201189 540.8478478192347 0.0003842562568402915 0.1038308378266786
9.576373663594302 543.9446464223714 0.0003790461623394312 0.1024230052473764
9.631206276322837 547.0591767436375 0.0003738206243103315 0.1010109996339398
9.68635285084153 550.1915403116977 0.0003685823898900954 0.09959556329711079
9.741815184839762 553.3418392365525 0.0003633341709929414 0.09817742902996782
9.797595086300165 556.5101762128652 0.0003580786409266413 0.09675731919364565
9.853694373557556 559.6966545233112 0.0003528184355866495 0.09533594604000376
9.910114875358216 562.9013780419436 0.000347556149769342 0.09391401071541752
9.966858430919503 566.1244512375803 0.0003422943347147667 0.09249220259679877
10.0239268899898 569.3659791772089 0.0003370354996375265 0.09107119970525933
10.08132211290884 572.6260675294119 0.0003317821078319941 0.08965166765369159
10.1390459706683 575.9048225678113 0.0003265365734388689 0.08823425877305176
10.19710034497284 579.2023511745327 0.0003213012644398283 0.08681961292155202
10.25548712830143 582.5187608436904 0.0003160784993732713 0.08540835659721348
10.31420822396903 585.8541596848902 0.0003108705431338774 0.08400110180285446
10.37326554618865 589.2086564267544 0.0003056796107711238 0.08259844707249743
10.43266102013374 592.5823604204667 0.0003005078646203999 0.08120097669616014
10.49239658200094 595.9753816433355 0.0002953574098253162 0.07980925950992769
10.55247417907323 599.3878307023799 0.0002902302987016911 0.07842385007515632
10.61289576978336 602.8198188379353 0.0002851285282351016 0.07704528800228014
10.67366332377774 606.2714579272792 0.000280054035422875 0.07567409669215937
10.73477882198062 609.7428604882789 0.0002750087021130862 0.07431078464363766
10.79624425665866 613.2341396830587 0.0002699943529110124 0.07295584488784011
10.85806163148589 616.745409321689 0.0002650127503822268 0.0716097536919893
10.92023296160903 620.2767838658967 0.0002600656002787011 0.07027297197156331
10.98276027371315 623.8283784327963 0.0002551545498904839 0.06894594484489881
11.04564560608779 627.4003087986417 0.0002502811831557009 0.06762910031185194
11.10889100869335 630.9926914026021 0.0002454470261815861 0.06632285074565
11.17249854322794 634.6056433505556 0.0002406535460647021 0.06502759257410003
11.23647028319459 638.2392824189088 0.00023590214596058 0.06374370494734419
11.30080831396884 641.8937270584343 0.0002311941708050884 0.06247155128384494
11.36551473286674 645.5690963981328 0.0002265309066131854 0.0612114790808992
11.43059164921315 649.2655102491168 0.0002219135755661281 0.05996381858714084
11.4960411844106 652.983089108516 0.0002173433418386284 0.05872888437711114
11.56186547200836 656.7219541634048 0.000212821311373303 0.05750697529031217
11.62806665777205 660.4822272947536 0.0002083485270463662 0.05629837312491685
11.69464689975353 664.2640310814013 0.0002039259745085684 0.05510334421606316
11.76160836836131 668.0674888040515 0.0001995545824204562 0.05392213949942469
11.82895324643126 671.8927244492913 0.0001952352177581676 0.05275499324277758
11.89668372929779 675.7398627136331 0.0001909686915810912 0.05160212460449428
11.96480202486538 679.609029007579 0.0001867557597023267 0.05046373781471027
12.03331035368061 683.5003494597094 0.00018259711819313 0.04934002096056894
12.1022109490045 687.4139509207948 0.0001784934090010258 0.04823114750430582
12.17150605688532 691.3499609679305 0.0001744452210173401 0.04713727657170921
12.24119793623182 695.3085079086954 0.0001704530858226904 0.04605855180249841
12.31128885888686 699.2897207853348 0.0001665174831372433 0.04499510282305149
12.38178110970147 703.2937293789674 0.0001626388421827713 0.04394704561444999
12.45267698660932 707.3206642138149 0.0001588175375674801 0.04291448140050785
12.52397880070165 711.370656561458 0.000155053895227018 0.04189749825310642
12.59568887630259 715.4438384451145 0.0001513481931327654 0.04089617128358293
12.66780955104496 719.5403426439444 0.0001477006553964639 0.03991056104972792
12.74034317594641 723.6603026973771 0.0001441114688978255 0.03894071804877266
12.81329211548613 727.8038529094649 0.0001405807748193171 0.03798668042998227
12.88665874768188 731.971128353262 0.0001371086388879296 0.03704846595361026
12.96044546416755 736.1622648752259 0.0001336951102608346 0.03612608790253813
13.03465467027107 740.3773990996472 0.0001303402132168856 0.03521955283721513
13.10928878509287 744.6166684331034 0.0001270438993655872 0.03432884768192538
13.18435024158472 748.8802110689367 0.0001238060851590323 0.03345394986098126
13.25984148662902 753.1681659917601 0.0001206266563984748 0.03259482851645586
13.3357649811186 757.4806729819883 0.0001175054558513783 0.03175144116215491
13.41212320003693 761.8178726203934 0.0001144422901904967 0.03092373555864293
13.48891863253878 766.1799062926875 0.0001114369327408944 0.0301116504555224
13.56615378203138 770.5669161941333 0.0001084891207134289 0.02931511484388626
13.64383116625603 774.9790453341774 0.0001055985587391916 0.02853404891136785
13.72195331737018 779.4164375411132 0.0001027649213352711 0.02776836470842103
13.80052278202994 783.8792374667696 9.998785117076902e-05 0.02701796567977601
13.87954212147313 788.367590591226 9.726696201074395e-05 0.02628274745992969
13.95901391160276 792.8816432275547 9.460184113941026e-05 0.02556259852792425
14.03894074307102 797.4215425265908 9.199204804562227e-05 0.02485739985214859
14.11932522136368 801.9874364817293 8.943711697003551e-05 0.02416702557861308
14.2001699668851 806.5794739337483 8.693655928650973e-05 0.0234913436744344
14.28147761504357 811.1978045756623 8.44898625918035e-05 0.02283021568185964
14.36325081633729 815.8425789576011 8.209649280855786e-05 0.02218349728651875
14.44549223644072 820.5139484917177 7.975589646062716e-05 0.02155103893224733
14.5282045562915 825.2120654571245 7.746750012810298e-05 0.02093268567382727
14.61139047217785 829.937083004857 7.52307123166422e-05 0.02032827768210262
14.69505269582647 834.6891551628659 7.304492552040948e-05 0.01973765080141226
14.77919395449089 839.4684368410387 7.090951588758707e-05 0.01916063645920659
14.86381699104045 844.2750838362498 6.88238449131669e-05 0.01859706212346106
14.94892456404963 849.1092528374381 6.678726130554943e-05 0.01804675180705445
15.03451944788804 853.9711014307162 6.479910088573409e-05 0.01750952604052889
15.12060443281085 858.8607881045062 6.285868806217607e-05 0.01698520227061459
15.20718232504971 863.7784722547071 6.096533748068676e-05 0.01647359530605351
15.29425594690426 868.7243141898904 5.911835414055937e-05 0.01597451734897798
15.38182813683413 873.6984751365255 5.731703467821323e-05 0.01548777834176738
15.46990174955146 878.7011172442367 5.55606687823995e-05 0.01501318634945445
15.55847965611399 883.7324035910876 5.384853949158806e-05 0.01455054764008287
15.64756474401858 888.7924981888981 5.2179924319605e-05 0.01409966698886859
15.73715991729541 893.8815659885903 5.055409642494032e-05 0.01366034799416142
15.82726809660263 898.9997728855665 4.897032505279675e-05 0.01323239319689204
15.91789221932154 904.1472857251159 4.74278765346019e-05 0.01281560435065277
16.00903523965237 909.3242723078548 4.592601520667209e-05 0.01240978266993189
16.10070012871058 914.5309013951954 4.446400396147058e-05 0.0120147289790706
16.1928898746237 919.7673427148484 4.3041105150298e-05 0.01163024395618121
16.28560748262876 925.0337669663544 4.165658125256193e-05 0.01125612831399208
16.37885597517022 930.33034582665 4.030969550278107e-05 0.01089218296927207
16.47263839199854 935.6572519556627 3.899971272258089e-05 0.01053820926764608
16.56695779026925 941.0146590019407 3.77258997472221e-05 0.01019400909884838
16.66181724464259 946.4027416083123 3.64875260974995e-05 0.009859385078278118
16.75721984738379 951.8216754175803 3.528386476360919e-05 0.009534140758809944
16.8531687084638 957.2716370782459 3.411419240031137e-05 0.009218080683529499
16.94966695566075 962.7528042502694 3.297779001595058e-05 0.008911010571915267
17.04671773466184 968.2653556108594 3.187394372700293e-05 0.008612737523726642
17.14432420916594 973.8094708602994 3.08019447372228e-05 0.008323070013369129
17.24248956098669 979.3853307278038 2.976109001940554e-05 0.008041818074115125
17.34121699015621 984.9931169774112 2.875068305563127e-05 0.007768793498127029
17.44050971502946 990.633012413908 2.777003361893975e-05 0.007503809777463086
17.54037097238912 996.305200888789 2.681845842703193e-05 0.007246682280715681
17.64080401755111 1002.00986730625 2.589528187952823e-05 0.006997228452227758
17.74181212447071 1007.747197629214 2.4999835663129e-05 0.006755267705402222
17.84339858584929 1013.517378885396 2.413145936008469e-05 0.006520621587118196
17.94556671324163 1019.320599173399 2.328950119033139e-05 0.006293113978265292
18.0483198371639 1025.157047668842 2.247331746270685e-05 0.006072570945455342
18.15166130720221 1031.026914630535 2.168227312457764e-05 0.005858820889538503
18.25559449212179 1036.930391406671 2.091574251356986e-05 0.005651694748730306
18.36012277997684 1042.867670441073 2.01731086783492e-05 0.005451025815077915
18.46524957822094 1048.838945279459 1.945376385921338e-05 0.005256649864322229
18.57097831381817 1054.844410575759 1.875711025130919e-05 0.005068405362128645
18.67731243335475 1060.884262098454 1.808255921874851e-05 0.004886133251731398
18.78425540315148 1066.958696736963 1.742953169917145e-05 0.004709677063251569
18.89181070937669 1073.067912508057 1.679745897797022e-05 0.004538883122902044
18.99998185815988 1079.212108562317 1.618578181917115e-05 0.004373600318140983
19.10877237570602 1085.391485190623 1.559395078987277e-05 0.004213680185339043
19.21818580841052 1091.606243830688 1.502142704305341e-05 0.004058977121303754
19.32822572297481 1097.856587073618 1.446768138780522e-05 0.003909348132045165
19.43889570652261 1104.142718670521 1.393219453212885e-05 0.003764652898381968
19.55019936671689 1110.46484353915 1.34144578703836e-05 0.003624753988720387
19.66214033187744 1116.823167770578 1.291397251419636e-05 0.003489516597193661
19.77472225109918 1123.217898635918 1.243024945432051e-05 0.003358808587398339
19.88794879437108 1129.649244593084 1.196281034768708e-05 0.003232500705065337
20.00182365269583 1136.117415293579 1.151118652871143e-05 0.003110466310902654
20.11635053821015 1142.622621589336 1.107491909279615e-05 0.002992581403158893
20.23153318430576 1149.165075539589 1.065355967722272e-05 0.002878724828629951
20.34737534575116 1155.744990417782 1.024666947073651e-05 0.002768778015036508
20.46388079881396 1162.362580718528 9.853819222788675e-06 0.002662624973521311
20.58105334138401 1169.018062164597 9.47459001213803e-06 0.002560152506334987
20.69889679309722 1175.71165171395 9.108572270586143e-06 0.002461249943037087
20.81741499546004 1182.44356756681 8.75536572323063e-06 0.002365809124351774
20.9366118119747 1189.214029172774 8.414580138580956e-06 0.002273724604858479
21.05649112826517 1196.023257237973 8.085834380231809e-06 0.002184893396742209
21.17705685220379 1202.871473732257 7.768756284177931e-06 0.00209921493664248
21.2983129140387 1209.758901896438 7.462983384605539e-06 0.00201659128177122
21.42026326652195 1216.685766249566 7.168162005038894e-06 0.00193692686432923
21.54291188503833 1223.652292596246 6.883947079229e-06 0.001860128443108065
21.66626276773498 1230.658708034001 6.610002847556064e-06 0.001786105291666685
21.79031993565171 1237.705240960672 6.346001996732252e-06 0.00171476896586839
21.91508743285211 1244.792121081869 6.09162543112678e-06 0.001646033242090008
22.04056932655534 1251.919579418451 5.846562935568325e-06 0.001579814296319382
22.16676970726875 1259.087848314065 5.610512370362393e-06 0.001516030486639011
22.29369268892119 1266.297161442715 5.383179400065103e-06 0.001454602279937342
22.42134240899714 1273.547753816381 5.164278119355378e-06 0.001395452421027249
22.54972302867161 1280.83986179268 4.953530308002742e-06 0.00133850573132903
22.6788387329457 1288.173723082569 4.750665124066993e-06 0.001283689025969131
22.80869373078314 1295.549576758098 4.555419690383069e-06 0.001230931272255674
22.9392922552474 1302.9676632602 4.367538412220678e-06 0.001180163405301574
23.07063856363973 1310.42822440653 4.186772641701638e-06 0.001131318237345914
23.20273693763794 1317.931503399349 4.012881223272153e-06 0.001084330605147365
23.33559168343595 1325.477744833448 3.84562987514666e-06 0.001039137202842587
23.46920713188419 1333.067194704127 3.684790831428267e-06 0.0009956764852427076
23.60358763863077 1340.700100415212 3.530143345711955e-06 0.0009538888039131938
23.73873758426346 1348.376710787116 3.381473136005398e-06 0.0009137162571845253
23.8746613744525 1356.097276064956 3.238572010637613e-06 0.000875102589068044
24.01136344009421 1363.862047926707 3.101238329829543e-06 0.0008379933139780871
24.14884823745546 1371.671279491408 2.969276512626823e-06 0.0008023355834990638
24.28712024831886 1379.525225327412 2.842496652215793e-06 0.0007680780824390413
24.42618398012897 1387.424141460686 2.720714935903852e-06 0.0007351711423136781
24.56604396613913 1395.368285383155 2.603753211672931e-06 0.0007035666242235613
24.70670476555931 1403.357916061097 2.49143859801104e-06 0.0006732178134258212
24.84817096370468 1411.393293943587 2.38360386326282e-06 0.0006440795218393839
24.99044717214514 1419.474680970982 2.280087048698214e-06 0.0006161079861934224
25.13353802885559 1427.602340583465 2.180731077432616e-06 0.0005892607623526973
25.27744819836718 1435.77653772963 2.085384094537828e-06 0.0005634968172197842
25.42218237191931 1443.99753887512 1.993899142998189e-06 0.000538776441174374
25.56774526761259 1452.265612011312 1.906133775749588e-06 0.0005150611432413701
25.71414163056264 1460.581026664054 1.821950358285919e-06 0.0004923137328589314
25.86137623305476 1468.944053902452 1.74121579352197e-06 0.0004704982455329901
26.00945387469952 1477.354966347705 1.663801140444948e-06 0.0004495798397921313
26.1583793825892 1485.814038181993 1.589581881216806e-06 0.0004295248693619779
26.30815761145514 1494.321545157412 1.518437690757071e-06 0.0004103008209035938
26.45879344382603 1502.87776460497 1.45025206498e-06 0.0003918762135585214
26.61029179018703 1511.482975443618 1.3849125545866e-06 0.0003742206621223051
26.76265758913989 1520.137458189352 1.322310575097938e-06 0.0003573048257131196
26.91589580756389 1528.841494964349 1.262341047155576e-06 0.0003411003105764571
27.07001144077779 1537.595369506169 1.204902599325492e-06 0.0003255797248852774
27.22500951270266 1546.399367177003 1.14989741433248e-06 0.0003107166371906259
27.38089507602563 1555.253774972975 1.097230883436548e-06 0.0002964854830298178
27.53767321236465 1564.158881533497 1.046811780642716e-06 0.0002828616120001031
27.69534903243408 1573.11497715068 9.98552140989565e-07 0.0002698212548707124
27.85392767621135 1582.122353778796 9.523669305840963e-07 0.0002573414344221559
28.01341431310445 1591.181305043794 9.081741946342984e-07 0.0002454000054464715
28.17381414212051 1600.292126252874 8.658949638117496e-07 0.0002339756294452309
28.33513239203525 1609.455114404113 8.2545294113458e-07 0.0002230476900214069
28.49737432156342 1618.670568196144 7.867746262209391e-07 0.0002125963264542116
28.66054521953023 1627.938788037898 7.497892459613442e-07 0.0002026024149658994
28.82465040504377 1637.260076058393 7.144284590844239e-07 0.0001930474888917424
28.98969522766841 1646.634736116584 6.806264589767411e-07 0.0001839137664632306
29.15568506759916 1656.063073811266 6.483199251506999e-07 0.0001751841376940939
29.32262533583706 1665.545396491044 6.174477460111544e-07 0.0001668420894683792
29.4905214743656 1675.08201326434 5.879511025067841e-07 0.0001588717281440962
29.65937895632809 1684.673235009481 5.597734371520821e-07 0.0001512577711825717
29.82920328620609 1694.319374384825 5.32860195233833e-07 0.0001439854772192092
29.99999999999883 1704.020745838957 5.071588914572237e-07 0.0001370406640721003
