##########################################################################################
#
# SZ signal computed with SZpack v1.1
# Runmode: asymptotic
#
# General parameters:
# xmin= 0.1 xmax= 30 np= 1000
# Dtau= 0.01
# Te= 5keV (The ~ 0.00978476)
# betac= 0 muc= 1
# betao= 0 muo= 0
#
# Runmode specific parameters:
# eps= 0
# Te_order= 0 beta_order= 2
#
##########################################################################################
#
# Output format: x = (h nu/k T0) | nu [GHz] | x^3 Dn(x) | DI(x) in MJy/sr 
# Here a CMB temperature of T0 = 2.726 K is assumed.
#
##########################################################################################
0.1 5.680069152796746 -1.953692196079727e-06 -0.0005279120221553446
0.1005725822180163 5.712592218736688 -1.976091405660507e-06 -0.000533964568225907
0.1011484429399965 5.745301505968956 -1.998746984139554e-06 -0.0005400863883734061
0.1017276009380712 5.778198080763555 -2.021661855618174e-06 -0.0005462782727265208
0.1023100750918572 5.811283015495766 -2.044838977314652e-06 -0.0005525410203625504
0.1028958843890723 5.844557388681094 -2.06828133993389e-06 -0.0005588754394072975
0.1034850479261547 5.878022285010439 -2.091991968041024e-06 -0.0005652823471360213
0.1040775849088855 5.911678795385444 -2.115973920439083e-06 -0.0005717625700754878
0.1046735146530145 5.94552801695406 -2.140230290550733e-06 -0.0005783169441071211
0.1052728565848904 5.979571053146315 -2.16476420680414e-06 -0.0005849463145712684
0.1058756302420932 6.013809013710278 -2.189578833022986e-06 -0.000591651536372587
0.1064818552740721 6.048243014748245 -2.21467736882071e-06 -0.0005984334740865736
0.1070915514427853 6.082874178753105 -2.240063049998961e-06 -0.0006052930020672314
0.1077047386233445 6.11770363464495 -2.265739148950376e-06 -0.0006122310045559045
0.1083214368046626 6.152732517807863 -2.291708975065654e-06 -0.0006192483757912757
0.1089416660901059 6.187961970126936 -2.317975875145031e-06 -0.0006263460201205519
0.1095654466981485 6.223393140025492 -2.344543233814147e-06 -0.0006335248521118357
0.1101927989630322 6.259027182502523 -2.371414473944393e-06 -0.0006407857966677106
0.110823743335429 6.294865259170337 -2.398593057077752e-06 -0.000648129789140035
0.1114583003831076 6.330908538292432 -2.426082483856189e-06 -0.0006555577754459721
0.1120964907916045 6.367158194821569 -2.453886294455632e-06 -0.0006630707121852541
0.1127383353648975 6.403615410438085 -2.482008069024604e-06 -0.0006706695667587086
0.1133838550260844 6.440281373588403 -2.510451428127509e-06 -0.0006783553174880383
0.1140330708180651 6.477157279523786 -2.539220033192688e-06 -0.0006861289537368916
0.1146860039042273 6.514244330339285 -2.56831758696521e-06 -0.0006939914760332129
0.1153426755691364 6.551543735012943 -2.597747833964513e-06 -0.0007019438961929029
0.1160031072192294 6.589056709445186 -2.627514560946897e-06 -0.0007099872374447889
0.1166673203835131 6.626784476498478 -2.657621597372928e-06 -0.0007181225345569254
0.1173353367142652 6.664728266037171 -2.688072815879834e-06 -0.0007263508339642384
0.1180071779877406 6.702889314967605 -2.718872132758873e-06 -0.0007346731938975188
0.1186828661048812 6.741268867278422 -2.750023508437774e-06 -0.0007430906845137831
0.1193624230920299 6.779868174081127 -2.7815309479683e-06 -0.0007516043880280179
0.1200458711016482 6.81868849365086 -2.813398501518941e-06 -0.0007602153988463136
0.120733232413039 6.857731091467429 -2.845630264872825e-06 -0.0007689248237004051
0.1214245294330723 6.896997240256544 -2.878230379930875e-06 -0.0007777337817836312
0.122119784696916 6.936488220031327 -2.911203035220288e-06 -0.0007866434048883317
0.1228190208687703 6.976205318134021 -2.944552466408334e-06 -0.0007956548375446833
0.1235222607426066 7.016149829277962 -2.978282956821586e-06 -0.0008047692371610006
0.1242295272429105 7.056323055589788 -3.012398837970599e-06 -0.0008139877741655124
0.1249408434254291 7.096726306651878 -3.046904490080084e-06 -0.00082331163214962
0.1256562324779227 7.137360899545049 -3.081804342624641e-06 -0.0008327420080126607
0.1263757177209204 7.178228158891492 -3.117102874870121e-06 -0.0008422801121081874
0.1270993226084809 7.21932941689794 -3.152804616420601e-06 -0.0008519271683917721
0.1278270707289562 7.260666013399115 -3.188914147771133e-06 -0.0008616844145703627
0.1285589858057613 7.30223929590139 -3.225436100866199e-06 -0.0008715531022531855
0.1292950916981471 7.34405061962672 -3.262375159664029e-06 -0.0008815344971042309
0.1300354124019786 7.386101347556816 -3.299736060706756e-06 -0.000891629878996316
0.1307799720505164 7.428392850477588 -3.337523593696523e-06 -0.0009018405421667575
0.1315287949152043 7.470926507023815 -3.375742602077544e-06 -0.0009121677953746488
0.1322819054064599 7.513703703724098 -3.414397983624212e-06 -0.0009226129620597774
0.1330393280744704 7.556725835046054 -3.453494691035288e-06 -0.0009331773805031804
0.1338010876099932 7.599994303441769 -3.493037732534245e-06 -0.0009438624039893648
0.1345672088451604 7.643510519393527 -3.53303217247577e-06 -0.0009546694009701928
0.1353377167542886 7.687275901459778 -3.573483131958561e-06 -0.000965599755230467
0.1361126364546929 7.731291876321388 -3.614395789444422e-06 -0.0009766548660552165
0.1368919932075056 7.775559878828142 -3.655775381383671e-06 -0.000987836148398692
0.1376758124184999 7.820081352045521 -3.697627202847056e-06 -0.0009991450330551152
0.1384641196389176 7.864857747301739 -3.739956608164052e-06 -0.001010582966831156
0.1392569405663029 7.909890524235067 -3.782769011567759e-06 -0.001022151412720193
0.140054301045339 7.95518115084139 -3.826069887846347e-06 -0.001033851850078338
0.1408562270686916 8.00073110352209 -3.869864773001176e-06 -0.001045685774802273
0.1416627447778556 8.046541867132156 -3.914159264911574e-06 -0.001057654699508879
0.1424738804640074 8.092614935028589 -3.95895902400643e-06 -0.001069760153716709
0.143289660568862 8.138951809119092 -4.00426977394256e-06 -0.001082003684029291
0.1441101116855352 8.185553999911024 -4.050097302289968e-06 -0.001094386854320296
0.14493526055941 8.232423026560634 -4.09644746122403e-06 -0.00110691124592057
0.1457651340890087 8.279560416922598 -4.143326168224685e-06 -0.00111957845780707
0.14659975932687 8.326967707599811 -4.190739406782661e-06 -0.001132390106793691
0.1474391634804303 8.374646443993486 -4.238693227112798e-06 -0.001145347827724017
0.1482833739129112 8.422598180353527 -4.287193746874573e-06 -0.001158453273666014
0.1491324181442111 8.470824479829192 -4.336247151899837e-06 -0.001171708116108675
0.1499863238518026 8.519326914520065 -4.385859696927787e-06 -0.001185114045160617
0.1508451188716343 8.568107065527283 -4.436037706347376e-06 -0.001198672769750692
0.1517088311990388 8.617166523005089 -4.486787574947044e-06 -0.001212386017830573
0.1525774889896448 8.666506886212668 -4.538115768671963e-06 -0.001226255536579369
0.1534511205602953 8.716129763566279 -4.590028825388759e-06 -0.001240283092610263
0.1543297543899703 8.766036772691683 -4.642533355657866e-06 -0.001254470472179214
0.1552134191207155 8.816229540476883 -4.695636043513493e-06 -0.001268819481395712
0.1561021435585758 8.866709703125153 -4.749343647251277e-06 -0.001283331946435612
0.1569959566745344 8.917478906208371 -4.803663000223747e-06 -0.001298009713756077
0.1578948876054574 8.968538804720675 -4.85860101164355e-06 -0.001312854650312622
0.158798965655043 9.019891063132395 -4.914164667394598e-06 -0.001327868643778296
0.1597082202947776 9.071537355444333 -4.970361030851152e-06 -0.001343053602765006
0.1606226811648958 9.123479365242311 -5.027197243704899e-06 -0.001358411457047006
0.1615423780753469 9.175718785752073 -5.084680526800071e-06 -0.001373944157786556
0.162467341006767 9.228257319894471 -5.142818180976716e-06 -0.001389653677761784
0.1633976001114557 9.281096680340971 -5.20161758792215e-06 -0.001405542011596758
0.1643331857143592 9.334238589569503 -5.261086211030613e-06 -0.00142161117599378
0.1652741283140593 9.387684779920594 -5.321231596271261e-06 -0.001437863209967921
0.166220458583767 9.441436993653841 -5.382061373064494e-06 -0.001454300175083823
0.1671722073723228 9.495496983004713 -5.44358325516673e-06 -0.001470924155694774
0.168129405705202 9.549866510241671 -5.505805041563611e-06 -0.001487737259184058
0.1690920847855265 9.604547347723607 -5.568734617371815e-06 -0.001504741616208644
0.1700602759950814 9.659541277957624 -5.632379954749376e-06 -0.001521939380945161
0.1710340108953387 9.714850093657153 -5.696749113814744e-06 -0.001539332731338239
0.1720133212284854 9.770475597800374 -5.761850243574498e-06 -0.001556923869351192
0.1729982389184589 9.826419603688997 -5.827691582859862e-06 -0.001574715021219076
0.1739887960719873 9.882683935007387 -5.894281461272037e-06 -0.001592708437704123
0.1749850249796361 9.93927042588199 -5.961628300136426e-06 -0.001610906394353595
0.1759869581168609 9.996180920941143 -6.029740613465803e-06 -0.001629311191760035
0.1769946281450658 10.05341727537519 -6.098627008932475e-06 -0.001647925155823962
0.1780080679126685 10.11098135499696 -6.168296188849514e-06 -0.001666750638019013
0.1790273104561707 10.16887503630262 -6.238756951161096e-06 -0.001685790015659541
0.1800523890012356 10.22710020653278 -6.31001819044201e-06 -0.001705045692170698
0.1810833369637702 10.28565876373409 -6.38208889890641e-06 -0.001724520097361011
0.1821201879510152 10.34455261682107 -6.4549781674258e-06 -0.001744215687697456
0.1831629757626405 10.40378368563832 -6.528695186556415e-06 -0.001764134946583066
0.1842117343918469 10.46335390102317 -6.603249247575947e-06 -0.001784280384637069
0.185266498026474 10.52326520486854 -6.678649743529729e-06 -0.001804654539977582
0.1863273010501151 10.58351955018631 -6.75490617028642e-06 -0.001825259978506867
0.1873941780432377 10.64411890117096 -6.832028127603198e-06 -0.001846099294199163
0.1884671637843111 10.70506523326357 -6.910025320200617e-06 -0.001867175109391119
0.1895462932509396 10.76636053321628 -6.988907558847051e-06 -0.001888490075074833
0.1906316016210035 10.828006799157 -7.068684761452861e-06 -0.001910046871193504
0.191723124273805 10.89000604065457 -7.149366954174322e-06 -0.001931848206939729
0.1928208967912221 10.95236027878425 -7.230964272527318e-06 -0.001953896821056436
0.1939249549588681 11.01507154619365 -7.313486962510876e-06 -0.001976195482140478
0.1950353347672587 11.07814188716893 -7.396945381740646e-06 -0.001998746988948912
0.1961520724129845 11.14157335770147 -7.481350000592235e-06 -0.002021554170707944
0.1972752042998917 11.20536802555491 -7.566711403354583e-06 -0.002044619887424585
0.1984047670402682 11.26952797033251 -7.653040289393325e-06 -0.002067947030201005
0.1995407974560374 11.33405528354501 -7.740347474324206e-06 -0.002091538521551607
0.2006833325799585 11.39895206867872 -7.828643891196697e-06 -0.002115397315722849
0.2018324096568339 11.46422044126418 -7.917940591687588e-06 -0.002139526399015775
0.2029880661447227 11.52986252894505 -8.008248747304933e-06 -0.00216392879011133
0.2041503397161625 11.59588047154751 -8.099579650602114e-06 -0.00218860754039842
0.2053192682593971 11.66227642115001 -8.191944716402195e-06 -0.002213565734304746
0.2064948898796115 11.72905254215342 -8.285355483032577e-06 -0.002238806489630419
0.2076772429001745 11.79621101135158 -8.379823613569966e-06 -0.002264332957884374
0.2088663658638873 11.86375401800225 -8.47536089709568e-06 -0.002290148324623563
0.2100622975342408 11.93168376389853 -8.571979249961394e-06 -0.002316255809794976
0.2112650768966783 12.00000246344055 -8.669690717065273e-06 -0.002342658668080473
0.2124747431598671 12.06871234370772 -8.7685074731385e-06 -0.002369360189244413
0.2136913357569763 12.13781564453133 -8.868441824042395e-06 -0.002396363698484159
0.2149148943469622 12.20731461856751 -8.969506208075881e-06 -0.002423672556783362
0.2161454588158614 12.27721153137074 -9.071713197293576e-06 -0.002451290161268138
0.2173830692780907 12.34750866146761 -9.175075498834351e-06 -0.00247921994556605
0.2186277660777551 12.41820830043119 -9.279605956260472e-06 -0.002507465380167968
0.2198795897899625 12.48931275295568 -9.385317550907301e-06 -0.00253602997279277
0.221138581222147 12.56082433693154 -9.492223403243543e-06 -0.002564917268754904
0.2224047814153985 12.63274538352107 -9.600336774242153e-06 -0.002594130851334818
0.223678231645801 12.70507823723439 -9.709671066761775e-06 -0.002623674342152243
0.2249589734257781 12.77782525600585 -9.820239826938794e-06 -0.002653551401542349
0.2262470485054461 12.85098881127093 -9.932056745590036e-06 -0.002683765728934763
0.2275424988739749 12.92457128804353 -1.004513565962607e-05 -0.002714321063235466
0.2288453667609572 12.99857508499371 -1.015949055347504e-05 -0.002745221183211535
0.2301556946377846 13.07300261452587 -1.027513556051723e-05 -0.002776469907878763
0.2314735252190324 13.14785630285745 -1.039208496453011e-05 -0.002808071096892156
0.232798901463852 13.22313859009795 -1.051035320114404e-05 -0.002840028650939251
0.2341318665773713 13.2988519303285 -1.062995485930855e-05 -0.002872346512136348
0.2354724640121029 13.37499879168188 -1.075090468276905e-05 -0.002905028664427528
0.2368207374693611 13.45158165642294 -1.087321757155435e-05 -0.00293807913398659
0.2381767309006856 13.52860302102956 -1.099690858347438e-05 -0.002971501989621765
0.2395404885092755 13.60606539627399 -1.112199293562861e-05 -0.00300530134318331
0.2409120547514289 13.68397130730472 -1.124848600592488e-05 -0.003039481349973908
0.2422914743379932 13.7623232937288 -1.137640333460862e-05 -0.003074046209161885
0.2436787922358221 13.8411239096946 -1.150576062580254e-05 -0.003109000164197252
0.2450740536692412 13.92037572397511 -1.163657374905654e-05 -0.003144347503230517
0.246477304121523 14.00008132005165 -1.176885874090807e-05 -0.003180092559534308
0.2478885893363688 14.08024329619808 -1.190263180645267e-05 -0.003216239711927747
0.2493079553194002 14.16086426556554 -1.203790932092469e-05 -0.003252793385203597
0.2507354483396591 14.24194685626759 -1.217470783128827e-05 -0.003289758050558142
0.2521711149311153 14.32349371146591 -1.231304405783825e-05 -0.003327138226023797
0.2536150018941843 14.40550748945644 -1.245293489581123e-05 -0.003364938476904415
0.255067156297252 14.48799086375607 -1.259439741700647e-05 -0.003403163416213292
0.2565276254782099 14.57094652318976 -1.273744887141682e-05 -0.003441817705113849
0.2579964570459976 14.65437717197821 -1.288210668886921e-05 -0.003480906053362926
0.2594736988821549 14.73828552982599 -1.302838848067506e-05 -0.00352043321975674
0.2609593991423833 14.82267433201024 -1.31763120412902e-05 -0.003560404012579403
0.2624536062581146 14.9075463294698 -1.332589534998431e-05 -0.003600823290054048
0.2639563689380911 14.99290428889488 -1.347715657251978e-05 -0.00364169596079646
0.2654677361699521 15.07875099281729 -1.363011406283992e-05 -0.003683026984271265
0.2669877572218316 15.16508923970112 -1.378478636476627e-05 -0.003724821371250547
0.2685164816439643 15.25192184403395 -1.394119221370509e-05 -0.003767084184274982
0.2700539592703006 15.33925163641863 -1.409935053836271e-05 -0.003809820538117335
0.2716002402201312 15.42708146366553 -1.425928046246972e-05 -0.003853035600248358
0.2731553748997212 15.51541418888536 -1.442100130651386e-05 -0.003896734591305046
0.2747194140039527 15.6042526915825 -1.458453258948137e-05 -0.003940922785561169
0.2762924085179779 15.69359986774883 -1.474989403060681e-05 -0.00398560551140008
0.2778744097188807 15.78345862995818 -1.4917105551131e-05 -0.004030788151789759
0.2794654691773487 15.87383190746128 -1.508618727606701e-05 -0.00407647614475999
0.281065638759354 15.9647226462812 -1.525715953597412e-05 -0.004122674983881701
0.2826749706278439 16.05613380930942 -1.543004286873935e-05 -0.004169390218748374
0.2842935172444417 16.14806837640242 -1.560485802136653e-05 -0.004216627455459455
0.2859213313711564 16.24052934447882 -1.578162595177267e-05 -0.004264392357105768
0.2875584660721031 16.33351972761702 -1.59603678305914e-05 -0.004312690644256829
0.2892049747152323 16.42704255715354 -1.614110504298334e-05 -0.004361528095450012
0.2908609109740702 16.52110088178177 -1.632385919045298e-05 -0.004410910547681518
0.2925263288294679 16.61569776765138 -1.650865209267213e-05 -0.004460843896899077
0.2942012825713613 16.71083629846828 -1.669550578930945e-05 -0.004511334098496311
0.2958858268005408 16.80651957559512 -1.688444254186588e-05 -0.004562387167808698
0.2975800164304311 16.9027507181524 -1.70754848355158e-05 -0.00461400918061107
0.2992839066888817 16.99953286312016 -1.726865538095348e-05 -0.004666206273616553
0.3009975531199667 17.09686916544022 -1.746397711624467e-05 -0.004718984644976876
0.3027210115857957 17.19476279811904 -1.766147320868301e-05 -0.004772350554784015
0.304454338268335 17.29321695233115 -1.786116705665088e-05 -0.004826310325573006
0.3061975896712386 17.39223483752318 -1.806308229148448e-05 -0.004880870342825911
0.3079508226216906 17.49181968151847 -1.826724277934275e-05 -0.004936037055476835
0.3097140942722573 17.59197473062232 -1.847367262307977e-05 -0.004991816976417859
0.3114874621027504 17.69270324972777 -1.868239616412039e-05 -0.005048216683005867
0.313270983922101 17.79400852242211 -1.88934379843386e-05 -0.005105242817570102
0.3150647178702435 17.8958938510938 -1.91068229079383e-05 -0.005162902087920375
0.3168687224200117 17.99836255704023 -1.932257600333626e-05 -0.005221201267855864
0.3186830563790441 18.10141798057594 -1.954072258504647e-05 -0.005280147197674287
0.3205077788917013 18.20506348114152 -1.976128821556598e-05 -0.005339746784681477
0.3223429494409941 18.30930243741311 -1.998429870726124e-05 -0.005400007003701105
0.3241886278505225 18.41413824741257 -2.020978012425502e-05 -0.00546093489758454
0.3260448742864256 18.51957432861819 -2.043775878431318e-05 -0.005522537577720677
0.3279117492593432 18.62561411807616 -2.066826126073064e-05 -0.005584822224545561
0.3297893136263883 18.73226107251259 -2.09013143842166e-05 -0.005647796088051779
0.3316776285931309 18.83951866844619 -2.113694524477793e-05 -0.005711466488297397
0.3335767557155933 18.94739040230157 -2.137518119360056e-05 -0.005775840815914317
0.3354867569022564 19.05587979052327 -2.16160498449283e-05 -0.00584092653261596
0.3374076944160783 19.16499036969036 -2.185957907793823e-05 -0.005906731171704035
0.3393396308765235 19.27472569663175 -2.210579703861272e-05 -0.005973262338574359
0.3412826292616045 19.38508934854208 -2.235473214160669e-05 -0.006040527711221441
0.3432367529099349 19.4960849230984 -2.260641307211024e-05 -0.006108535040741758
0.3452020655227936 19.60771603857741 -2.286086878770549e-05 -0.006177292151835524
0.3471786311662021 19.71998633397343 -2.311812852021739e-05 -0.006246806943306776
0.3491665142730121 19.83289946911701 -2.337822177755741e-05 -0.006317087388561592
0.3511657796450067 19.94645912479422 -2.364117834555996e-05 -0.006388141536104284
0.3531764924550122 20.06066900286667 -2.390702828981025e-05 -0.006459977510031328
0.3551987182490232 20.17553282639219 -2.417580195746339e-05 -0.006532603510522909
0.3572325229483389 20.29105433974615 -2.444752997905367e-05 -0.006606027814331787
0.359277972851712 20.40723730874356 -2.472224327029326e-05 -0.006680258775269366
0.3613351346375103 20.52408552076181 -2.499997303385986e-05 -0.006755304824688701
0.3634040753658899 20.64160278486415 -2.528075076117192e-05 -0.006831174471964215
0.3654848624809815 20.75979293192383 -2.556460823415129e-05 -0.006907876304967966
0.3675775638130889 20.87865981474903 -2.585157752697179e-05 -0.006985418990542159
0.3696822475809001 20.9982073082084 -2.614169100779335e-05 -0.007063811274967693
0.3717989823937112 21.11843930935739 -2.643498134048034e-05 -0.007143061984428526
0.3739278372536631 21.23935973756533 -2.673148148630365e-05 -0.007223180025471542
0.3760688815579905 21.36097253464314 -2.703122470562511e-05 -0.00730417438546175
0.3782221851012842 21.48328166497185 -2.73342445595636e-05 -0.007386054133032466
0.3803878180777668 21.60629111563183 -2.764057491164156e-05 -0.00746882841853022
0.3825658510835803 21.73000489653277 -2.795024992941132e-05 -0.007552506474454212
0.3847563551190875 21.85442704054439 -2.826330408605941e-05 -0.007637097615889822
0.386959401591187 21.97956160362788 -2.857977216198864e-05 -0.007722611240936105
0.3891750623156403 22.10541266496819 -2.889968924637626e-05 -0.007809056831126823
0.3914034095194134 22.23198432710692 -2.922309073870709e-05 -0.007896443951844715
0.3936445158430311 22.3592807160761 -2.955001235028074e-05 -0.007984782252728776
0.3958984543429445 22.4873059815327 -2.988049010569131e-05 -0.008074081468074073
0.3981652984939135 22.61606429689386 -3.02145603442787e-05 -0.008164351417223928
0.4004451221914011 22.74555985947301 -3.055225972154992e-05 -0.00825560200495396
0.4027379997539826 22.87579689061659 -3.089362521056937e-05 -0.008347843221847756
0.4050440059257684 23.00677963584179 -3.123869410331648e-05 -0.008441085144663728
0.4073632158788402 23.13851236497481 -3.158750401200956e-05 -0.00853533793669283
0.4096957052157017 23.27099937229016 -3.194009287039429e-05 -0.008630611848106732
0.4120415499717432 23.40424497665057 -3.229649893499544e-05 -0.008726917216296032
0.41440082661772 23.53825352164784 -3.26567607863304e-05 -0.008824264466198188
0.4167736120622456 23.67302937574438 -3.302091733008289e-05 -0.008922664110614658
0.4191599836542982 23.80857693241567 -3.338900779823522e-05 -0.009022126750516852
0.4215600191857427 23.94490061029341 -3.376107175015783e-05 -0.009122663075340539
0.4239737968938662 24.08200485330962 -3.413714907365403e-05 -0.009224283863268153
0.426401395463929 24.21989413084149 -3.451727998595854e-05 -0.0093269999814986
0.4288428940317287 24.35857293785705 -3.490150503468799e-05 -0.009430822386504114
0.4312983721861808 24.49804579506175 -3.528986509874169e-05 -0.009535762124273634
0.4337679099719126 24.63831724904576 -3.568240138915071e-05 -0.009641830330542259
0.4362515878918726 24.77939187243224 -3.607915544987359e-05 -0.009749038231006233
0.4387494869099552 24.92127426402636 -3.648016915853665e-05 -0.009857397141523012
0.4412616884536393 25.06396904896524 -3.688548472711704e-05 -0.00996691846829581
0.4437882744166432 25.20748087886872 -3.72951447025664e-05 -0.01007761370804214
0.4463293271615942 25.35181443199097 -3.77091919673733e-05 -0.01018949444814578
0.4488849295227132 25.49697441337304 -3.812766974006202e-05 -0.01030257236679154
0.4514551648085152 25.64296555499618 -3.855062157562611e-05 -0.01041685923308245
0.4540401168045248 25.78979261593612 -3.897809136589378e-05 -0.01053236690713845
0.4566398697760079 25.93746038251825 -3.941012333982355e-05 -0.01064910734017631
0.459254508470718 26.08597366847357 -3.984676206372749e-05 -0.01076709257456993
0.4618841181216594 26.23533731509565 -4.028805244141978e-05 -0.01088633474389051
0.4645287844498653 26.38555619139848 -4.073403971428823e-05 -0.01100684607292584
0.4671885936671925 26.53663519427512 -4.11847694612863e-05 -0.01112863887767819
0.4698636324791312 26.68857924865739 -4.164028759884297e-05 -0.01125172556533989
0.472553988087632 26.84139330767639 -4.210064038068819e-05 -0.01137611863424625
0.4752597481939486 26.99508235282396 -4.256587439759082e-05 -0.01150183067380465
0.4779810010014961 27.14965139411508 -4.303603657700686e-05 -0.01162887436439958
0.4807178352187269 27.3051054702512 -4.351117418263489e-05 -0.01175726247727246
0.4834703400620222 27.46144964878444 -4.399133481387594e-05 -0.01188700787437569
0.4862386052586001 27.61868902628288 -4.447656640519515e-05 -0.0120181235082002
0.4890227210494413 27.77682872849659 -4.49669172253818e-05 -0.01215062242157544
0.4918227781922297 27.9358739105248 -4.546243587670538e-05 -0.01228451774744143
0.4946388679643121 28.09582975698391 -4.596317129396401e-05 -0.01241982270859152
0.4974710821656728 28.25670148217653 -4.646917274342229e-05 -0.01255655061738547
0.5003195131219266 28.41849433026141 -4.698048982163552e-05 -0.01269471487543172
0.5031842536873283 28.58121357542445 -4.749717245415689e-05 -0.01283432897323804
0.5060653972477999 28.74486452205059 -4.80192708941241e-05 -0.0129754064898296
0.5089630377239742 28.90945250489672 -4.854683572072235e-05 -0.0131179610923337
0.5118772695742572 29.07498288926562 -4.907991783752003e-05 -0.01326200653553003
0.5148081877979066 29.24146107118083 -4.961856847067328e-05 -0.01340755666136551
0.5177558879381293 29.40889247756257 -5.016283916699654e-05 -0.01355462539843292
0.5207204660851954 29.57728256640462 -5.071278179189424e-05 -0.01370322676141206
0.5237020188795707 29.74663682695228 -5.126844852715078e-05 -0.01385337485047254
0.5267006435150674 29.91696077988129 -5.182989186857479e-05 -0.01400508385063723
0.529716437742012 30.0882599774778 -5.239716462349301e-05 -0.01415836803110507
0.5327494998704321 30.26054000381935 -5.297031990809068e-05 -0.01431324174453246
0.5357999287732609 30.43380647495692 -5.35494111445935e-05 -0.01446971942627173
0.5388678238895604 30.60806503909801 -5.41344920582877e-05 -0.01462781559356593
0.5419532852277633 30.78332137679074 -5.472561667437326e-05 -0.01478754484469859
0.5450564133689325 30.95958120110905 -5.532283931464632e-05 -0.01494892185809719
0.5481773094700404 31.13685025783892 -5.592621459400622e-05 -0.01511196139138938
0.5513160752672659 31.31513432566566 -5.653579741678226e-05 -0.01527667828041038
0.5544728130793115 31.49443921636233 -5.71516429728763e-05 -0.01544308743816069
0.5576476258107383 31.67477077497917 -5.777380673371557e-05 -0.01561120385371249
0.5608406169553206 31.85613488003412 -5.840234444801155e-05 -0.01578104259106359
0.5640518905994196 32.03853744370448 -5.903731213731926e-05 -0.01595261878793757
0.5672815514253765 32.22198441201961 -5.967876609139324e-05 -0.01612594765452886
0.5705297047149251 32.40648176505482 -6.03267628633331e-05 -0.016301044472191
0.5737964563526237 32.59203551712622 -6.098135926451545e-05 -0.0164779245920672
0.5770819128293063 32.77865171698683 -6.164261235930541e-05 -0.01665660343366134
0.5803861812455552 32.96633644802378 -6.231057945954327e-05 -0.01683709648334818
0.583709369315191 33.1550958284566 -6.298531811879992e-05 -0.0170194192928211
0.5870515853687848 33.3449360115366 -6.366688612639604e-05 -0.017203587477476
0.5904129383571891 33.53586318574757 -6.435534150117921e-05 -0.01738961671472985
0.5937935378550898 33.72788357500742 -6.505074248505274e-05 -0.01757752274227202
0.5971934940645779 33.92100343887115 -6.575314753625064e-05 -0.01776732135624718
0.6006129178187418 34.11522907273482 -6.646261532235251e-05 -0.01795902840936776
0.6040519205852807 34.31056680804082 -6.717920471303229e-05 -0.01815265980895461
0.6075106144701379 34.50702301248426 -6.790297477253439e-05 -0.01834823151490396
0.6109891122211554 34.70460409022053 -6.863398475187101e-05 -0.01854575953757902
0.6144875272317493 34.90331648207409 -6.937229408073391e-05 -0.01874525993562446
0.6180059735446062 35.10316666574838 -7.011796235911436e-05 -0.01894674881370198
0.621544565855401 35.30416115603708 -7.087104934862402e-05 -0.01915024232014516
0.6251034195165355 35.50630650503636 -7.163161496351066e-05 -0.01935575664453172
0.6286826505408989 35.70960930235856 -7.239971926136054e-05 -0.01956330801517127
0.6322823756056495 35.91407617534695 -7.317542243348187e-05 -0.01977291269650674
0.6359027120560183 36.1197137892918 -7.395878479496081e-05 -0.01998458698642741
0.6395437779091344 36.32652884764767 -7.474986677438343e-05 -0.02019834721349166
0.6432056918578717 36.53452809225185 -7.554872890321584e-05 -0.02041420973405732
0.6468885732747185 36.74371830354425 -7.635543180483514e-05 -0.02063219092931775
0.6505925422156688 36.95410630078834 -7.717003618320337e-05 -0.02085230720224134
0.6543177194241357 37.16569894229349 -7.79926028111764e-05 -0.02107457497441246
0.658064226334888 37.37850312563852 -7.88231925184403e-05 -0.02129901068277172
0.661832185078008 37.5925257878966 -7.966186617906655e-05 -0.0215256307762532
0.6656217184828733 37.80777390586127 -8.050868469867862e-05 -0.02175445171231674
0.6694329500821606 38.02425449627404 -8.136370900122036e-05 -0.02198548995337258
0.6732660041158729 38.24197461605296 -8.222700001531937e-05 -0.02221876196309654
0.6771210055353891 38.46094136252277 -8.309861866023521e-05 -0.02245428420263311
0.6809980800075378 38.68116187364625 -8.397862583138456e-05 -0.02269207312668413
0.6848973539186932 38.90264332825684 -8.486708238543459e-05 -0.02293214517948081
0.6888189543788957 39.12539294629274 -8.576404912495489e-05 -0.02317451679063656
0.692763009225995 39.34941798903221 -8.66695867826193e-05 -0.02341920437087805
0.6967296470298175 39.57472575933031 -8.758375600494851e-05 -0.02366622430765231
0.7007189970963579 39.80132360185694 -8.850661733558361e-05 -0.02391559296060703
0.7047311894719936 40.02921890333629 -8.943823119808153e-05 -0.02416732665694164
0.7087663549477249 40.25841909278761 -9.037865787822226e-05 -0.02442144168662653
0.7128246250634377 40.48893164176737 -9.132795750581871e-05 -0.02467795429748783
0.7169061321121921 40.72076406461291 -9.228619003601831e-05 -0.02493688069015488
0.7210110091445349 40.95392391868724 -9.325341523008795e-05 -0.0251982370128681
0.7251393899728362 41.18841880462556 -9.42296926356699e-05 -0.02546203935614382
0.7292914091756524 41.42425636658292 -9.52150815665005e-05 -0.02572830374729413
0.7334672021021126 41.66144429248345 -9.620964108157997e-05 -0.02599704614479819
0.7376669048763308 41.89999031427097 -9.721342996378322e-05 -0.02626828243252268
0.7418906544018438 42.13990220816103 -9.822650669790064e-05 -0.02654202841378812
0.7461385883660734 42.38118779489442 -9.924892944809876e-05 -0.02681829980527843
0.7504108452448153 42.62385493999206 -0.000100280756034789 -0.02709711223079066
0.7547075643067528 42.86791155401152 -0.0001013220439108942 -0.0273784812148218
0.7590288856179971 43.11336559280474 -0.0001023728501375012 -0.02766242217598993
0.7633749500466529 43.36022505777749 -0.0001034332313588888 -0.0279489504202863
0.7677458992674107 43.60849799615016 -0.0001045032437769183 -0.02823808113415556
0.772141875766165 43.8581925012201 -0.000105582943124778 -0.0285298293774009
0.7765630228446594 44.10931671262544 -0.0001066723846400658 -0.02882421007591095
0.7810094846251576 44.36187881661041 -0.0001077716230372024 -0.02912123801420523
0.7854814060551419 44.61588704629226 -0.0001088807124791602 -0.02942092782779507
0.7899789329120379 44.87134968192956 -0.0001099997065484972 -0.02972329399535661
0.794502211807967 45.12827505119218 -0.0001111286582176843 -0.03002835083071284
0.7990513901945254 45.3866715294328 -0.0001122676198187124 -0.030336112474621
0.8036266163675911 45.64654753995978 -0.0001134166430119681 -0.03064659288636249
0.8082280394721579 45.90791155431194 -0.0001145757787543654 -0.03095980583513171
0.8128558095071972 46.17077209253458 -0.0001157450772667211 -0.03127576489122026
0.8175100773305477 46.43513772345725 -0.0001169245880003604 -0.03159448341699363
0.8221909946638336 46.70101706497314 -0.0001181143596029418 -0.03191597455765645
0.8268987140974099 46.96841878431993 -0.0001193144398834868 -0.03224025123180323
0.8316333890953369 47.23735159836236 -0.0001205248757766029 -0.03256732612175089
0.836395174000383 47.50782427387641 -0.0001217457133058866 -0.03289721166364971
0.8411842240390556 47.77984562783505 -0.0001229769975464928 -0.03322992003736935
0.8460006953266614 48.05342452769567 -0.0001242187725868596 -0.03356546315615618
0.850844744872396 48.32856989168913 -0.0001254710814895728 -0.03390385265605848
0.8557165305844614 48.60529068911051 -0.0001267339662513592 -0.03424509988511617
0.8606162112752139 48.88359594061149 -0.0001280074677621951 -0.03458921589231131
0.8655439466663413 49.16349471849436 -0.0001292916257635158 -0.03493621141627587
0.8704998973940691 49.44499614700783 -0.0001305864788055143 -0.0352860968737533
0.8754842250143975 49.72810940264444 -0.0001318920642035155 -0.03563888234781024
0.8804970920083676 50.01284371443966 -0.0001332084179934125 -0.03599457757579487
0.885538661787358 50.29920836427282 -0.0001345355748861519 -0.03635319193703832
0.8906090986984118 50.5872126871696 -0.0001358735682212553 -0.03671473444029558
0.895708568029594 50.87686607160641 -0.000137222429919364 -0.03707921371092238
0.9008372360153797 51.16817795981639 -0.000138582190433792 -0.03744663797778443
0.9059952698420731 51.46115784809722 -0.0001399528787010773 -0.03781701505989551
0.9111828376532575 51.75581528712072 -0.0001413345220905155 -0.03819035235278098
0.9164001085552762 52.05215988224413 -0.0001427271463526646 -0.03856665681456311
0.9216472526227456 52.35020129382327 -0.0001441307755668069 -0.03894593495176458
0.9269244409040991 52.64994923752743 -0.0001455454320873563 -0.03932819280482713
0.9322318454271628 52.95141348465611 -0.0001469711364891974 -0.03971343593334141
0.9375696392047638 53.25460386245752 -0.0001484079075119438 -0.04010166940098502
0.9429379962403697 53.55953025444897 -0.000149855762003104 -0.04049289776016502
0.9483370915337611 53.866202600739 -0.0001513147148601408 -0.04088712503636192
0.9537671010867362 54.17463089835145 -0.0001527847789714144 -0.04128435471217147
0.9592282019088483 54.48482520155136 -0.0001542659651559943 -0.0416845897110414
0.9647205720231756 54.7967956221727 -0.0001557582821023307 -0.04208783238069939
0.9702443904721253 55.11055232994799 -0.0001572617363057724 -0.04249408447626973
0.9757998373232691 55.42610555283983 -0.0001587763320049189 -0.042903347143075
0.9813870936752139 55.74346557737432 -0.0001603020711167979 -0.04331562089911997
0.987006341663505 56.06264274897639 -0.0001618389531708549 -0.04373090561725496
0.9926577644665633 56.38364747230703 -0.000163386975241745 -0.04414920050701525
0.9983415463116567 56.70649021160244 -0.0001649461318809169 -0.04457050409613424
1.004057872480906 57.03118149101523 -0.0001665164150469781 -0.04499481421172731
1.009806929317324 57.35773189495738 -0.0001680978140348317 -0.04542212796114362
1.015588904230892 57.68615206844535 -0.0001696903154035766 -0.0458524417124839
1.021403985704664 58.0164527174471 -0.0001712939029031594 -0.04628575107478081
1.027252363300919 58.34864460923103 -0.0001729085573997716 -0.04672205087784046
1.033134227667332 58.68273857271701 -0.0001745342567999833 -0.04716133515174227
1.039049770543195 59.01874549882938 -0.0001761709759736041 -0.04760359710599504
1.044999184765664 59.35667634085196 -0.0001778186866752663 -0.04804882910834776
1.050982664276048 59.69654211478515 -0.0001794773574647205 -0.04849702266325256
1.057000404126126 60.03835389970502 -0.0001811469536258405 -0.04894816838997875
1.063052600484512 60.38212283812441 -0.0001828274370843283 -0.04940225600037564
1.069139450643046 60.72786013635626 -0.0001845187663241172 -0.04985927427628373
1.075261153023225 61.07557706487884 -0.0001862208963024652 -0.05031921104659175
1.081417907182673 61.42528495870317 -0.0001879337783637371 -0.05078205316393969
1.087609913821645 61.77699521774252 -0.0001896573601518705 -0.05124778648106581
1.09383737478957 62.13071930718408 -0.0001913915855215239 -0.05171639582679791
1.100100493091631 62.48646875786262 -0.0001931363944479038 -0.05218786498168739
1.106399472895383 62.84425516663644 -0.0001948917229352714 -0.0526621766532867
1.112734519537408 63.20409019676538 -0.0001966575029241258 -0.05313931245106902
1.119105839530008 63.56598557829103 -0.0001984336621970673 -0.05361925286099134
1.125513640567939 63.92995310841912 -0.0002002201242833398 -0.05410197721970064
1.131958131535179 64.29600465190407 -0.0002020168083620546 -0.05458746368838381
1.138439522511738 64.66415214143581 -0.0002038236291641004 -0.05507568922626249
1.14495802478051 65.03440757802866 -0.000205640496872742 -0.05556662956373341
1.151513850834154 65.40678303141269 -0.0002074673170229129 -0.05606025917515636
1.158107214382025 65.78129064042704 -0.0002093039903992092 -0.05655655125129049
1.16473833035714 66.15794261341573 -0.0002111504129325909 -0.05705547767138196
1.171407414923184 66.53675122862556 -0.0002130064755957994 -0.05755700897490437
1.178114685481559 66.91772883460641 -0.0002148720642975012 -0.05806111433295504
1.184860360678465 67.30088785061372 -0.0002167470597751683 -0.05856776151930997
1.191644660412033 67.68624076701343 -0.000218631337486707 -0.05907691688114061
1.198467805839493 68.07380014568902 -0.0002205247675008502 -0.05958854530939642
1.20533001938438 68.46357862045119 -0.0002224272143863253 -0.06010261020885684
1.212231524743787 68.85558889744949 -0.0002243385370998176 -0.06061907346785734
1.219172546895658 69.24984375558668 -0.0002262585888727437 -0.06113789542769433
1.226153312106119 69.64635604693524 -0.0002281872170968552 -0.06165903485171394
1.233174047936856 70.04513869715629 -0.0002301242632086955 -0.06218244889409055
1.240234983252534 70.44620470592105 -0.0002320695625729286 -0.06270809306830107
1.247336348228255 70.8495671473345 -0.0002340229443645681 -0.06323592121530142
1.254478374357064 71.25523917036165 -0.0002359842314501276 -0.06376588547141221
1.261661294457492 71.66323399925612 -0.0002379532402677262 -0.06429793623592159
1.26888534268115 72.07356493399125 -0.0002399297807061728 -0.06483202213841222
1.276150754520357 72.48624535069371 -0.0002419136559830641 -0.06536809000582204
1.283457766815821 72.90128870207944 -0.00024390466252193 -0.06590608482924727
1.290806617764357 73.31870851789226 -0.0002459025898284592 -0.06644594973049715
1.298197546926653 73.73851840534488 -0.0002479072203658457 -0.06698762592841082
1.305630795235079 74.16073204956254 -0.0002499183294292936 -0.06753105270494714
1.31310660500154 74.58536321402906 -0.0002519356850197244 -0.06807616737105866
1.320625219925376 75.01242574103544 -0.0002539590477167273 -0.06862290523236141
1.328186885101307 75.44193355213129 -0.0002559881705508053 -0.069171199554614
1.335791847027421 75.87390064857844 -0.0002580227988749585 -0.06972098152901793
1.343440353613212 76.30834111180755 -0.000260062670235663 -0.07027218023735442
1.351132654187656 76.74526910387696 -0.0002621075142432941 -0.07082472261697127
1.358868999507346 77.18469886793451 -0.0002641570524420549 -0.07137853342563578
1.366649641764661 77.62664472868171 -0.0002662109981794656 -0.07193353520626919
1.374474834595989 78.07112109284083 -0.0002682690564754777 -0.07248964825157973
1.382344833089994 78.51814244962439 -0.0002703309238912787 -0.07304679056861199
1.390259893795934 78.96772337120764 -0.0002723962883978521 -0.07360487784323023
1.398220274732022 79.41987851320346 -0.0002744648292443671 -0.07416382340455553
1.406226235393836 79.87462261514018 -0.0002765362168264682 -0.07472353818937615
1.41427803676278 80.33197050094209 -0.0002786101125545436 -0.07528393070655186
1.422375941314594 80.79193707941256 -0.0002806861687220519 -0.07584490700143419
1.430520213027903 81.25453734472021 -0.0002827640283739896 -0.0764063706203249
1.438711117392829 81.71978637688746 -0.0002848433251755869 -0.07696822257499562
1.446948921419644 82.18769934228241 -0.00028692368328132 -0.07753036130729365
1.455233893647471 82.658291494113 -0.0002890047172043352 -0.07809268265385852
1.463566304153043 83.13157817292436 -0.0002910860316863793 -0.07865507981097564
1.471946424559501 83.60757480709883 -0.000293167221568339 -0.07921744329959435
1.480374528045255 84.08629691335894 -0.0002952478716614896 -0.0797796609305379
1.488850889352885 84.56776009727319 -0.0002973275566195652 -0.08034161776993502
1.497375784798097 85.05198005376486 -0.0002994058408117585 -0.0809031961049029
1.505949492278732 85.53897256762346 -0.0003014822781967651 -0.08146427540951261
1.514572291283827 86.0287535140195 -0.0003035564121979946 -0.08202473231106923
1.52324446290272 86.52133885902182 -0.0003056277755800678 -0.08258444055674019
1.531966289834218 87.01674466011821 -0.0003076958903267297 -0.08314327098056556
1.540738056395813 87.51498706673867 -0.0003097602675203078 -0.0837010914708864
1.549560048532945 88.01608232078208 -0.0003118204072228521 -0.08425776693822716
1.558432553828329 88.52004675714545 -0.000313875798359095 -0.08481315928367003
1.567355861511327 89.02689680425655 -0.0003159259186013759 -0.08536712736776018
1.576330262467377 89.53664898460944 -0.0003179702342566792 -0.08591952697998184
1.585356049247474 90.04931991530296 -0.0003200082001559338 -0.08647021080884597
1.594433516077711 90.56492630858257 -0.0003220392595457373 -0.08701902841263241
1.603562958868864 91.08348497238507 -0.0003240628439826605 -0.08756582619082993
1.612744675226042 91.60501281088649 -0.000326078373230301 -0.08811044735631864
1.621978964458391 92.12952682505316 -0.0003280852551592535 -0.08865273190834083
1.631266127588844 92.65704411319595 -0.0003300828856501752 -0.08919251660630798
1.640606467363941 93.18758187152761 -0.0003320706485001211 -0.08972963494449136
1.650000288263692 93.72115739472335 -0.000334047915332337 -0.09026391712764707
1.659447896511507 94.25778807648457 -0.0003360140455096957 -0.09079519004762537
1.668949600084177 94.79749141010601 -0.0003379683860519718 -0.09132327726101724
1.678505708721913 95.34028498904577 -0.0003399102715571514 -0.09184799896789131
1.688116533938443 95.8861865074991 -0.0003418390241269799 -0.09236917199167603
1.697782389031167 96.43521376097496 -0.0003437539532969555 -0.09288660976024292
1.707503589091372 96.98738464687631 -0.0003456543559709787 -0.09340012228824818
1.717280451014499 97.54271716508337 -0.0003475395163608764 -0.09390951616079116
1.727113293510478 98.10122941854056 -0.0003494087059310204 -0.09441459451844977
1.737002437114114 98.66293961384646 -0.0003512611833482655 -0.09491515704375304
1.746948204195539 99.22786606184751 -0.0003530961944374409 -0.09541099994915436
1.756950918970718 99.79602717823465 -0.0003549129721426258 -0.09590191596656768
1.767010907512018 100.3674414841439 -0.0003567107364944516 -0.09638769433853207
1.77712849775884 100.94212760676 -0.0003584886945836737 -0.09686812081107063
1.787304019528307 101.5201042799236 -0.000360246040541261 -0.09734297762831032
1.797537804526016 102.1013903447421 -0.0003619819555252595 -0.09781204352893236
1.807830186356852 102.6860047502035 -0.0003636956077146804 -0.09827509374452079
1.818181500535862 103.2739665537945 -0.0003653861523106822 -0.09873189999988173
1.828592084499192 103.8652949221216 -0.0003670527315453057 -0.09918223051540388
1.839062277615088 104.4600091315358 -0.000368694474698036 -0.09962585001153365
1.849592421194957 105.0581285687612 -0.0003703104981204644 -0.1000625197154391
1.860182858504496 105.6596727315266 -0.0003718999052693243 -0.1004919973699368
1.87083393477488 106.2646612292015 -0.0003734617867481878 -0.1009140372447586
1.881545997214015 106.8731137834352 -0.0003749952203581035 -0.1013283901502347
1.89231939501786 107.4850502287994 -0.0003764992711574652 -0.1017348034534708
1.903154479381805 108.1004905134354 -0.0003779729915314028 -0.1021330210970987
1.914051603512126 108.7194546997037 -0.0003794154212709908 -0.1025227836206788
1.925011122637492 109.3419629648385 -0.0003808255876625688 -0.1029038281848365
1.93603339402055 109.9680356016051 -0.0003822025055874801 -0.103275888598212
1.947118776969569 110.5976930189617 -0.0003835451776325225 -0.1036386953473059
1.958267632850152 111.2309557427245 -0.0003848525942114241 -0.1039919756293034
1.969480325097021 111.8678444162369 -0.0003861237336976471 -0.1043354533879595
1.980757219225856 112.5083798010424 -0.0003873575625688275 -0.1046688493526286
1.992098682845217 113.1525827775614 -0.0003885530355631633 -0.1049918810805222
2.003505085668525 113.8004743457719 -0.0003897090958480627 -0.1053042630022801
2.014976799526115 114.4520756258939 -0.0003908246752013603 -0.1056057064709369
2.026514198377355 115.1074078590784 -0.0003918986942054206 -0.1058959198143717
2.038117658322839 115.7664924080989 -0.0003929300624544371 -0.1061746083913224
2.049787557616645 116.4293507580489 -0.0003939176787752417 -0.1064414746510514
2.061524276678668 117.0960045170413 -0.0003948604314619397 -0.106696218196747
2.073328198107019 117.7664754169134 -0.0003957571985246767 -0.106938535852743
2.085199706690497 118.4407853139352 -0.0003966068479528559 -0.1071681217356438
2.097139189421135 119.1189561895216 -0.000397408237993106 -0.1073846673294341
2.109147035506811 119.8010101509494 -0.0003981602174423173 -0.1075878615646616
2.121223636383941 120.4869694320776 -0.0003988616259560401 -0.1077773909017697
2.133369385730234 121.1768563940724 -0.0003995112943725576 -0.1079529394186663
2.145584679477528 121.870693526136 -0.0004001080450529213 -0.1081141889026053
2.157869915824698 122.5685034462398 -0.0004006506922372556 -0.1082608189464646
2.170225495250633 123.2703089018616 -0.0004011380424176096 -0.1083925070494957
2.182651820527294 123.9761327707274 -0.0004015688947276494 -0.1085089287226231
2.195149296732842 124.6859980615568 -0.0004019420413494706 -0.1086097575983699
2.207718331264844 125.3999279148135 -0.000402256267937798 -0.1086946655454824
2.220359333853552 126.1179456034589 -0.0004025103540618498 -0.108763322788327
2.233072716575262 126.8400745337117 -0.0004027030736651161 -0.108815398031128
2.245858893865745 127.5663382458104 -0.0004028331955433122 -0.1088505585871168
2.258718282533758 128.2967604147804 -0.0004028994838407445 -0.108868470512656
2.271651301774629 129.0313648512064 -0.0004029006985653264 -0.1088687987464032
2.284658373183926 129.7701755020081 -0.0004028355961224686 -0.1088512072535748
2.297739920771197 130.5132164512211 -0.0004027029298680565 -0.1088153591753673
2.310896370973794 131.2605119207819 -0.0004025014506807182 -0.1087609169835914
2.324128152670774 132.0120862713175 -0.0004022299075535765 -0.1086875426405709
2.337435697196877 132.7679640029393 -0.0004018870482056593 -0.1085948977643529
2.350819438356591 133.5281697560424 -0.0004014716197131328 -0.1084826437992755
2.364279812438291 134.2927283121081 -0.0004009823691605173 -0.1083504421919343
2.377817258228462 135.0616645945122 -0.0004004180443120047 -0.1081979545725802
2.391432217026 135.8350036693371 -0.0003997773943030149 -0.1080248429419875
2.405125132656603 136.6127707461895 -0.0003990591703520815 -0.1078307698638135
2.418896451487236 137.3949911790216 -0.0003982621264931599 -0.1076153986624778
2.432746622440678 138.1816904669577 -0.0003973850203284201 -0.1073783936265762
2.446676097010165 138.9728942551258 -0.0003964266138015786 -0.1071194202178442
2.4606853292741 139.7686283354932 -0.0003953856739917904 -0.1068381452856773
2.474774775910859 140.5689186477075 -0.0003942609739281147 -0.1065342372872093
2.488944896213677 141.373791279942 -0.0003930512934245356 -0.1062073665129451
2.503196152105621 142.1832724697464 -0.0003917554199355068 -0.1058572053179404
2.517529008154645 142.9973886049019 -0.0003903721494319496 -0.1054834283585064
2.53194393158874 143.8161662242811 -0.0003889002872976312 -0.1050857128344227
2.54644139231116 144.6396320187141 -0.0003873386492458047 -0.1046637387366254
2.56102186291574 145.4678128318575 -0.0003856860622559785 -0.104217189100333
2.575685818702304 146.3007356610699 -0.0003839413655306485 -0.1037457502635679
2.590433737692161 147.1384276582922 -0.0003821034114718061 -0.1032491121310212
2.60526610064368 147.9809161309323 -0.0003801710666769972 -0.1027269684431998
2.620183391067972 148.8282285427556 -0.0003781432129546826 -0.1021790170507899
2.635186095244643 149.68039251478 -0.0003760187483586246 -0.1016049601941607
2.650274702237652 150.5374358261766 -0.0003737965882409765 -0.101004504787923
2.665449703911249 151.399386415175 -0.0003714756663237418 -0.1003773627104501
2.680711594946012 152.2662723799741 -0.0003690549357882169 -0.09972325109825937
2.696060872854974 153.138121979658 -0.0003665333703820085 -0.09904189264514196
2.711498037999836 154.0149636351177 -0.0003639099655431782 -0.0983330159059207
2.727023593607283 154.8968259299766 -0.0003611837395410292 -0.09759635560470493
2.742638045785387 155.7837376115233 -0.0003583537346330214 -0.09683165294750347
2.758341903540104 156.675727591648 -0.0003554190182372495 -0.09603865593904272
2.774135678791866 157.5728249477854 -0.0003523786841198967 -0.09521711970363146
2.790019886392273 158.4750589238623 -0.0003492318535970286 -0.09436680680990089
2.805995044140873 159.3824589312512 -0.0003459776767500526 -0.09348748759923639
2.822061672802042 160.2950545497286 -0.0003426153336541317 -0.09257894051771075
2.83822029612196 161.2128755284398 -0.0003391440356187978 -0.09164095245131311
2.854471440845683 162.1359517868684 -0.0003355630264399732 -0.09067331906426086
2.870815636734318 163.0643134158115 -0.0003318715836625581 -0.0896758451401666
2.88725341658229 163.9979906783607 -0.0003280690198527134 -0.08864834492582482
2.903785316234708 164.9370140108891 -0.0003241546838789098 -0.08759064247736717
2.920411874604836 165.8814140240424 -0.0003201279622007832 -0.08650257200852766
2.937133633691659 166.8312215037381 -0.0003159882801647899 -0.08538397824074451
2.953951138597553 167.7864674121678 -0.0003117351033056082 -0.08423471675481527
2.970864937546053 168.7471828888076 -0.0003073679386521926 -0.083054654343809
2.987875581899722 169.7133992514323 -0.0003028863360373419 -0.08184366936692784
3.00498362617813 170.685147997137 -0.0002982898894095997 -0.08060165210399894
3.022189628075927 171.6624608033634 -0.0002935782381462595 -0.07932850511026482
3.039494148481022 172.6453695289326 -0.0002887510683662023 -0.0780241435711285
3.05689775149287 173.6339062150838 -0.0002838081142412581 -0.07668849565649975
3.074401004440858 174.6281030865184 -0.0002787491593047284 -0.07532150287437413
3.0920044779028 175.627992552451 -0.0002735740377556675 -0.07392312042326615
3.109708745723539 176.6336072076653 -0.000268282635757487 -0.07249331754310853
3.127514385033649 177.6449798335771 -0.0002628748927293891 -0.0710320778642133
3.145421976268253 178.6621433993028 -0.0002573508026291018 -0.06953939975388318
3.163432103185941 179.6851310627339 -0.0002517104152253545 -0.06801529666025019
3.181545352887802 180.7139761716184 -0.0002459538373584745 -0.06645979745290458
3.199762315836561 181.7487122646473 -0.0002400812341874626 -0.06487294675987028
3.218083585875827 182.7893730725482 -0.0002340928304218556 -0.06325480530046955
3.236509760249453 183.8359925191851 -0.0002279889115366603 -0.06160545021361322
3.255041439621003 184.8886047226637 -0.0002217698249685805 -0.05992497538103617
3.273679228093334 185.947243996444 -0.0002154359812917618 -0.05821349174499836
3.292423733228289 187.011944850459 -0.0002089878553712077 -0.0564711276199522
3.311275566066502 188.0827419922392 -0.0002024259874920153 -0.05469802899767601
3.330235341147317 189.1596703280442 -0.000195750984462532 -0.052894359845361
3.34930367652882 190.2427649640008 -0.0001889635206895186 -0.05106030239613351
3.36848119380799 191.3320612072472 -0.0001820643392233619 -0.04919605743148463
3.387768518140957 192.4275945670839 -0.0001750542527713769 -0.04730184455507706
3.407166278263386 193.5294007561315 -0.0001679341446771858 -0.04537790245738561
3.426675106510969 194.6375156914946 -0.0001607049698641748 -0.04342448917063091
3.446295638840041 195.7519754959327 -0.0001533677557409807 -0.04144188231345323
3.46602851484831 196.872816499038 -0.0001459236030669643 -0.0394303793247743
3.485874377795706 198.0000752384194 -0.0001383736867756066 -0.03739029768628901
3.505833874625349 199.1337884608934 -0.0001307192567537423 -0.03532197513302432
3.525907655984645 200.2739931236826 -0.0001229616385745682 -0.033225769851407
3.546096376246488 201.42072639562 -0.0001151022341823194 -0.0311020606642719
3.566400693530595 202.5740256583605 -0.000107142522526536 -0.02895124720224864
3.586821269724961 203.7339285076 -9.908406014383192e-05 -0.02677375006096277
3.607358770507432 204.9004727543006 -9.092848168507111e-05 -0.02457001094348549
3.628013865367409 206.073696425923 -8.267750038589682e-05 -0.0223404927874764
3.648787227627667 207.2536377676667 -7.433290847852691e-05 -0.02008567987645579
3.669679534466313 208.4403352437162 -6.589657754278169e-05 -0.01780607793465677
3.69069146693885 209.6338275384952 -5.737045879431272e-05 -0.01550221420490823
3.711823710000385 210.8341535579276 -4.875658330801562e-05 -0.01317463750900383
3.73307695252796 212.0413524307054 -4.005706217465451e-05 -0.01082391829002385
3.754451887343 213.2554635095649 -3.127408658874793e-05 -0.008450648636083058
3.775949211233902 214.4765263725689 -2.240992786579079e-05 -0.0060554422849843
3.797569624978753 215.7045808243972 -1.34669373869404e-05 -0.003638934609271991
3.819313833368169 216.9396668976443 -4.447546469336479e-06 -0.001201782581190937
3.841182545228271 218.1818248541239 4.645733839744832e-06 0.0012553352829358
3.863176473443794 219.431095186182 1.381031304663321e-05 0.003731718999377605
3.885296334981321 220.6875186180165 2.304352157457849e-05 0.006226647215168386
3.907542850912662 221.9511361070046 3.234261120827165e-05 0.008739377328221682
3.929916746438355 223.2219888450385 4.17047556211121e-05 0.01126914562980488
3.952418750911305 224.5001182598674 5.112705098672554e-05 0.01381516746977897
3.975049597860564 225.785566016449 6.060651667613126e-05 0.01637663744498184
3.997810025015242 227.0783740183066 7.014009604189712e-05 0.01895272961111677
4.020700774328551 228.3785844088959 7.972465729054579e-05 0.02154259771848744
4.043722592001999 229.6862395729785 8.935699444436175e-05 0.02414537547189028
4.06687622850971 231.0013821380037 9.903382839368013e-05 0.02676017681495593
4.090162438622888 232.3240549754977 0.0001087518080406329 0.02938609623920385
4.113581981434423 233.6543012024618 0.0001185075115352312 0.03202220911804711
4.137135620383638 234.9921641827773 0.0001282974476045486 0.03466757206595438
4.160824123281173 236.3376875286195 0.0001381180569756713 0.03732122332294877
4.184648262334012 237.6909151018793 0.0001479657138929605 0.03998218316459114
4.208608814170664 239.0518910155928 0.0001578367277300593 0.04264945433756435
4.232706559866471 240.4206596353797 0.0001677273446969473 0.04532202252094093
4.256942284969075 241.7972655808893 0.0001776337496422262 0.04799885681318299
4.281316779524023 243.1817537272551 0.0001875520679506869 0.05067891024488855
4.305830838100525 244.5741692065575 0.0001974783675360783 0.05336112031726265
4.33048525981735 245.9745574092953 0.0002074086609288489 0.05604440956625113
4.355280848368881 247.3829639858651 0.0002173389074585149 0.05872768615224365
4.38021841205131 248.7994348480498 0.0002272650155301345 0.06140984447520567
4.40529876378899 250.2240161705148 0.0002371828449942431 0.06408976581506437
4.430522721160937 251.6567543923133 0.0002470882096094522 0.0667663189971336
4.455891106427476 253.0976962184006 0.0002569768795967437 0.06943836108231623
4.481404746557049 254.5468886211561 0.0002668445842843603 0.07210473808178647
4.507064473253171 256.0043788419145 0.0002766870148420157 0.07476428569580752
4.532871122981549 257.4702143925064 0.0002864998271030042 0.07741583007630103
4.558825536997336 258.9444430568062 0.0002962786444726142 0.08005818861273649
4.584928561372568 260.4271128922908 0.0003060190609210873 0.08269017074086633
4.611181047023737 261.9182722316053 0.0003157166440592295 0.0853105787737944
4.637583849739532 263.4179696841389 0.0003253669382945577 0.08791820875480617
4.664137830208736 264.9262541376098 0.0003349654680657701 0.09051185133136291
4.690843854048281 266.4431747596584 0.0003445077411530929 0.09309029264959885
4.717702791831472 267.9687809994502 0.0003539892520619575 0.09565231526863296
4.744715519116356 269.5031225892881 0.0003634054854772283 0.09819669909394434
4.771882916474276 271.046249546233 0.0003727519197850972 0.1007222223290322
4.799205869518564 272.5982121737348 0.0003820240306595576 0.1032276624445258
4.826685268933422 274.1590610632719 0.0003912172947102146 0.1057117971638684
4.854322010502946 275.7288470960006 0.0004003271931880507 0.1081734054646614
4.882116995140336 277.3076214444136 0.0004093492157455655 0.110611268594701
4.91007112891726 278.8954355740082 0.000418278864247594 0.1130241711017087
4.938185323093392 280.492341244964 0.0004271116566289239 0.1154109018757083
4.966460494146115 282.0983905138303 0.0004358431307946916 0.1177702552029606
4.994897563800399 283.7136357352226 0.0004444688485593991 0.1201010318303358
5.023497459058849 285.3381295635299 0.0004529843996202333 0.1224020400389536
5.052261112231919 286.971924954631 0.0004613854055602406 0.1246720967258911
5.081189460968311 288.6150751676203 0.0004696675238767799 0.1269100284927208
5.110283448285533 290.2676337665443 0.0004778264520305265 0.1291146727396023
5.139544022600646 291.9296546221482 0.0004858579315102138 0.1312848787636263
5.168972137761176 293.6011919136311 0.0004937577519081395 0.133419508860067
5.198568753076213 295.2823001304124 0.0005015217550013788 0.1355174394251769
5.228334833347678 296.9730340739086 0.0005091458388335367 0.1375775620591274
5.258271348901778 298.6734488593192 0.0005166259617917682 0.1395987846676705
5.288379275620635 300.3835999174236 0.0005239581466737102 0.1415800325610745
5.318659594974097 302.103542996388 0.0005311384847388756 0.1435202495488614
5.349113294051735 303.8333341635824 0.0005381631397390122 0.1454183990288598
5.37974136559502 305.5730298074091 0.0005450283519218138 0.1472734650690583
5.410544808029684 307.3226866391399 0.0005517304420023738 0.1490844534807412
5.441524625498265 309.0823616947656 0.0005582658150966652 0.1508503928813643
5.472681827892846 310.8521123368545 0.0005646309646113351 0.1525703357456256
5.504017430887968 312.6319962564234 0.0005708224760840399 0.1542433594431725
5.535532455973749 314.422071474817 0.0005768370309685529 0.155868567261384
5.567227930489175 316.2223963456002 0.0005826714103588411 0.1574450894116637
5.599104887655592 318.0330295564601 0.0005883224986463302 0.1589720840176785
5.631164366610388 319.8540301311189 0.0005937872871045693 0.1604487380839787
5.663407412440868 321.685457431258 0.0005990628773955412 0.1618742684434481
5.695835076218321 323.5273711584538 0.0006041464849918857 0.1632479226820306
5.728448415032282 325.3798313561227 0.0006090354425093541 0.1645689800392014
5.761248492024992 327.2428984114792 0.0006137272029438601 0.1658367522826584
5.794236376426059 329.1166330575044 0.0006182193428075657 0.167050584555732
5.827413143587306 331.0010963749256 0.0006225095651585079 0.1682098561960275
5.86077987501783 332.8963497942073 0.0006265957025183671 0.1693139815238434
5.894337658419259 334.8024550975543 0.0006304757196730729 0.1703624105989291
5.928087587721205 336.7194744209248 0.0006341477163510575 0.1713546299441834
5.962030763116926 338.6474702560569 0.000637609929774081 0.1722901632349184
5.996168291099194 340.5865054525052 0.0006408607370757019 0.173168571952361
6.030501284496359 342.5366432196892 0.0006438986575825853 0.1739894560000908
6.065030862508628 344.4979471289549 0.0006467223549540274 0.1747524542821661
6.099758150744552 346.4704811156465 0.0006493306391752088 0.175457245241726
6.134684281257715 348.4543094811902 0.0006517224683999074 0.1761035473589144
6.169810392583637 350.4494968951909 0.000653896950638533 0.1766911196070081
6.205137629776891 352.4561083975402 0.0006558533452876071 0.1772197618657012
6.24066714444843 354.4742094005368 0.0006575910644969708 0.1776893152905417
6.276400094803127 356.5038656910181 0.0006591096743712475 0.1780996626375819
6.312337645677527 358.5451434325055 0.0006604088960023082 0.1784507285423634
6.348480968577824 360.598109167361 0.0006614886063297231 0.1787424797524216
6.384831241718048 362.6628298189563 0.0006623488388264318 0.1789749253125628
6.421389650058474 364.7393726938542 0.0006629897840071169 0.1791481167022327
6.458157385344247 366.8278054840034 0.0006634117897570336 0.1792621479243703
6.495135646144234 368.9281962689441 0.0006636153614793064 0.1793171555452096
6.532325637890092 371.0406135180283 0.000663601162059001 0.1793133186845711
6.56972857291557 373.1651260926511 0.0006633700116425451 0.1792508589562587
6.607345670496019 375.3018032484956 0.0006629228872313685 0.1791300403582559
6.645178156888148 377.450714637791 0.0006622609220889383 0.1789511691124999
6.683227265369992 379.6119303115823 0.0006613854049606501 0.1787145934540856
6.721494236281116 381.7855207220148 0.0006602977791063562 0.1784207033698437
6.759980317063051 383.9715567246299 0.0006589996411456121 0.1780699302863108
6.798686762299955 386.1701095806756 0.0006574927397160445 0.1776627467072045
6.837614833759512 388.3812509594284 0.0006557789739455455 0.1771996658005908
6.876765800434062 390.6050529405313 0.0006538603917393346 0.1766812409360269
6.916140938581973 392.8415880163419 0.0006517391878832363 0.1761080651720434
6.955741531769237 395.0909290942963 0.0006494177019648403 0.1754807706944155
6.995568870911321 397.3531494992855 0.000646898416114538 0.174800028205763
7.035624254315242 399.6283229760461 0.0006441839525687509 0.174066546267104
7.075908987721892 401.9165236915636 0.0006412770710579682 0.1732810705920706
7.116424384348603 404.2178262374907 0.0006381806660225506 0.1724443832945836
7.157171764931958 406.5323056325784 0.0006348977636595433 0.1715573020908652
7.19815245777084 408.8600373251223 0.000631431518804079 0.1706206794567544
7.239367798769738 411.2010971954206 0.0006277852116492352 0.1696354017413724
7.28081913148229 413.5555615582494 0.0006239622443085204 0.1686023882382627
7.322507807155085 415.9235071653493 0.0006199661372254553 0.1675225902152152
7.364435184771708 418.3050112079278 0.0006158005254350088 0.16639698990406
7.406602631097046 420.7001513191753 0.0006114691546819259 0.1652265994517908
7.449011520721834 423.1090055767966 0.0006069758774012543 0.1640124598344531
7.491663236107471 425.5316525055548 0.0006023246485666512 0.1627556397353046
7.534559167631086 427.9681710798325 0.0005975195214123017 0.1614572343888245
7.577700713630857 430.4186407262051 0.0005925646430345285 0.1601183643922136
7.6210892804516 432.8831413260307 0.000587464249879409 0.1587401744860916
7.664726282490611 435.3617532180539 0.0005822226631229391 0.1573238323061601
7.708613142243773 437.8545572010244 0.0005768442839504986 0.1558705271076551
7.752751290351927 440.3616345363314 0.0005713335887425793 0.1543814684644707
7.79714216564751 442.8830669506523 0.000565695124173911 0.1528578849448816
7.841787215201458 445.4189366386169 0.0005599335022333143 0.1513010227658453
7.886687894370375 447.9693262654868 0.0005540533951717609 0.1497121444279047
7.931845666843983 450.5343189698503 0.0005480595303862651 0.1480925273327522
7.977262004692826 453.1139983663325 0.0005419566852473804 0.1464434623855541
8.022938388416266 455.7084485483206 0.0005357496818781724 0.1447662525841643
8.06887630699074 458.3177540907062 0.0005294433818926588 0.1430622115973851
8.115077257918298 460.9420000526412 0.0005230426811017831 0.1413326623344547
8.161542747275421 463.5812719803112 0.000516552504195067 0.139578935507964
8.208274289762118 466.2356559097241 0.0005099777994061359 0.1378023681924147
8.255273408751298 468.9052383695148 0.000503323533170349 0.136004302380644
8.302541636338434 471.5901063837655 0.000496594684782804 0.1341860835403509
8.350080513391505 474.290347474843 0.000489796241064955 0.1323490591729503
8.397891589601228 477.0060496662516 0.0004829331910481125 0.1304945773769874
8.445976423531569 479.7373014855024 0.0004760105206820349 0.1286239854183339
8.494336582670558 482.4841919669995 0.0004690332075767829 0.1267386283093708
8.542973643481382 485.2468106549421 0.0004620062157859545 0.1248398473993539
8.591889191453774 488.0252476062435 0.0004549344906393234 0.1229289789781277
8.641084821155701 490.8195933934667 0.0004478229536328155 0.1210073528953335
8.690562136285342 493.6299391077775 0.0004406764973836426 0.1190762911972238
8.740322749723369 496.4563763619133 0.0004334999806582862 0.1171371067831607
8.790368283585517 499.2989972931696 0.0004262982234808655 0.1151911020838366
8.840700369275471 502.1578945664039 0.000419076002329281 0.1132395677632119
8.891320647538041 505.0331613770561 0.0004118380454263301 0.1112837814461159
8.942230768512655 507.9248914541866 0.0004045890281328034 0.1093250064734034
8.993432391787138 510.8331790635317 0.0003973335684493762 0.10736449068651
9.044927186451828 513.7581190105768 0.00039007622263386 0.1054034652431789
9.096716831153971 516.6998066436462 0.0003828214809401718 0.1034431434660768
9.148803014152453 519.6583378570123 0.0003755737634851108 0.1014847197259454
9.201187433372827 522.6338090940204 0.0003683374162487771 0.09952936836086518
9.253871796462668 525.626317350234 0.0003611167072141987 0.09757824263313356
9.306857820847238 528.6359601765953 0.0003539158226514309 0.09563247372518278
9.360147233785467 531.6628356826061 0.0003467388635511172 0.09369316977588339
9.413741772426265 534.7070425395258 0.0003395898422121788 0.09176141495849524
9.467643183865148 537.7686799835878 0.0003324726789879889 0.08983826860144319
9.521853225201189 540.8478478192347 0.000325391199195068 0.08792476435300807
9.576373663594302 543.9446464223714 0.0003183491301879961 0.08602190939093138
9.631206276322837 547.0591767436375 0.0003113500986039069 0.08413068367784324
9.68635285084153 550.1915403116977 0.0003043976277795757 0.08225203926332722
9.741815184839762 553.3418392365525 0.00029749513534377 0.08038689963334353
9.797595086300165 556.5101762128652 0.0002906459309871708 0.07853615910763387
9.853694373557556 559.6966545233112 0.0002838532144118152 0.07670068228563513
9.910114875358216 562.9013780419436 0.0002771200734616519 0.07488130354133236
9.966858430919503 566.1244512375803 0.0002704494824354352 0.07307882656738142
10.0239268899898 569.3659791772089 0.0002638443005828193 0.07129402396873506
10.08132211290884 572.6260675294119 0.0002573072707841522 0.06952763690590663
10.1390459706683 575.9048225678113 0.0002508410184141035 0.06778037478790824
10.19710034497284 579.2023511745327 0.0002444480503888979 0.06605291501480125
10.25548712830143 582.5187608436904 0.0002381307543965738 0.06434590276970266
10.31420822396903 585.8541596848902 0.0002318913983093203 0.06265995085999107
10.37326554618865 589.2086564267544 0.0002257321297766046 0.06099563960736474
10.43266102013374 592.5823604204667 0.0002196549759974554 0.0593535167863097
10.49239658200094 595.9753816433355 0.0002136618436699205 0.05773409761044254
10.55247417907323 599.3878307023799 0.0002077545191153966 0.0561378647661059
10.61289576978336 602.8198188379353 0.0002019346685751956 0.05456526849250438
10.67366332377774 606.2714579272792 0.000196203838676401 0.05301672670758469
10.73477882198062 609.7428604882789 0.0001905634570637592 0.0514926251787807
10.79624425665866 613.2341396830587 0.0001850148331940569 0.04999331773766398
10.85806163148589 616.745409321689 0.0001795591592891474 0.04851912653746358
10.92023296160903 620.2767838658967 0.0001741975114435167 0.04707034235234406
10.98276027371315 623.8283784327963 0.0001689308508820199 0.04564722491726161
11.04564560608779 627.4003087986417 0.0001637600253631657 0.04425000330714909
11.10889100869335 630.9926914026021 0.0001586857707230928 0.0428788763541177
11.17249854322794 634.6056433505556 0.0001537087125551638 0.04153401310130417
11.23647028319459 638.2392824189088 0.0001488293680198881 0.04021555329193466
11.30080831396884 641.8937270584343 0.0001440481477796969 0.03892360789212489
11.36551473286674 645.5690963981328 0.0001393653580529137 0.03765825964588893
11.43059164921315 649.2655102491168 0.0001347812027811041 0.03641956366078384
11.4960411844106 652.983089108516 0.000130295785903837 0.0352075480225788
11.56186547200836 656.7219541634048 0.0001259091137347641 0.0340222144373013
11.62806665777205 660.4822272947536 0.0001216210974328061 0.0328635388989826
11.69464689975353 664.2640310814013 0.0001174315555621388 0.03173147238139787
11.76160836836131 668.0674888040515 0.0001133402167345884 0.03062594155207438
11.82895324643126 671.8927244492913 0.0001093467223279798 0.02954684950682328
11.89668372929779 675.7398627136331 0.0001054506292739374 0.02849407652303799
11.96480202486538 679.609029007579 0.0001016514129085978 0.02746748082999245
12.03331035368061 683.5003494597094 9.79484698796841e-05 0.02646689939436896
12.1022109490045 687.4139509207948 9.434112110339025e-05 0.02549214871924511
12.17150605688532 691.3499609679305 9.082861476453633e-05 0.02454302565477331
12.24119793623182 695.3085079086954 8.741012935349251e-05 0.02361930821879547
12.31128885888686 699.2897207853348 8.408477673341283e-05 0.02272075642564791
12.38178110970147 703.2937293789674 8.085160523138374e-05 0.02184711312142827
12.45267698660932 707.3206642138149 7.770960274716942e-05 0.02099810482401733
12.52397880070165 711.370656561458 7.465769987332597e-05 0.02017344256617277
12.59568887630259 715.4438384451145 7.169477302056337e-05 0.01937282274004103
12.66780955104496 719.5403426439444 6.881964754235073e-05 0.01859592794146466
12.74034317594641 723.6603026973771 6.603110085289273e-05 0.01784242781249845
12.81329211548613 727.8038529094649 6.332786553274889e-05 0.01711197988058653
12.88665874768188 731.971128353262 6.070863241652079e-05 0.01640423039289405
12.96044546416755 736.1622648752259 5.817205365720048e-05 0.01571881514433233
13.03465467027107 740.3773990996472 5.571674576194839e-05 0.01505536029786397
13.10928878509287 744.6166684331034 5.334129259425619e-05 0.01441348319572473
13.18435024158472 748.8802110689367 5.104424833764416e-05 0.01379279316025156
13.25984148662902 753.1681659917601 4.88241404162475e-05 0.0131928922830615
13.3357649811186 757.4806729819883 4.667947236785546e-05 0.01261337620138269
13.41212320003693 761.8178726203934 4.460872666518646e-05 0.01205383486039815
13.48891863253878 766.1799062926875 4.261036748140491e-05 0.01151385326052295
13.56615378203138 770.5669161941333 4.068284339611528e-05 0.01099301218859759
13.64383116625603 774.9790453341774 3.882459003830249e-05 0.01049088893204347
13.72195331737018 779.4164375411132 3.703403266292481e-05 0.0100070579750905
13.80052278202994 783.8792374667696 3.530958865810562e-05 0.009541091676251581
13.87954212147313 788.367590591226 3.364966998011376e-05 0.009092560926284684
13.95901391160276 792.8816432275547 3.205268551356453e-05 0.008661035785948673
14.03894074307102 797.4215425265908 3.051704335451984e-05 0.008246086102925421
14.11932522136368 801.9874364817293 2.904115301440893e-05 0.007847282107346738
14.2001699668851 806.5794739337483 2.7623427542936e-05 0.007464194985430493
14.28147761504357 811.1978045756623 2.626228556838252e-05 0.007096397430795777
14.36325081633729 815.8425789576011 2.495615325395275e-05 0.0067434641730919
14.44549223644072 820.5139484917177 2.370346616904762e-05 0.006404972483639934
14.5282045562915 825.2120654571245 2.250267107458628e-05 0.006080502657848892
14.61139047217785 829.937083004857 2.135222762172388e-05 0.005769638474230493
14.69505269582647 834.6891551628659 2.025060996353954e-05 0.005471967629897346
14.77919395449089 839.4684368410387 1.919630827948701e-05 0.00518708215248858
14.86381699104045 844.2750838362498 1.818783021261567e-05 0.004914578788524874
14.94892456404963 849.1092528374381 1.722370221977594e-05 0.004654059368250842
15.03451944788804 853.9711014307162 1.630247083522423e-05 0.004405131147076836
15.12060443281085 858.8607881045062 1.542270384823598e-05 0.004167407123784722
15.20718232504971 863.7784722547071 1.458299139552097e-05 0.003940506335712106
15.29425594690426 868.7243141898904 1.37819469694134e-05 0.00372405413117791
15.38182813683413 873.6984751365255 1.301820834297808e-05 0.003517682419457584
15.46990174955146 878.7011172442367 1.22904384133353e-05 0.003321029898660038
15.55847965611399 883.7324035910876 1.15973259646595e-05 0.003133742261899394
15.64756474401858 888.7924981888981 1.093758635244855e-05 0.002955472382193096
15.73715991729541 893.8815659885903 1.030996211079567e-05 0.002785880476554361
15.82726809660263 898.9997728855665 9.713223484519227e-06 0.002624634249780293
15.91789221932154 904.1472857251159 9.146168888120996e-06 0.002471409018468135
16.00903523965237 909.3242723078548 8.607625293648698e-06 0.002325887815820573
16.10070012871058 914.5309013951954 8.096448549634208e-06 0.002187761477826816
16.1928898746237 919.7673427148484 7.611523633364828e-06 0.002056728711429446
16.28560748262876 925.0337669663544 7.151764838821946e-06 0.001932496145307791
16.37885597517022 930.33034582665 6.716115902687945e-06 0.001814778363926562
16.47263839199854 935.6572519556627 6.303550070880394e-06 0.001703297925514227
16.56695779026925 941.0146590019407 5.913070108120539e-06 0.001597785364648531
16.66181724464259 946.4027416083123 5.543708253082904e-06 0.00149797918013736
16.75721984738379 951.8216754175803 5.194526121703089e-06 0.001403625808891305
16.8531687084638 957.2716370782459 4.864614561242541e-06 0.001314479586490135
16.94966695566075 962.7528042502694 4.553093457722727e-06 0.001230302695149111
17.04671773466184 968.2653556108594 4.259111499346202e-06 0.001150865099792403
17.14432420916594 973.8094708602994 3.981845898519396e-06 0.001075944472940177
17.24248956098669 979.3853307278038 3.720502075081818e-06 0.001005326109113171
17.34121699015621 984.9931169774112 3.474313303328827e-06 0.0009388028294538409
17.44050971502946 990.633012413908 3.242540325390782e-06 0.0008761748772565816
17.54037097238912 996.305200888789 3.024470933500346e-06 0.0008172498050911358
17.64080401755111 1002.00986730625 2.819419523642817e-06 0.0007618423541933411
17.74181212447071 1007.747197629214 2.626726623041133e-06 0.0007097743267856794
17.84339858584929 1013.517378885396 2.445758393879e-06 0.0006608744519770712
17.94556671324163 1019.320599173399 2.275906115612071e-06 0.0006149782458768921
18.0483198371639 1025.157047668842 2.116585648159054e-06 0.0005719278665425086
18.15166130720221 1031.026914630535 1.967236878202215e-06 0.0005315719643627617
18.25559449212179 1036.930391406671 1.8273231507606e-06 0.0004937655284619548
18.36012277997684 1042.867670441073 1.696330688129503e-06 0.000458369729690044
18.46524957822094 1048.838945279459 1.573767998207e-06 0.0004252517607450801
18.57097831381817 1054.844410575759 1.459165274152876e-06 0.0003942846739535564
18.67731243335475 1060.884262098454 1.352073787247495e-06 0.0003653472172132955
18.78425540315148 1066.958696736963 1.252065274738412e-06 0.0003383236685819616
18.89181070937669 1073.067912508057 1.158731324381293e-06 0.0003131036699723327
18.99998185815988 1079.212108562317 1.071682757299157e-06 0.0002895820603931642
19.10877237570602 1085.391485190623 9.905490107006161e-07 0.00026765870915195
19.21818580841052 1091.606243830688 9.149775219138852e-07 0.0002472383494132223
19.32822572297481 1097.856587073618 8.446331151091894e-07 0.0002282304124832896
19.43889570652261 1104.142718670521 7.791973919982563e-07 0.000210548863169633
19.55019936671689 1110.46484353915 7.183681277158639e-07 0.0001941120365405577
19.66214033187744 1116.823167770578 6.61858673005538e-07 0.0001788424763883061
19.77472225109918 1123.217898635918 6.093973637494157e-07 0.0001646667756766541
19.88794879437108 1129.649244593084 5.607269388014627e-07 0.000151515419232179
20.00182365269583 1136.117415293579 5.156039670037858e-07 0.0001393226289169137
20.11635053821015 1142.622621589336 4.737982841879606e-07 0.0001280262114990767
20.23153318430576 1149.165075539589 4.350924408872739e-07 0.0001175674094180249
20.34737534575116 1155.744990417782 3.992811614117713e-07 0.0001078907546195782
20.46388079881396 1162.362580718528 3.661708148661332e-07 9.894392561844587e-05
20.58105334138401 1169.018062164597 3.355788986208509e-07 9.067760792568947e-05
20.69889679309722 1175.71165171395 3.073335346800208e-07 8.304535796101347e-05
20.81741499546004 1182.44356756681 2.812729793244899e-07 7.600347055222119e-05
20.9366118119747 1189.214029172774 2.572451463471233e-07 6.951085010743191e-05
21.05649112826517 1196.023257237973 2.351071441376953e-07 6.35288855296394e-05
21.17705685220379 1202.871473732257 2.147248268184543e-07 5.802132892793747e-05
21.2983129140387 1209.758901896438 1.959723595777315e-07 5.295417816523471e-05
21.42026326652195 1216.685766249566 1.787317982981892e-07 4.829556326855891e-05
21.54291188503833 1223.652292596246 1.628926835283738e-07 4.401563671510165e-05
21.66626276773498 1230.658708034001 1.483516488012141e-07 4.008646759498673e-05
21.79031993565171 1237.705240960672 1.350120432609473e-07 3.648193964035414e-05
21.91508743285211 1244.792121081869 1.227835685206682e-07 3.317765309973634e-05
22.04056932655534 1251.919579418451 1.115819296362405e-07 3.015083042685156e-05
22.16676970726875 1259.087848314065 1.013285000486447e-07 2.738022574384332e-05
22.29369268892119 1266.297161442715 9.195000031592477e-08 2.48460380306415e-05
22.42134240899714 1273.547753816381 8.337819042767154e-08 2.252982798449446e-05
22.54972302867161 1280.83986179268 7.554957546937625e-08 2.041443848680278e-05
22.6788387329457 1288.173723082569 6.840512438094563e-08 1.848391860815889e-05
22.80869373078314 1295.549576758098 6.189000153308716e-08 1.672345107693521e-05
22.9392922552474 1302.9676632602 5.59533108270947e-08 1.511928313185148e-05
23.07063856363973 1310.42822440653 5.054785200766911e-08 1.365866067465661e-05
23.20273693763794 1317.931503399349 4.562988886473371e-08 1.232976563536531e-05
23.33559168343595 1325.477744833448 4.115892898862279e-08 1.112165645936039e-05
23.46920713188419 1333.067194704127 3.709751473346064e-08 1.002421162308809e-05
23.60358763863077 1340.700100415212 3.341102503588176e-08 9.028076083002073e-06
23.73873758426346 1348.376710787116 3.006748773038578e-08 8.124610560829213e-06
23.8746613744525 1356.097276064956 2.703740199845431e-08 7.305843567104309e-06
24.01136344009421 1363.862047926707 2.429357058598434e-08 6.564426064225948e-06
24.14884823745546 1371.671279491408 2.181094142250724e-08 5.893588669992151e-06
24.28712024831886 1379.525225327412 1.95664582759545e-08 5.28710130265361e-06
24.42618398012897 1387.424141460686 1.753892007830701e-08 4.739235168947863e-06
24.56604396613913 1395.368285383155 1.570884856021335e-08 4.244726997320657e-06
24.70670476555931 1403.357916061097 1.405836383649063e-08 3.798745419575026e-06
24.84817096370468 1411.393293943587 1.257106758922791e-08 3.396859405487433e-06
24.99044717214514 1419.474680970982 1.123193350090567e-08 3.035008656468777e-06
25.13353802885559 1427.602340583465 1.00272045964308e-08 2.709475866100625e-06
25.27744819836718 1435.77653772963 8.94429716017773e-09 2.416860757320157e-06
25.42218237191931 1443.99753887512 7.971710901938402e-09 2.154055808138351e-06
25.56774526761259 1452.265612011312 7.098945054034066e-09 1.918223580032087e-06
25.71414163056264 1460.581026664054 6.316420090653766e-09 1.706775565532124e-06
25.86137623305476 1468.944053902452 5.615404769682932e-09 1.51735247401434e-06
26.00945387469952 1477.354966347705 4.987948206802522e-09 1.347805877273304e-06
26.1583793825892 1485.814038181993 4.426816701407356e-09 1.196181139096714e-06
26.30815761145514 1494.321545157412 3.925435043850651e-09 1.060701555750128e-06
26.45879344382603 1502.87776460497 3.477832043613023e-09 9.397536370081715e-07
26.61029179018703 1511.482975443618 3.07859002816369e-09 8.3187346011636e-07
26.76265758913989 1520.137458189352 2.722798072481088e-09 7.357340318236638e-07
26.91589580756389 1528.841494964349 2.406008729382609e-09 6.501335963774054e-07
27.07001144077779 1537.595369506169 2.124198040938116e-09 5.739848301079562e-07
27.22500951270266 1546.399367177003 1.873728621270494e-09 5.063048659405535e-07
27.38089507602563 1555.253774972975 1.651315610944967e-09 4.462060938462544e-07
27.53767321236465 1564.158881533497 1.453995312886346e-09 3.928876858752114e-07
27.69534903243408 1573.11497715068 1.279096329312374e-09 3.456277969957239e-07
27.85392767621135 1582.122353778796 1.124213028508187e-09 3.037763954854442e-07
28.01341431310445 1591.181305043794 9.871811793704341e-10 2.667486790810095e-07
28.17381414212051 1600.292126252874 8.660556005020495e-10 2.340190354844108e-07
28.33513239203525 1609.455114404113 7.590896792249658e-10 2.051155081445338e-07
28.49737432156342 1618.670568196144 6.647166241857311e-10 1.796147304771459e-07
28.66054521953023 1627.938788037898 5.815323232481265e-10 1.571372938534714e-07
28.82465040504377 1637.260076058393 5.082796860899124e-10 1.373435167743586e-07
28.98969522766841 1646.634736116584 4.4383435834221e-10 1.199295846523892e-07
29.15568506759916 1656.063073811266 3.871917012264644e-10 1.046240315472343e-07
29.32262533583706 1665.545396491044 3.374549374536043e-10 9.118453703961443e-08
29.4905214743656 1675.08201326434 2.938243706531776e-10 7.939501318646333e-08
29.65937895632809 1684.673235009481 2.55587591798301e-10 6.906295817468149e-08
29.82920328620609 1694.319374384825 2.221105919882697e-10 6.001705488404536e-08
29.99999999999883 1704.020745838957 1.928297065487325e-10 5.210499408250123e-08
