##########################################################################################
#
# SZ signal computed with SZpack v1.1
# Runmode: combo
#
# General parameters:
# xmin= 0.1 xmax= 30 np= 1000
# Dtau= 0.01
# Te= 10keV (The ~ 0.0195695)
# betac= 0 muc= 1
# betao= 0 muo= 0
#
# Runmode specific parameters:
# eps= 0
# Te_order= 0 beta_order= 0
#
##########################################################################################
#
# Output format: x = (h nu/k T0) | nu [GHz] | x^3 Dn(x) | DI(x) in MJy/sr 
# Here a CMB temperature of T0 = 2.726 K is assumed.
#
##########################################################################################
0.1 5.680069152796746 -1.932222995359153e-06 -0.0005221107760894598
0.1005725822180163 5.712592218736688 -1.954372906267545e-06 -0.0005280959585463857
0.1011484429399965 5.745301505968956 -1.976776259543592e-06 -0.0005341496242951412
0.1017276009380712 5.778198080763555 -1.999435945237774e-06 -0.0005402725542634463
0.1023100750918572 5.811283015495766 -2.022354884460291e-06 -0.0005464655377717453
0.1028958843890723 5.844557388681094 -2.045536031556954e-06 -0.0005527293731211602
0.1034850479261547 5.878022285010439 -2.068982375771149e-06 -0.0005590648680425725
0.1040775849088855 5.911678795385444 -2.092696938487149e-06 -0.0005654728389517332
0.1046735146530145 5.94552801695406 -2.11668277532255e-06 -0.0005719541115146646
0.1052728565848904 5.979571053146315 -2.140942978058068e-06 -0.0005785095211691152
0.1058756302420932 6.013809013710278 -2.165480671738308e-06 -0.0005851399123411519
0.1064818552740721 6.048243014748245 -2.190299016667822e-06 -0.000591846138984519
0.1070915514427853 6.082874178753105 -2.2154012106175e-06 -0.0005986290651768339
0.1077047386233445 6.11770363464495 -2.240790485788693e-06 -0.0006054895642992536
0.1083214368046626 6.152732517807863 -2.266470110699485e-06 -0.00061242851954617
0.1089416660901059 6.187961970126936 -2.292443392675443e-06 -0.0006194468245982413
0.1095654466981485 6.223393140025492 -2.318713674684428e-06 -0.0006265453827671191
0.1101927989630322 6.259027182502523 -2.345284337099413e-06 -0.0006337251074717825
0.110823743335429 6.294865259170337 -2.372158800480049e-06 -0.000640986922990153
0.1114583003831076 6.330908538292432 -2.399340522287212e-06 -0.0006483317635713242
0.1120964907916045 6.367158194821569 -2.426832998508337e-06 -0.0006557605738747459
0.1127383353648975 6.403615410438085 -2.454639766734842e-06 -0.0006632743098017843
0.1133838550260844 6.440281373588403 -2.482764402767251e-06 -0.0006708739375783833
0.1140330708180651 6.477157279523786 -2.511210522088791e-06 -0.000678560434153248
0.1146860039042273 6.514244330339285 -2.539981783241958e-06 -0.0006863347881102355
0.1153426755691364 6.551543735012943 -2.569081884337185e-06 -0.0006941979987249536
0.1160031072192294 6.589056709445186 -2.598514564360226e-06 -0.0007021510763180325
0.1166673203835131 6.626784476498478 -2.62828360684941e-06 -0.0007101950432487639
0.1173353367142652 6.664728266037171 -2.658392836322452e-06 -0.0007183309329495816
0.1180071779877406 6.702889314967605 -2.688846119402956e-06 -0.0007265597902304562
0.1186828661048812 6.741268867278422 -2.71964736879834e-06 -0.0007348826723537795
0.1193624230920299 6.779868174081127 -2.750800539662103e-06 -0.000743300648051405
0.1200458711016482 6.81868849365086 -2.782309630524411e-06 -0.0007518147977761032
0.120733232413039 6.857731091467429 -2.814178687567393e-06 -0.0007604262148568
0.1214245294330723 6.896997240256544 -2.846411800943033e-06 -0.0007691360045036243
0.122119784696916 6.936488220031327 -2.879013105493023e-06 -0.0007779452840024228
0.1228190208687703 6.976205318134021 -2.911986785316097e-06 -0.000786855183948909
0.1235222607426066 7.016149829277962 -2.94533707006391e-06 -0.000795866847247766
0.1242295272429105 7.056323055589788 -2.979068235435164e-06 -0.0008049814292461618
0.1249408434254291 7.096726306651878 -3.013184608026891e-06 -0.0008142000990446302
0.1256562324779227 7.137360899545049 -3.047690561633819e-06 -0.0008235240384971112
0.1263757177209204 7.178228158891492 -3.082590517501519e-06 -0.0008329544422793545
0.1270993226084809 7.21932941689794 -3.117888949450877e-06 -0.0008424925192736174
0.1278270707289562 7.260666013399115 -3.153590380209334e-06 -0.0008521394915773172
0.1285589858057613 7.30223929590139 -3.189699381407089e-06 -0.0008618965945020088
0.1292950916981471 7.34405061962672 -3.226220578962689e-06 -0.0008717650780286356
0.1300354124019786 7.386101347556816 -3.263158649476069e-06 -0.000881746205832884
0.1307799720505164 7.428392850477588 -3.300518319951593e-06 -0.0008918412552103484
0.1315287949152043 7.470926507023815 -3.33830437343177e-06 -0.0009020515185988275
0.1322819054064599 7.513703703724098 -3.376521645482895e-06 -0.000912378302628704
0.1330393280744704 7.556725835046054 -3.415175023629003e-06 -0.0009228229279699899
0.1338010876099932 7.599994303441769 -3.454269453219352e-06 -0.0009333867309177952
0.1345672088451604 7.643510519393527 -3.493809934038756e-06 -0.0009440710624763955
0.1353377167542886 7.687275901459778 -3.533801519436439e-06 -0.0009548772881238399
0.1361126364546929 7.731291876321388 -3.574249322411997e-06 -0.0009658067894564525
0.1368919932075056 7.775559878828142 -3.615158512383256e-06 -0.0009768609633154666
0.1376758124184999 7.820081352045521 -3.65653431399443e-06 -0.000988041221464976
0.1384641196389176 7.864857747301739 -3.698382013404021e-06 -0.0009993489922910024
0.1392569405663029 7.909890524235067 -3.740706955243962e-06 -0.001010785719979819
0.140054301045339 7.95518115084139 -3.783514541091801e-06 -0.001022352864105116
0.1408562270686916 8.00073110352209 -3.826810235942764e-06 -0.00103405190137683
0.1416627447778556 8.046541867132156 -3.870599565394827e-06 -0.001045884324880517
0.1424738804640074 8.092614935028589 -3.914888113770087e-06 -0.001057851643569727
0.143289660568862 8.138951809119092 -3.959681530751931e-06 -0.001069955384059443
0.1441101116855352 8.185553999911024 -4.004985528831412e-06 -0.001082197089936066
0.14493526055941 8.232423026560634 -4.050805881063526e-06 -0.001094578321151128
0.1457651340890087 8.279560416922598 -4.097148427849332e-06 -0.00110710065585391
0.14659975932687 8.326967707599811 -4.144019074679447e-06 -0.001119765689781704
0.1474391634804303 8.374646443993486 -4.191423789511728e-06 -0.001132575035551228
0.1482833739129112 8.422598180353527 -4.239368609676758e-06 -0.00114553032452458
0.1491324181442111 8.470824479829192 -4.28785963995503e-06 -0.001158633206289663
0.1499863238518026 8.519326914520065 -4.336903049563191e-06 -0.001171885347845835
0.1508451188716343 8.568107065527283 -4.386505079160155e-06 -0.001185288435497046
0.1517088311990388 8.617166523005089 -4.436672039294714e-06 -0.001198844174432362
0.1525774889896448 8.666506886212668 -4.487410306988627e-06 -0.001212554287802677
0.1534511205602953 8.716129763566279 -4.538726332819357e-06 -0.001226420518634553
0.1543297543899703 8.766036772691683 -4.590626639774971e-06 -0.001240444629520802
0.1552134191207155 8.816229540476883 -4.643117819423504e-06 -0.001254628401585399
0.1561021435585758 8.866709703125153 -4.696206539047002e-06 -0.00126897363641119
0.1569959566745344 8.917478906208371 -4.749899540940758e-06 -0.001283482155850537
0.1578948876054574 8.968538804720675 -4.80420363815954e-06 -0.001298155800875896
0.158798965655043 9.019891063132395 -4.859125721676438e-06 -0.001312996433514225
0.1597082202947776 9.071537355444333 -4.914672760163183e-06 -0.001328005936787627
0.1606226811648958 9.123479365242311 -4.970851795305439e-06 -0.001343186213447479
0.1615423780753469 9.175718785752073 -5.027669948958634e-06 -0.001358539187908031
0.162467341006767 9.228257319894471 -5.085134423445868e-06 -0.001374066806326901
0.1633976001114557 9.281096680340971 -5.143252496435997e-06 -0.001389771035221072
0.1643331857143592 9.334238589569503 -5.202031528067499e-06 -0.001405653863391847
0.1652741283140593 9.387684779920594 -5.261478961799739e-06 -0.001421717302154875
0.166220458583767 9.441436993653841 -5.321602318849601e-06 -0.001437963383836856
0.1671722073723228 9.495496983004713 -5.382409205253073e-06 -0.001454394163683672
0.168129405705202 9.549866510241671 -5.44390731330498e-06 -0.001471011720249417
0.1690920847855265 9.604547347723607 -5.506104415551927e-06 -0.001487818153773221
0.1700602759950814 9.659541277957624 -5.569008371760138e-06 -0.001504815588062042
0.1710340108953387 9.714850093657153 -5.632627130977731e-06 -0.001522006171047921
0.1720133212284854 9.770475597800374 -5.696968725083803e-06 -0.001539392073044865
0.1729982389184589 9.826419603688997 -5.762041275629868e-06 -0.001556975488597484
0.1739887960719873 9.882683935007387 -5.827852996557679e-06 -0.001574758637215387
0.1749850249796361 9.93927042588199 -5.894412187307203e-06 -0.001592743761510868
0.1759869581168609 9.996180920941143 -5.961727239497924e-06 -0.001610933129004275
0.1769946281450658 10.05341727537519 -6.029806640332083e-06 -0.001629329033043613
0.1780080679126685 10.11098135499696 -6.098658965267666e-06 -0.001647933790824688
0.1790273104561707 10.16887503630262 -6.168292884505404e-06 -0.001666749745143982
0.1800523890012356 10.22710020653278 -6.238717167106076e-06 -0.001685779265511193
0.1810833369637702 10.28565876373409 -6.309940673236824e-06 -0.001705024746054097
0.1821201879510152 10.34455261682107 -6.381972360427957e-06 -0.001724488607209214
0.1831629757626405 10.40378368563832 -6.454821288431104e-06 -0.001744173297034541
0.1842117343918469 10.46335390102317 -6.528496611050861e-06 -0.001764081289002359
0.185266498026474 10.52326520486854 -6.603007582134737e-06 -0.001784215083617793
0.1863273010501151 10.58351955018631 -6.678363561195663e-06 -0.001804577209938088
0.1873941780432377 10.64411890117096 -6.754574004844874e-06 -0.001825170223257659
0.1884671637843111 10.70506523326357 -6.83164847247758e-06 -0.001845996706644435
0.1895462932509396 10.76636053321628 -6.909596632680397e-06 -0.001867059272671227
0.1906316016210035 10.828006799157 -6.988428254284956e-06 -0.001888360560998301
0.191723124273805 10.89000604065457 -7.068153211711101e-06 -0.001909903239817174
0.1928208967912221 10.95236027878425 -7.148781492176205e-06 -0.001931690007798666
0.1939249549588681 11.01507154619365 -7.23032318639384e-06 -0.001953723591579562
0.1950353347672587 11.07814188716893 -7.312788493535638e-06 -0.001976006747103367
0.1961520724129845 11.14157335770147 -7.396187729254894e-06 -0.001998542261788386
0.1972752042998917 11.20536802555491 -7.480531316059399e-06 -0.002021332951926345
0.1984047670402682 11.26952797033251 -7.565829787852767e-06 -0.002044381663909509
0.1995407974560374 11.33405528354501 -7.652093798780277e-06 -0.002067691276620945
0.2006833325799585 11.39895206867872 -7.739334113309917e-06 -0.002091264698754291
0.2018324096568339 11.46422044126418 -7.827561610313479e-06 -0.002115104869916521
0.2029880661447227 11.52986252894505 -7.916787292737597e-06 -0.002139214763241183
0.2041503397161625 11.59588047154751 -8.007022277432501e-06 -0.002163597382639996
0.2053192682593971 11.66227642115001 -8.098277798733098e-06 -0.002188255763770507
0.2064948898796115 11.72905254215342 -8.190565218952169e-06 -0.002213192976871481
0.2076772429001745 11.79621101135158 -8.283896018002541e-06 -0.002238412123958684
0.2088663658638873 11.86375401800225 -8.378281796438023e-06 -0.002263916339646583
0.2100622975342408 11.93168376389853 -8.473734286759673e-06 -0.002289708794203436
0.2112650768966783 12.00000246344055 -8.570265342883207e-06 -0.002315792690705261
0.2124747431598671 12.06871234370772 -8.667886942599994e-06 -0.00234217126570082
0.2136913357569763 12.13781564453133 -8.76661119968012e-06 -0.002368847792482026
0.2149148943469622 12.20731461856751 -8.866450353243802e-06 -0.002395825578211959
0.2161454588158614 12.27721153137074 -8.967416769602901e-06 -0.002423107964422471
0.2173830692780907 12.34750866146761 -9.069522955136871e-06 -0.002450698330493425
0.2186277660777551 12.41820830043119 -9.172781545634184e-06 -0.002478600090772619
0.2198795897899625 12.48931275295568 -9.277205307475315e-06 -0.002506816694895436
0.221138581222147 12.56082433693154 -9.38280715124942e-06 -0.00253535163146425
0.2224047814153985 12.63274538352107 -9.489600121139736e-06 -0.002564208425180219
0.223678231645801 12.70507823723439 -9.597597395408522e-06 -0.00259339063697433
0.2249589734257781 12.77782525600585 -9.70681230071543e-06 -0.002622901867876396
0.2262470485054461 12.85098881127093 -9.817258301627657e-06 -0.002652745756180573
0.2275424988739749 12.92457128804353 -9.928949000365915e-06 -0.002682925977376712
0.2288453667609572 12.99857508499371 -1.004189815178234e-05 -0.002713446248197582
0.2301556946377846 13.07300261452587 -1.015611965307863e-05 -0.002744310323840583
0.2314735252190324 13.14785630285745 -1.027162754277302e-05 -0.002775521997688602
0.232798901463852 13.22313859009795 -1.038843601629212e-05 -0.002807085105523133
0.2341318665773713 13.2988519303285 -1.050655941598264e-05 -0.002839003522825315
0.2354724640121029 13.37499879168188 -1.062601222925984e-05 -0.002871281164275614
0.2368207374693611 13.45158165642294 -1.074680910476507e-05 -0.002903921988119809
0.2381767309006856 13.52860302102956 -1.086896484275793e-05 -0.002936929993572811
0.2395404885092755 13.60606539627399 -1.099249439240825e-05 -0.002970309220086945
0.2409120547514289 13.68397130730472 -1.111741286846789e-05 -0.00300406375185686
0.2422914743379932 13.7623232937288 -1.124373554213141e-05 -0.00303819771534998
0.2436787922358221 13.8411239096946 -1.137147783743546e-05 -0.003072715278333568
0.2450740536692412 13.92037572397511 -1.150065534838994e-05 -0.003107620654503782
0.246477304121523 14.00008132005165 -1.163128383039664e-05 -0.003142918101166881
0.2478885893363688 14.08024329619808 -1.176337919572143e-05 -0.003178611918015763
0.2493079553194002 14.16086426556554 -1.189695753102724e-05 -0.003214706451867584
0.2507354483396591 14.24194685626759 -1.203203508944025e-05 -0.003251206094519944
0.2521711149311153 14.32349371146591 -1.216862828506294e-05 -0.00328811528126826
0.2536150018941843 14.40550748945644 -1.230675371084788e-05 -0.003325438495735471
0.255067156297252 14.48799086375607 -1.244642813140169e-05 -0.003363180267927576
0.2565276254782099 14.57094652318976 -1.258766847650919e-05 -0.0034013451724838
0.2579964570459976 14.65437717197821 -1.273049185928422e-05 -0.003439937833581145
0.2594736988821549 14.73828552982599 -1.287491556980116e-05 -0.003478962923213565
0.2609593991423833 14.82267433201024 -1.302095706760359e-05 -0.003518425159167715
0.2624536062581146 14.9075463294698 -1.316863400006533e-05 -0.003558329309984313
0.2639563689380911 14.99290428889488 -1.331796419693856e-05 -0.003598680193484994
0.2654677361699521 15.07875099281729 -1.346896566182357e-05 -0.003639482674467322
0.2669877572218316 15.16508923970112 -1.362165659067066e-05 -0.003680741669704231
0.2685164816439643 15.25192184403395 -1.377605536733236e-05 -0.003722462146742195
0.2700539592703006 15.33925163641863 -1.39321805539749e-05 -0.003764649121310259
0.2716002402201312 15.42708146366553 -1.409005090964845e-05 -0.003807307662337981
0.2731553748997212 15.51541418888536 -1.424968538692942e-05 -0.00385044289104812
0.2747194140039527 15.6042526915825 -1.441110312125817e-05 -0.003894059978075551
0.2762924085179779 15.69359986774883 -1.457432344950287e-05 -0.003938164148483468
0.2778744097188807 15.78345862995818 -1.473936590777512e-05 -0.003982760681173124
0.2794654691773487 15.87383190746128 -1.490625021968304e-05 -0.004027854905709666
0.281065638759354 15.9647226462812 -1.507499631481144e-05 -0.004073452207315726
0.2826749706278439 16.05613380930942 -1.5245624327791e-05 -0.00411955802661988
0.2842935172444417 16.14806837640242 -1.541815458546096e-05 -0.004166177856187861
0.2859213313711564 16.24052934447882 -1.559260762518643e-05 -0.00421331724547212
0.2875584660721031 16.33351972761702 -1.576900419525678e-05 -0.004260981800919473
0.2892049747152323 16.42704255715354 -1.594736524095801e-05 -0.004309177182207692
0.2908609109740702 16.52110088178177 -1.612771192264576e-05 -0.004357909107129043
0.2925263288294679 16.61569776765138 -1.63100656175446e-05 -0.004407183352076487
0.2942012825713613 16.71083629846828 -1.649444790473579e-05 -0.004457005747987189
0.2958858268005408 16.80651957559512 -1.668088058290234e-05 -0.004507382185137435
0.2975800164304311 16.9027507181524 -1.686938567359609e-05 -0.004558318614025467
0.2992839066888817 16.99953286312016 -1.705998540515267e-05 -0.004609821041025073
0.3009975531199667 17.09686916544022 -1.725270223002409e-05 -0.0046618955330691
0.3027210115857957 17.19476279811904 -1.74475588295732e-05 -0.004714548218944951
0.304454338268335 17.29321695233115 -1.764457809693536e-05 -0.004767785284663604
0.3061975896712386 17.39223483752318 -1.784378315385275e-05 -0.004821612978008469
0.3079508226216906 17.49181968151847 -1.804519735704886e-05 -0.00487603761025782
0.3097140942722573 17.59197473062232 -1.824884428006352e-05 -0.004931065551276423
0.3114874621027504 17.69270324972777 -1.84547477295021e-05 -0.004986703233906264
0.313270983922101 17.79400852242211 -1.866293175303514e-05 -0.005042957156128144
0.3150647178702435 17.8958938510938 -1.887342062024103e-05 -0.005099833875885138
0.3168687224200117 17.99836255704023 -1.908623883818307e-05 -0.005157340015291704
0.3186830563790441 18.10141798057594 -1.93014111610699e-05 -0.005215482263244056
0.3205077788917013 18.20506348114152 -1.951896257014904e-05 -0.005274267369987161
0.3223429494409941 18.30930243741311 -1.973891828852442e-05 -0.005333702151118588
0.3241886278505225 18.41413824741257 -1.996130379250367e-05 -0.005393793490654722
0.3260448742864256 18.51957432861819 -2.018614479059415e-05 -0.005454548335355205
0.3279117492593432 18.62561411807616 -2.041346723747412e-05 -0.005515973698498134
0.3297893136263883 18.73226107251259 -2.064329734704215e-05 -0.005578076663406171
0.3316776285931309 18.83951866844619 -2.087566157057675e-05 -0.005640864377544996
0.3335767557155933 18.94739040230157 -2.11105866097748e-05 -0.005704344056046463
0.3354867569022564 19.05587979052327 -2.134809943150662e-05 -0.0057685229856956
0.3374076944160783 19.16499036969036 -2.158822724520994e-05 -0.005833408518822175
0.3393396308765235 19.27472569663175 -2.183099751491107e-05 -0.005899008076548969
0.3412826292616045 19.38508934854208 -2.207643797567554e-05 -0.005965329153236948
0.3432367529099349 19.4960849230984 -2.232457661031769e-05 -0.006032379310191898
0.3452020655227936 19.60771603857741 -2.257544166032165e-05 -0.006100166178615406
0.3471786311662021 19.71998633397343 -2.282906164396424e-05 -0.006168697464501908
0.3491665142730121 19.83289946911701 -2.308546533243128e-05 -0.006237980942185001
0.3511657796450067 19.94645912479422 -2.334468175955803e-05 -0.006308024456969446
0.3531764924550122 20.06066900286667 -2.360674024158619e-05 -0.006378835930469748
0.3551987182490232 20.17553282639219 -2.387167035278883e-05 -0.006450423354023709
0.3572325229483389 20.29105433974615 -2.413950193395301e-05 -0.006522794790984537
0.359277972851712 20.40723730874356 -2.441026511371684e-05 -0.00659595838248639
0.3613351346375103 20.52408552076181 -2.468399028381595e-05 -0.006669922340755658
0.3634040753658899 20.64160278486415 -2.496070810623459e-05 -0.006744694951043286
0.3654848624809815 20.75979293192383 -2.524044953605201e-05 -0.006820284577798142
0.3675775638130889 20.87865981474903 -2.55232457964346e-05 -0.00689669965790959
0.3696822475809001 20.9982073082084 -2.580912838438572e-05 -0.006973948702261158
0.3717989823937112 21.11843930935739 -2.609812909501377e-05 -0.007052040302288085
0.3739278372536631 21.23935973756533 -2.639027999640418e-05 -0.007130983123187403
0.3760688815579905 21.36097253464314 -2.668561343390458e-05 -0.007210785905075857
0.3782221851012842 21.48328166497185 -2.698416205570746e-05 -0.007291457469902652
0.3803878180777668 21.60629111563183 -2.728595878774808e-05 -0.007373006714666559
0.3825658510835803 21.73000489653277 -2.759103683646627e-05 -0.007455442612162183
0.3847563551190875 21.85442704054439 -2.789942971557858e-05 -0.007538774218214131
0.386959401591187 21.97956160362788 -2.821117122115833e-05 -0.007623010664943351
0.3891750623156403 22.10541266496819 -2.852629543282219e-05 -0.007708161161087723
0.3914034095194134 22.23198432710692 -2.884483674154702e-05 -0.007794234999518549
0.3936445158430311 22.3592807160761 -2.916682982509903e-05 -0.007881241550601195
0.3958984543429445 22.4873059815327 -2.949230964759769e-05 -0.007969190262077248
0.3981652984939135 22.61606429689386 -2.982131148821948e-05 -0.008058090666820632
0.4004451221914011 22.74555985947301 -3.015387091714624e-05 -0.008147952376338556
0.4027379997539826 22.87579689061659 -3.04900237934636e-05 -0.008238785080203639
0.4050440059257684 23.00677963584179 -3.082980629458859e-05 -0.008330598554005616
0.4073632158788402 23.13851236497481 -3.11732548929041e-05 -0.008423402653037685
0.4096957052157017 23.27099937229016 -3.152040635195521e-05 -0.008517207311268694
0.4120415499717432 23.40424497665057 -3.187129775642995e-05 -0.008612022549444334
0.41440082661772 23.53825352164784 -3.222596648964427e-05 -0.008707858469003283
0.4167736120622456 23.67302937574438 -3.258445022800979e-05 -0.008804725250582334
0.4191599836542982 23.80857693241567 -3.294678697138832e-05 -0.008902633162218551
0.4215600191857427 23.94490061029341 -3.33130150215831e-05 -0.009001592553537347
0.4239737968938662 24.08200485330962 -3.368317297506355e-05 -0.009101613853786621
0.426401395463929 24.21989413084149 -3.405729975351455e-05 -0.009202707580091535
0.4288428940317287 24.35857293785705 -3.44354345834742e-05 -0.009304884331952409
0.4312983721861808 24.49804579506175 -3.481761698731151e-05 -0.009408154788806768
0.4337679099719126 24.63831724904576 -3.520388681378887e-05 -0.009512529718287694
0.4362515878918726 24.77939187243224 -3.559428421897701e-05 -0.009618019971066826
0.4387494869099552 24.92127426402636 -3.598884965549285e-05 -0.009724636477946287
0.4412616884536393 25.06396904896524 -3.638762390288983e-05 -0.009832390258070525
0.4437882744166432 25.20748087886872 -3.67906480499673e-05 -0.009941292414146097
0.4463293271615942 25.35181443199097 -3.719796348228931e-05 -0.01005135412906908
0.4488849295227132 25.49697441337304 -3.760961191221481e-05 -0.01016258667403963
0.4514551648085152 25.64296555499618 -3.802563536270323e-05 -0.010275001404186
0.4540401168045248 25.78979261593612 -3.844607615314892e-05 -0.0103886097547369
0.4566398697760079 25.93746038251825 -3.887097692886327e-05 -0.01050342324898786
0.459254508470718 26.08597366847357 -3.930038064645916e-05 -0.01061945349435196
0.4618841181216594 26.23533731509565 -3.97343305580508e-05 -0.01073671217809046
0.4645287844498653 26.38555619139848 -4.017287023999958e-05 -0.01085521107508021
0.4671885936671925 26.53663519427512 -4.061604357994134e-05 -0.01097496204430835
0.4698636324791312 26.68857924865739 -4.106389475941546e-05 -0.01109597702417839
0.472553988087632 26.84139330767639 -4.151646828168878e-05 -0.01121826804002863
0.4752597481939486 26.99508235282396 -4.197380896046743e-05 -0.01134184720108194
0.4779810010014961 27.14965139411508 -4.24359619010346e-05 -0.01146672669534896
0.4807178352187269 27.3051054702512 -4.290297252696879e-05 -0.01159291879684768
0.4834703400620222 27.46144964878444 -4.337488657055851e-05 -0.0117204358630134
0.4862386052586001 27.61868902628288 -4.385175005254621e-05 -0.01184929032922528
0.4890227210494413 27.77682872849659 -4.433360930756347e-05 -0.01197949471567923
0.4918227781922297 27.9358739105248 -4.482051097623322e-05 -0.01211106162525385
0.4946388679643121 28.09582975698391 -4.531250198363592e-05 -0.01224400373769171
0.4974710821656728 28.25670148217653 -4.580962956329196e-05 -0.01237833381607971
0.5003195131219266 28.41849433026141 -4.631194125091302e-05 -0.01251406470516059
0.5031842536873283 28.58121357542445 -4.681948486171831e-05 -0.01265120932520356
0.5060653972477999 28.74486452205059 -4.73323085128015e-05 -0.01278978067804801
0.5089630377239742 28.90945250489672 -4.785046061846043e-05 -0.01292979184584165
0.5118772695742572 29.07498288926562 -4.837398986651266e-05 -0.01307125598464064
0.5148081877979066 29.24146107118083 -4.890294523889203e-05 -0.013214186329975
0.5177558879381293 29.40889247756257 -4.943737600845408e-05 -0.01335859619598545
0.5207204660851954 29.57728256640462 -4.997733171445512e-05 -0.01350449896879752
0.5237020188795707 29.74663682695228 -5.052286218123759e-05 -0.01365190811157055
0.5267006435150674 29.91696077988129 -5.107401751637205e-05 -0.01380083716399569
0.529716437742012 30.0882599774778 -5.163084808548061e-05 -0.01395129973549281
0.5327494998704321 30.26054000381935 -5.219340452888445e-05 -0.01410330950970891
0.5357999287732609 30.43380647495692 -5.276173776090676e-05 -0.01425688024432976
0.5388678238895604 30.60806503909801 -5.333589894423709e-05 -0.01441202576415281
0.5419532852277633 30.78332137679074 -5.391593950443087e-05 -0.01456875996500515
0.5450564133689325 30.95958120110905 -5.450191113015845e-05 -0.01472709681381083
0.5481773094700404 31.13685025783892 -5.509386574732262e-05 -0.01488705034159703
0.5513160752672659 31.31513432566566 -5.569185553131719e-05 -0.01504863464680655
0.5544728130793115 31.49443921636233 -5.629593290796923e-05 -0.01521186389555238
0.5576476258107383 31.67477077497917 -5.690615052763419e-05 -0.01537675231461786
0.5608406169553206 31.85613488003412 -5.752256127514298e-05 -0.01554331419414454
0.5640518905994196 32.03853744370448 -5.814521827114236e-05 -0.01571156388799437
0.5672815514253765 32.22198441201961 -5.877417484640394e-05 -0.01588151580680763
0.5705297047149251 32.40648176505482 -5.940948454941433e-05 -0.01605318442005393
0.5737964563526237 32.59203551712622 -6.005120114777223e-05 -0.01622658425640969
0.5770819128293063 32.77865171698683 -6.069937860296094e-05 -0.0164017298969414
0.5803861812455552 32.96633644802378 -6.135407107556241e-05 -0.01657863597651445
0.583709369315191 33.1550958284566 -6.201533292633651e-05 -0.01675731718408482
0.5870515853687848 33.3449360115366 -6.268321869169919e-05 -0.01693778825607296
0.5904129383571891 33.53586318574757 -6.335778308656523e-05 -0.01712006397713195
0.5937935378550898 33.72788357500742 -6.403908100470316e-05 -0.01730415918024333
0.5971934940645779 33.92100343887115 -6.472716749517176e-05 -0.01749008874035006
0.6006129178187418 34.11522907273482 -6.542209776282771e-05 -0.01767786757449361
0.6040519205852807 34.31056680804082 -6.612392716749646e-05 -0.01786751064158996
0.6075106144701379 34.50702301248426 -6.683271120162006e-05 -0.01805903293638974
0.6109891122211554 34.70460409022053 -6.754850548850482e-05 -0.01825244948900474
0.6144875272317493 34.90331648207409 -6.827136577981296e-05 -0.01844777536423013
0.6180059735446062 35.10316666574838 -6.900134793466487e-05 -0.0186450256558976
0.621544565855401 35.30416115603708 -6.97385079157378e-05 -0.01884421548582121
0.6251034195165355 35.50630650503636 -7.048290178454985e-05 -0.01904536000252305
0.6286826505408989 35.70960930235856 -7.123458568224751e-05 -0.01924847437604179
0.6322823756056495 35.91407617534695 -7.199361582370285e-05 -0.01945357379633767
0.6359027120560183 36.1197137892918 -7.27600484900334e-05 -0.0196606734712713
0.6395437779091344 36.32652884764767 -7.353394001128486e-05 -0.01986978862192426
0.6432056918578717 36.53452809225185 -7.431534675871656e-05 -0.0200809344805146
0.6468885732747185 36.74371830354425 -7.51043251339751e-05 -0.02029412628747137
0.6505925422156688 36.95410630078834 -7.590093155385321e-05 -0.02050937928731629
0.6543177194241357 37.16569894229349 -7.670522244099827e-05 -0.02072670872615311
0.658064226334888 37.37850312563852 -7.751725420913849e-05 -0.02094612984767546
0.661832185078008 37.5925257878966 -7.833708325006234e-05 -0.02116765788964862
0.6656217184828733 37.80777390586127 -7.916476592302939e-05 -0.02139130808104814
0.6694329500821606 38.02425449627404 -8.000035853543823e-05 -0.02161709563683608
0.6732660041158729 38.24197461605296 -8.084391733212279e-05 -0.02184503575506876
0.6771210055353891 38.46094136252277 -8.169549848379245e-05 -0.02207514361377311
0.6809980800075378 38.68116187364625 -8.255515806253065e-05 -0.0223074343643261
0.6848973539186932 38.90264332825684 -8.342295203344329e-05 -0.02254192312919806
0.6888189543788957 39.12539294629274 -8.429893624250652e-05 -0.02277862499866893
0.692763009225995 39.34941798903221 -8.518316638629319e-05 -0.02301755502264805
0.6967296470298175 39.57472575933031 -8.607569800593702e-05 -0.02325872820904313
0.7007189970963579 39.80132360185694 -8.697658647481683e-05 -0.02350215952043245
0.7047311894719936 40.02921890333629 -8.788588696193045e-05 -0.02374786386416798
0.7087663549477249 40.25841909278761 -8.880365442805097e-05 -0.02399585609133676
0.7128246250634377 40.48893164176737 -8.972994361373676e-05 -0.02424615099352106
0.7169061321121921 40.72076406461291 -9.066480899579044e-05 -0.02449876329103307
0.7210110091445349 40.95392391868724 -9.160830478539734e-05 -0.02475370763241186
0.7251393899728362 41.18841880462556 -9.256048491700557e-05 -0.02501099859141866
0.7292914091756524 41.42425636658292 -9.35214029973415e-05 -0.02527065065326017
0.7334672021021126 41.66144429248345 -9.449111230521767e-05 -0.0255326782145367
0.7376669048763308 41.89999031427097 -9.54696657818896e-05 -0.02579709558063644
0.7418906544018438 42.13990220816103 -9.645711597213411e-05 -0.02606391694981408
0.7461385883660734 42.38118779489442 -9.74535150253103e-05 -0.0263331564134775
0.7504108452448153 42.62385493999206 -9.845891468785775e-05 -0.0266048279541607
0.7547075643067528 42.86791155401152 -9.947336623598731e-05 -0.02687894542733602
0.7590288856179971 43.11336559280474 -0.0001004969204774669 -0.02715552256189664
0.7633749500466529 43.36022505777749 -0.0001015296277469885 -0.02743457295890472
0.7677458992674107 43.60849799615016 -0.0001025715378300677 -0.02771611007102817
0.772141875766165 43.8581925012201 -0.000103622699964911 -0.02800014720304505
0.7765630228446594 44.10931671262544 -0.0001046831628414326 -0.02828669751157806
0.7810094846251576 44.36187881661041 -0.0001057529745160244 -0.02857577398206427
0.7854814060551419 44.61588704629226 -0.0001068321824127318 -0.02886738942907277
0.7899789329120379 44.87134968192956 -0.0001079208333267646 -0.02916155649725349
0.794502211807967 45.12827505119218 -0.0001090189733298587 -0.02945828763576464
0.7990513901945254 45.3866715294328 -0.0001101266477698624 -0.02975759509816096
0.8036266163675911 45.64654753995978 -0.0001112439012796389 -0.03005949094479933
0.8082280394721579 45.90791155431194 -0.0001123707776728167 -0.03036398701466915
0.8128558095071972 46.17077209253458 -0.0001135073199407552 -0.03067109492457246
0.8175100773305477 46.43513772345725 -0.0001146535702677879 -0.03098082607324279
0.8221909946638336 46.70101706497314 -0.0001158095699172402 -0.03129319161054586
0.8268987140974099 46.96841878431993 -0.0001169753592246085 -0.03160820243563632
0.8316333890953369 47.23735159836236 -0.0001181509776201369 -0.03192586920305842
0.836395174000383 47.50782427387641 -0.0001193364635050774 -0.03224620228930986
0.8411842240390556 47.77984562783505 -0.0001205318542397734 -0.03256921178962183
0.8460006953266614 48.05342452769567 -0.0001217371861746101 -0.03289490752632226
0.850844744872396 48.32856989168913 -0.0001229524945165848 -0.03322329901278135
0.8557165305844614 48.60529068911051 -0.0001241778133108533 -0.0335543954484252
0.8606162112752139 48.88359594061149 -0.0001254131754811244 -0.033888205729651
0.8655439466663413 49.16349471849436 -0.0001266586126867209 -0.03422473841120301
0.8704998973940691 49.44499614700783 -0.0001279141552960058 -0.03456400169899205
0.8754842250143975 49.72810940264444 -0.0001291798324373176 -0.03490600346385882
0.8804970920083676 50.01284371443966 -0.0001304556718468205 -0.03525075120046117
0.885538661787358 50.29920836427282 -0.000131741699832095 -0.03559825201743579
0.8906090986984118 50.5872126871696 -0.0001330379413347244 -0.03594851265430984
0.895708568029594 50.87686607160641 -0.0001343444197693587 -0.03630153943801411
0.9008372360153797 51.16817795981639 -0.0001356611569756234 -0.03665733826988803
0.9059952698420731 51.46115784809722 -0.0001369881732934742 -0.03701591464604157
0.9111828376532575 51.75581528712072 -0.0001383254873940297 -0.03737727361164413
0.9164001085552762 52.05215988224413 -0.000139673116217835 -0.03774141974424242
0.9216472526227456 52.35020129382327 -0.0001410310750640858 -0.03810835717787012
0.9269244409040991 52.64994923752743 -0.0001423993774139337 -0.03847808955530274
0.9322318454271628 52.95141348465611 -0.0001437780348530216 -0.03885062000712563
0.9375696392047638 53.25460386245752 -0.000145167057175663 -0.03922595117988453
0.9429379962403697 53.55953025444897 -0.0001465664522014598 -0.03960408518653354
0.9483370915337611 53.866202600739 -0.0001479762256799425 -0.03998502358066756
0.9537671010867362 54.17463089835145 -0.0001493963814107316 -0.04036876738899148
0.9592282019088483 54.48482520155136 -0.0001508269210544789 -0.04075531706023418
0.9647205720231756 54.7967956221727 -0.0001522678440173508 -0.04114467243393437
0.9702443904721253 55.11055232994799 -0.0001537191475881455 -0.04153683277749149
0.9757998373232691 55.42610555283983 -0.0001551808267447208 -0.04193179673386002
0.9813870936752139 55.74346557737432 -0.0001566528740160036 -0.04232956228426275
0.987006341663505 56.06264274897639 -0.0001581352796369469 -0.04273012679006205
0.9926577644665633 56.38364747230703 -0.0001596280313517777 -0.04313348693959505
0.9983415463116567 56.70649021160244 -0.000161131114251173 -0.04353963870417656
1.004057872480906 57.03118149101523 -0.0001626445109458325 -0.04394857738500051
1.009806929317324 57.35773189495738 -0.0001641682013680447 -0.04436029755952076
1.015588904230892 57.68615206844535 -0.0001657021625816684 -0.04477479303010558
1.021403985704664 58.0164527174471 -0.0001672463689749518 -0.04519205687613989
1.027252363300919 58.34864460923103 -0.0001688007920620947 -0.04561208140040484
1.033134227667332 58.68273857271701 -0.0001703654002636826 -0.04603485806974843
1.039049770543195 59.01874549882938 -0.0001719401591192289 -0.04646037757251689
1.044999184765664 59.35667634085196 -0.0001735250310905768 -0.04688862976543166
1.050982664276048 59.69654211478515 -0.0001751199753104961 -0.04731960360565691
1.057000404126126 60.03835389970502 -0.0001767249478152198 -0.04775328721363392
1.063052600484512 60.38212283812441 -0.000178339901351704 -0.04818966782100033
1.069139450643046 60.72786013635626 -0.0001799647850921941 -0.04862873169346229
1.075261153023225 61.07557706487884 -0.0001815995448867974 -0.04907046419904276
1.081417907182673 61.42528495870317 -0.0001832441230767898 -0.04951484975763463
1.087609913821645 61.77699521774252 -0.0001848984581730932 -0.04996187175412133
1.09383737478957 62.13071930718408 -0.0001865624851286668 -0.05041151261198041
1.100100493091631 62.48646875786262 -0.0001882361351602019 -0.05086375374510309
1.106399472895383 62.84425516663644 -0.0001899193353886567 -0.05131857546066246
1.112734519537408 63.20409019676538 -0.0001916120091309347 -0.05177595703792846
1.119105839530008 63.56598557829103 -0.0001933140757324734 -0.05223587668303142
1.125513640567939 63.92995310841912 -0.0001950254501682151 -0.0526983114211392
1.131958131535179 64.29600465190407 -0.0001967460433527107 -0.05316323718025132
1.138439522511738 64.66415214143581 -0.0001984757619862469 -0.05363062874962041
1.14495802478051 65.03440757802866 -0.0002002145081149399 -0.05410045966088421
1.151513850834154 65.40678303141269 -0.0002019621794580142 -0.05457270227650024
1.158107214382025 65.78129064042704 -0.0002037186692702482 -0.05504732775257697
1.16473833035714 66.15794261341573 -0.0002054838658602411 -0.05552430590870347
1.171407414923184 66.53675122862556 -0.0002072576529332013 -0.0560036053205752
1.178114685481559 66.91772883460641 -0.0002090399094725966 -0.05648519328801435
1.184860360678465 67.30088785061372 -0.0002108305092160823 -0.05696903569335906
1.191644660412033 67.68624076701343 -0.0002126293210116676 -0.05745509709770402
1.198467805839493 68.07380014568902 -0.0002144362087215588 -0.05794334071491781
1.20533001938438 68.46357862045119 -0.0002162510306557291 -0.05843372825858625
1.212231524743787 68.85558889744949 -0.0002180736399388331 -0.05892622004115734
1.219172546895658 69.24984375558668 -0.0002199038844393068 -0.05942077495478322
1.226153312106119 69.64635604693524 -0.0002217416061611308 -0.05991735030696695
1.233174047936856 70.04513869715629 -0.0002235866416183117 -0.06041590192175207
1.240234983252534 70.44620470592105 -0.0002254388217924274 -0.06091638412825089
1.247336348228255 70.8495671473345 -0.0002272979714836078 -0.06141874958527113
1.254478374357064 71.25523917036165 -0.0002291639096889716 -0.06192294938357466
1.261661294457492 71.66323399925612 -0.0002310364495919068 -0.06242893304298052
1.26888534268115 72.07356493399125 -0.0002329153978736864 -0.06293664832635523
1.276150754520357 72.48624535069371 -0.0002348005550919456 -0.06344604134188188
1.283457766815821 72.90128870207944 -0.0002366917157049969 -0.06395705654963046
1.290806617764357 73.31870851789226 -0.0002385886673459329 -0.06446963656541128
1.298197546926653 73.73851840534488 -0.000240491191196945 -0.06498372226192067
1.305630795235079 74.16073204956254 -0.0002423990620519489 -0.06549925278566301
1.31310660500154 74.58536321402906 -0.0002443120475554718 -0.06601616535128879
1.320625219925376 75.01242574103544 -0.0002462299085683652 -0.06653439534041454
1.328186885101307 75.44193355213129 -0.0002481523992719615 -0.06705387632976738
1.335791847027421 75.87390064857844 -0.0002500792663744943 -0.06757453987674976
1.343440353613212 76.30834111180755 -0.0002520102494635577 -0.06809631561467855
1.351132654187656 76.74526910387696 -0.0002539450811549036 -0.06861913129299177
1.358868999507346 77.18469886793451 -0.0002558834862696074 -0.06914291255490851
1.366649641764661 77.62664472868171 -0.0002578251821684794 -0.06966758302779116
1.374474834595989 78.07112109284083 -0.0002597698789484631 -0.07019306437621453
1.382344833089994 78.51814244962439 -0.0002617172785942102 -0.07071927607271097
1.390259893795934 78.96772337120764 -0.000263667075289567 -0.0712461354819378
1.398220274732022 79.41987851320346 -0.0002656189556643282 -0.07177355792735328
1.406226235393836 79.87462261514018 -0.0002675725979243462 -0.0723014564561613
1.41427803676278 80.33197050094209 -0.0002695276721351961 -0.07282974191596125
1.422375941314594 80.79193707941256 -0.0002714838405217787 -0.07335832303570433
1.430520213027903 81.25453734472021 -0.0002734407565815388 -0.0738871061860743
1.438711117392829 81.71978637688746 -0.0002753980653354679 -0.07441599544731128
1.446948921419644 82.18769934228241 -0.0002773554036827439 -0.07494489270504004
1.455233893647471 82.658291494113 -0.0002793123995020527 -0.07547369740743581
1.463566304153043 83.13157817292436 -0.0002812686718652418 -0.07600230662295608
1.471946424559501 83.60757480709883 -0.0002832238314488076 -0.0765306151515297
1.480374528045255 84.08629691335894 -0.0002851774796287233 -0.077058515279968
1.488850889352885 84.56776009727319 -0.0002871292086522962 -0.07758589682840288
1.497375784798097 85.05198005376486 -0.000289078602107883 -0.0781126472772096
1.505949492278732 85.53897256762346 -0.0002910252340189908 -0.07863865152222174
1.514572291283827 86.0287535140195 -0.0002929686689702456 -0.07916379190876935
1.52324446290272 86.52133885902182 -0.0002949084626362204 -0.07968794837457481
1.531966289834218 87.01674466011821 -0.0002968441608809109 -0.08021099820642016
1.540738056395813 87.51498706673867 -0.0002987752998341723 -0.08073281606080115
1.549560048532945 88.01608232078208 -0.0003007014064799949 -0.08125327412288658
1.558432553828329 88.52004675714545 -0.0003026219977677348 -0.08177224186636183
1.567355861511327 89.02689680425655 -0.0003045365806359523 -0.08228958605987031
1.576330262467377 89.53664898460944 -0.0003064446526598606 -0.08280517094196212
1.585356049247474 90.04931991530296 -0.0003083457011809135 -0.08331885798589782
1.594433516077711 90.56492630858257 -0.0003102392032756651 -0.08383050589123393
1.603562958868864 91.08348497238507 -0.0003121246264614584 -0.08433997077450876
1.612744675226042 91.60501281088649 -0.0003140014278511241 -0.08484710594083156
1.621978964458391 92.12952682505316 -0.0003158690540653028 -0.08535176186019071
1.631266127588844 92.65704411319595 -0.0003177269419947246 -0.0858537863734314
1.640606467363941 93.18758187152761 -0.0003195745179868456 -0.08635302447247455
1.650000288263692 93.72115739472335 -0.0003214111977010175 -0.08684931826118177
1.659447896511507 94.25778807648457 -0.0003232363869249514 -0.08734250717597425
1.668949600084177 94.79749141010601 -0.0003250494808001159 -0.08783242777652543
1.678505708721913 95.34028498904577 -0.0003268498636201899 -0.08831891369130065
1.688116533938443 95.8861865074991 -0.0003286369096985296 -0.08880179585195733
1.697782389031167 96.43521376097496 -0.0003304099826390347 -0.08928090229632415
1.707503589091372 96.98738464687631 -0.0003321684350795095 -0.08975605809905386
1.717280451014499 97.54271716508337 -0.0003339116096061304 -0.09022708561872392
1.727113293510478 98.10122941854056 -0.0003356388380762873 -0.09069380431485959
1.737002437114114 98.66293961384646 -0.0003373494413097657 -0.0911560306644878
1.746948204195539 99.22786606184751 -0.0003390427300453963 -0.09161357842063554
1.756950918970718 99.79602717823465 -0.0003407180043220426 -0.09206625844506508
1.767010907512018 100.3674414841439 -0.0003423745531219155 -0.09251387861189314
1.77712849775884 100.94212760676 -0.0003440116553637843 -0.09295624407596893
1.787304019528307 101.5201042799236 -0.0003456285793478391 -0.09339315712286887
1.797537804526016 102.1013903447421 -0.0003472245823569089 -0.093824417061141
1.807830186356852 102.6860047502035 -0.0003487989116798262 -0.09424982049883064
1.818181500535862 103.2739665537945 -0.0003503508041253311 -0.09466916121213131
1.828592084499192 103.8652949221216 -0.0003518794855885158 -0.09508223002823274
1.839062277615088 104.4600091315358 -0.0003533841720971839 -0.09548881510805994
1.849592421194957 105.0581285687612 -0.0003548640693992405 -0.09588870183478106
1.860182858504496 105.6596727315266 -0.0003563183725033232 -0.09628167268968013
1.87083393477488 106.2646612292015 -0.0003577462667403094 -0.09666750753898951
1.881545997214015 106.8731137834352 -0.0003591469274277995 -0.09704598354322913
1.89231939501786 107.4850502287994 -0.0003605195193954358 -0.09741687502894172
1.903154479381805 108.1004905134354 -0.0003618631980531956 -0.09777995377735886
1.914051603512126 108.7194546997037 -0.0003631771091356029 -0.0981349889552839
1.925011122637492 109.3419629648385 -0.0003644603882238337 -0.09848174698595884
1.93603339402055 109.9680356016051 -0.0003657121618119551 -0.09881999183717532
1.947118776969569 110.5976930189617 -0.0003669315471323881 -0.09914948497411269
1.958267632850152 111.2309557427245 -0.0003681176516884372 -0.09946998523302142
1.969480325097021 111.8678444162369 -0.0003692695743093475 -0.09978124910631297
1.980757219225856 112.5083798010424 -0.0003703864050572925 -0.1000830307174265
1.992098682845217 113.1525827775614 -0.0003714672247853896 -0.1003750817013993
2.003505085668525 113.8004743457719 -0.0003725111061723668 -0.1006571514844467
2.014976799526115 114.4520756258939 -0.0003735171137099628 -0.100928987280557
2.026514198377355 115.1074078590784 -0.0003744843033027795 -0.1011903339833672
2.038117658322839 115.7664924080989 -0.0003754117232734708 -0.1014409344377772
2.049787557616645 116.4293507580489 -0.0003762984144279502 -0.1016805294575699
2.061524276678668 117.0960045170413 -0.0003771434097145054 -0.1019088577332994
2.073328198107019 117.7664754169134 -0.0003779457351908413 -0.1021256560935985
2.085199706690497 118.4407853139352 -0.0003787044101628898 -0.1023306595426865
2.097139189421135 119.1189561895216 -0.0003794184469213953 -0.1025236011891917
2.109147035506811 119.8010101509494 -0.0003800868516628616 -0.1027042124950022
2.121223636383941 120.4869694320776 -0.000380708624696059 -0.1028722233310671
2.133369385730234 121.1768563940724 -0.000381282760274819 -0.1030273619322156
2.145584679477528 121.870693526136 -0.0003818082474659595 -0.1031693551316809
2.157869915824698 122.5685034462398 -0.0003822840704158224 -0.1032979284331221
2.170225495250633 123.2703089018616 -0.0003827092082980712 -0.1034128059965189
2.182651820527294 123.9761327707274 -0.0003830826361231491 -0.1035137108568963
2.195149296732842 124.6859980615568 -0.0003834033250554009 -0.1036003650100161
2.207718331264844 125.3999279148135 -0.0003836702424941959 -0.1036724894342961
2.220359333853552 126.1179456034589 -0.0003838823528214454 -0.1037298042927999
2.233072716575262 126.8400745337117 -0.0003840386177579518 -0.103772029029526
2.245858893865745 127.5663382458104 -0.0003841379965953134 -0.1037988824320713
2.258718282533758 128.2967604147804 -0.0003841794468803584 -0.1038100828165745
2.271651301774629 129.0313648512064 -0.0003841619247973629 -0.1038053481309955
2.284658373183926 129.7701755020081 -0.000384084385567066 -0.1037843960629346
2.297739920771197 130.5132164512211 -0.0003839457840693976 -0.103746944207901
2.310896370973794 131.2605119207819 -0.0003837450752362187 -0.1036927101754364
2.324128152670774 132.0120862713175 -0.000383481214632271 -0.103621411746095
2.337435697196877 132.7679640029393 -0.0003831531590203355 -0.1035327670241558
2.350819438356591 133.5281697560424 -0.0003827598667471986 -0.103426494541916
2.364279812438291 134.2927283121081 -0.0003823002985195315 -0.1033023134693433
2.377817258228462 135.0616645945122 -0.0003817734179184957 -0.1031599437531284
2.391432217026 135.8350036693371 -0.0003811781917597731 -0.1029991062139697
2.405125132656603 136.6127707461895 -0.0003805135910752365 -0.1028195228118332
2.418896451487236 137.3949911790216 -0.0003797785915869735 -0.1026209167740394
2.432746622440678 138.1816904669577 -0.0003789721740204925 -0.1024030126798956
2.446676097010165 138.9728942551258 -0.0003780933253005581 -0.1021655367838255
2.4606853292741 139.7686283354932 -0.000377141038997654 -0.101908217136009
2.474774775910859 140.5689186477075 -0.0003761143155718747 -0.1016307836482851
2.488944896213677 141.373791279942 -0.0003750121637885056 -0.1013329684766588
2.503196152105621 142.1832724697464 -0.0003738336011529909 -0.1010145061388352
2.517529008154645 142.9973886049019 -0.0003725776540616785 -0.1006751335549526
2.53194393158874 143.8161662242811 -0.0003712433594396032 -0.1003145904901319
2.54644139231116 144.6396320187141 -0.000369829765182927 -0.09993261967402971
2.56102186291574 145.4678128318575 -0.0003683359301916385 -0.0995289668096737
2.575685818702304 146.3007356610699 -0.0003667609262286798 -0.09910338107582239
2.590433737692161 147.1384276582922 -0.0003651038383915694 -0.09865561525440315
2.60526610064368 147.9809161309323 -0.0003633637650013774 -0.09818542570051218
2.620183391067972 148.8282285427556 -0.0003615398196787505 -0.09769257290338229
2.635186095244643 149.68039251478 -0.0003596311318689473 -0.0971768216282539
2.650274702237652 150.5374358261766 -0.0003576368465610275 -0.09663794084049666
2.665449703911249 151.399386415175 -0.000355556126572526 -0.0960757043229567
2.680711594946012 152.2662723799741 -0.0003533881531543314 -0.09548989083940249
2.696060872854974 153.138121979658 -0.0003511321255140328 -0.09488028400572716
2.711498037999836 154.0149636351177 -0.0003487872632970985 -0.09424667296039393
2.727023593607283 154.8968259299766 -0.0003463528072997699 -0.09358885255706899
2.742638045785387 155.7837376115233 -0.0003438280187709999 -0.09290662317599653
2.758341903540104 156.675727591648 -0.0003412121820739861 -0.09219979144317818
2.774135678791866 157.5728249477854 -0.0003385046055365098 -0.0914681704601453
2.790019886392273 158.4750589238623 -0.0003357046205068763 -0.09071157954886229
2.805995044140873 159.3824589312512 -0.0003328115841756498 -0.0899298450141944
2.822061672802042 160.2950545497286 -0.0003298248805934988 -0.08912280041894251
2.83822029612196 161.2128755284398 -0.0003267439194580849 -0.08829028625604515
2.854471440845683 162.1359517868684 -0.0003235681390718763 -0.08743215074781681
2.870815636734318 163.0643134158115 -0.0003202970075575454 -0.08654825017436329
2.88725341658229 163.9979906783607 -0.0003169300213548014 -0.08563844846740741
2.903785316234708 164.9370140108891 -0.0003134667082863784 -0.08470261803875702
2.920411874604836 165.8814140240424 -0.000309906629000196 -0.08374064016999494
2.937133633691659 166.8312215037381 -0.0003062493751578152 -0.08275240452297702
2.953951138597553 167.7864674121678 -0.0003024945725770824 -0.08173780998901398
2.970864937546053 168.7471828888076 -0.0002986418829286508 -0.08069676514729242
2.987875581899722 169.7133992514323 -0.0002946910016009522 -0.07962918768796368
3.00498362617813 170.685147997137 -0.000290641660884717 -0.07853500527264096
3.022189628075927 171.6624608033634 -0.0002864936319489221 -0.07741415606832494
3.039494148481022 172.6453695289326 -0.0002822467223709807 -0.07626658808003041
3.05689775149287 173.6339062150838 -0.0002779007793254718 -0.07509226001242066
3.074401004440858 174.6281030865184 -0.0002734556918611419 -0.07389114188508183
3.0920044779028 175.627992552451 -0.00026891138808936 -0.07266321427280831
3.109708745723539 176.6336072076653 -0.0002642678383369995 -0.07140846915755089
3.127514385033649 177.6449798335771 -0.0002595250577417387 -0.07012691062969922
3.145421976268253 178.6621433993028 -0.0002546831030966655 -0.06881855403545466
3.163432103185941 179.6851310627339 -0.0002497420759254537 -0.06748342680778134
3.181545352887802 180.7139761716184 -0.0002447021254078759 -0.06612156925691626
3.199762315836561 181.7487122646473 -0.0002395634448837341 -0.06473303362568762
3.218083585875827 182.7893730725482 -0.0002343262748073232 -0.0633178848878479
3.236509760249453 183.8359925191851 -0.0002289909060088344 -0.0618762016293456
3.255041439621003 184.8886047226637 -0.0002235576758664376 -0.06040807501397419
3.273679228093334 185.947243996444 -0.0002180269710966176 -0.05891360953735581
3.292423733228289 187.011944850459 -0.0002123992313500624 -0.05739292399859518
3.311275566066502 188.0827419922392 -0.0002066749450666348 -0.05584615038024111
3.330235341147317 189.1596703280442 -0.0002008546520585847 -0.05427343454630277
3.34930367652882 190.2427649640008 -0.0001949389474316476 -0.05267493730177947
3.36848119380799 191.3320612072472 -0.0001889284771436849 -0.05105083319254981
3.387768518140957 192.4275945670839 -0.00018282394033905 -0.04940131113614651
3.407166278263386 193.5294007561315 -0.0001766260935772197 -0.0477265755643854
3.426675106510969 194.6375156914946 -0.0001703357461218913 -0.04602684515042074
3.446295638840041 195.7519754959327 -0.000163953761986927 -0.0443023533615848
3.46602851484831 196.872816499038 -0.0001574810644457448 -0.04255334967788171
3.485874377795706 198.0000752384194 -0.0001509186310840108 -0.04078009825516305
3.505833874625349 199.1337884608934 -0.0001442674955206639 -0.03898287839017031
3.525907655984645 200.2739931236826 -0.0001375287521610035 -0.03716198580487841
3.546096376246488 201.42072639562 -0.0001307035510519861 -0.03531773125633271
3.566400693530595 202.5740256583605 -0.0001237930992465814 -0.03345044090531501
3.586821269724961 203.7339285076 -0.0001167986657564435 -0.03156045765461719
3.607358770507432 204.9004727543006 -0.0001097215762512846 -0.0296481397167457
3.628013865367409 206.073696425923 -0.0001025632140381093 -0.02771386087852302
3.648787227627667 207.2536377676667 -9.532502515831381e-05 -0.02575801187838748
3.669679534466313 208.4403352437162 -8.800851298735656e-05 -0.02378099894715673
3.69069146693885 209.6338275384952 -8.061523880025443e-05 -0.02178324396083199
3.711823710000385 210.8341535579276 -7.314682692015092e-05 -0.01976518583180543
3.73307695252796 212.0413524307054 -6.5604959382937e-05 -0.01772727906717408
3.754451887343 213.2554635095649 -5.799137602210003e-05 -0.0156699937916671
3.775949211233902 214.4765263725689 -5.030787932437655e-05 -0.01359381705970375
3.797569624978753 215.7045808243972 -4.255632943955918e-05 -0.01149925150698094
3.819313833368169 216.9396668976443 -3.473864394963324e-05 -0.009386815288091073
3.841182545228271 218.1818248541239 -2.68568026612034e-05 -0.007257043371495528
3.863176473443794 219.431095186182 -1.891284224743992e-05 -0.005110486091711653
3.885296334981321 220.6875186180165 -1.09088555915208e-05 -0.00294770897190264
3.907542850912662 221.9511361070046 -2.846996828927259e-06 -0.0007692940863687154
3.929916746438355 223.2219888450385 5.270524013102315e-06 0.001424161387939331
3.952418750911305 224.5001182598674 1.344144214665328e-05 0.003632045477052332
3.975049597860564 225.785566016449 2.166343325931142e-05 0.005853730122738195
3.997810025015242 227.0783740183066 2.993411868399242e-05 0.008088572579454395
4.020700774328551 228.3785844088959 3.825106692148791e-05 0.01033591582575889
4.043722592001999 229.6862395729785 4.661178919167846e-05 0.01259508736219236
4.06687622850971 231.0013821380037 5.501374442574392e-05 0.01486540056023575
4.090162438622888 232.3240549754977 6.345434115837461e-05 0.01714615517360936
4.113581981434423 233.6543012024618 7.193093345067067e-05 0.01943663623658936
4.137135620383638 234.9921641827773 8.044082567444603e-05 0.02173611535678643
4.160824123281173 236.3376875286195 8.89812747446009e-05 0.02404385131836069
4.184648262334012 237.6909151018793 9.754948650463761e-05 0.02635908910534298
4.208608814170664 239.0518910155928 0.0001061426202575812 0.02868106112594609
4.232706559866471 240.4206596353797 0.0001147577912887473 0.03100898789424825
4.256942284969075 241.7972655808893 0.0001233920677875116 0.03334207719841674
4.281316779524023 243.1817537272551 0.0001320424751201532 0.03567952525528348
4.305830838100525 244.5741692065575 0.0001407059985848948 0.03802051745479133
4.33048525981735 245.9745574092953 0.0001493795809240316 0.04036422768774029
4.355280848368881 247.3829639858651 0.0001580601263402716 0.04270981943105274
4.38021841205131 248.7994348480498 0.000166744503418741 0.04505644653733577
4.40529876378899 250.2240161705148 0.0001754295432805219 0.04740325273594403
4.430522721160937 251.6567543923133 0.0001841120433546919 0.049749372652232
4.455891106427476 253.0976962184006 0.0001927887703911577 0.05209393262165909
4.481404746557049 254.5468886211561 0.0002014564592925753 0.05443605037415999
4.507064473253171 256.0043788419145 0.0002101118166668772 0.05677483599408188
4.532871122981549 257.4702143925064 0.000218751523854522 0.05910939273818505
4.558825536997336 258.9444430568062 0.0002273722364738005 0.06143881691277887
4.584928561372568 260.4271128922908 0.0002359705877700957 0.06376219877873375
4.611181047023737 261.9182722316053 0.0002445431915723631 0.06607862335035899
4.637583849739532 263.4179696841389 0.0002530866425738655 0.06838717047126082
4.664137830208736 264.9262541376098 0.0002615975195249623 0.07068691567707394
4.690843854048281 266.4431747596584 0.0002700723880257824 0.07297693095007654
4.717702791831472 267.9687809994502 0.0002785078015409424 0.07525628499337995
4.744715519116356 269.5031225892881 0.000286900304490835 0.07752404406623324
4.771882916474276 271.046249546233 0.0002952464347874538 0.07977927266923486
4.799205869518564 272.5982121737348 0.0003035427255711592 0.08202103401362829
4.826685268933422 274.1590610632719 0.0003117857082613009 0.08424839084561855
4.854322010502946 275.7288470960006 0.0003199719147414014 0.08646040603683584
4.882116995140336 277.3076214444136 0.0003280978797917726 0.0886561432416591
4.91007112891726 278.8954355740082 0.0003361601441671173 0.09083466772882223
4.938185323093392 280.492341244964 0.0003441552563386319 0.0929950468521521
4.966460494146115 282.0983905138303 0.0003520797755815698 0.09513635088486655
4.994897563800399 283.7136357352226 0.0003599302751525434 0.09725765387812127
5.023497459058849 285.3381295635299 0.0003677033434996537 0.0993580339880018
5.052261112231919 286.971924954631 0.0003753955879497783 0.1014365744718748
5.081189460968311 288.6150751676203 0.000383003638061103 0.103492364594284
5.110283448285533 290.2676337665443 0.0003905241462180898 0.1055244997877179
5.139544022600646 291.9296546221482 0.0003979537918497093 0.1075320827924287
5.168972137761176 293.6011919136311 0.0004052892850331859 0.1095142246302097
5.198568753076213 295.2823001304124 0.0004125273663984775 0.1114700445785841
5.228334833347678 296.9730340739086 0.0004196648117961492 0.1133986714321227
5.258271348901778 298.6734488593192 0.0004266984362262121 0.1152992445640656
5.288379275620635 300.3835999174236 0.0004336250929867389 0.1171709136962673
5.318659594974097 302.103542996388 0.0004404416786989737 0.1190128402570439
5.349113294051735 303.8333341635824 0.0004471451376303224 0.1208241985492992
5.37974136559502 305.5730298074091 0.0004537324600337198 0.1226041753018013
5.410544808029684 307.3226866391399 0.000460200687428281 0.1243519710960801
5.441524625498265 309.0823616947656 0.0004665469173778727 0.126066801657657
5.472681827892846 310.8521123368545 0.0004727683009816023 0.1277478971779438
5.504017430887968 312.6319962564234 0.0004788620483010323 0.129394503780744
5.535532455973749 314.422071474817 0.0004848254336455868 0.1310058849504351
5.567227930489175 316.2223963456002 0.0004906557921898085 0.1325813206179097
5.599104887655592 318.0330295564601 0.0004963505254331794 0.1341201086358869
5.631164366610388 319.8540301311189 0.0005019071070308743 0.1356215663544551
5.663407412440868 321.685457431258 0.0005073230785299522 0.1370850294689371
5.695835076218321 323.5273711584538 0.0005125960547453367 0.1385098534725474
5.728448415032282 325.3798313561227 0.0005177237301594737 0.13989541538566
5.761248492024992 327.2428984114792 0.0005227038737869792 0.1412411123681713
5.794236376426059 329.1166330575044 0.0005275343343504657 0.1425463631180739
5.827413143587306 331.0010963749256 0.0005322130472558 0.1438106097562575
5.86077987501783 332.8963497942073 0.000536738028612515 0.1450333162107501
5.894337658419259 334.8024550975543 0.0005411073800960231 0.1462139695305488
5.928087587721205 336.7194744209248 0.0005453192964868434 0.1473520819228125
5.962030763116926 338.6474702560569 0.0005493720588918244 0.1484471889211522
5.996168291099194 340.5865054525052 0.0005532640391848775 0.1494988505855727
6.030501284496359 342.5366432196892 0.0005569937080791919 0.1505066536836852
6.065030862508628 344.4979471289549 0.0005605596276116066 0.1514702096598915
6.099758150744552 346.4704811156465 0.0005639604550622201 0.1523891556945111
6.134684281257715 348.4543094811902 0.0005671949515089177 0.1532631570153214
6.169810392583637 350.4494968951909 0.0005702619736534082 0.1540919046888506
6.205137629776891 352.4561083975402 0.0005731604771308659 0.1548751165146845
6.24066714444843 354.4742094005368 0.0005758895254766036 0.1556125394483733
6.276400094803127 356.5038656910181 0.0005784482813869989 0.1563039472400251
6.312337645677527 358.5451434325055 0.0005808360093434117 0.1569491411433206
6.348480968577824 360.598109167361 0.0005830520849022271 0.1575479524257994
6.384831241718048 362.6628298189563 0.0005850959854965798 0.1581002398833704
6.421389650058474 364.7393726938542 0.0005869672923139609 0.1586058903476651
6.458157385344247 366.8278054840034 0.0005886656998037986 0.1590648212551045
6.495135646144234 368.9281962689441 0.0005901910061360718 0.159476978068697
6.532325637890092 371.0406135180283 0.000591543114288904 0.1598423345719203
6.56972857291557 373.1651260926511 0.0005927220416530485 0.1601608954639731
6.607345670496019 375.3018032484956 0.0005937279102707604 0.1604326937221964
6.645178156888148 377.450714637791 0.0005945609471078783 0.1606577906755932
6.683227265369992 379.6119303115823 0.0005952214936226521 0.1608362785904457
6.721494236281116 381.7855207220148 0.0005957099959123577 0.1609682780078072
6.759980317063051 383.9715567246299 0.0005960270041629629 0.1610539375947946
6.798686762299955 386.1701095806756 0.0005961731820423007 0.1610934366827423
6.837614833759512 388.3812509594284 0.0005961492968817713 0.1610869826141741
6.876765800434062 390.6050529405313 0.0005959562183144889 0.1610348103748145
6.916140938581973 392.8415880163419 0.0005955949273527106 0.1609371850464227
6.955741531769237 395.0909290942963 0.0005950665067246673 0.1607943991956839
6.995568870911321 397.3531494992855 0.0005943721387314598 0.160606772295116
7.035624254315242 399.6283229760461 0.0005935131138727357 0.160374653053835
7.075908987721892 401.9165236915636 0.000592490821447363 0.1600984168777395
7.116424384348603 404.2178262374907 0.000591306746678623 0.1597784650927025
7.157171764931958 406.5323056325784 0.0005899624787596341 0.1594152271185446
7.19815245777084 408.8600373251223 0.00058845970181355 0.1590091580263675
7.239367798769738 411.2010971954206 0.0005868001913534635 0.158560737581975
7.28081913148229 413.5555615582494 0.0005849858216263919 0.1580704722303102
7.322507807155085 415.9235071653493 0.0005830185570239476 0.1575388927745111
7.364435184771708 418.3050112079278 0.0005809004479587585 0.156966553261668
7.406602631097046 420.7001513191753 0.0005786336373909296 0.1563540327463551
7.449011520721834 423.1090055767966 0.0005762203527447965 0.1557019331064358
7.491663236107471 425.5316525055548 0.0005736629013149959 0.1550108778017265
7.534559167631086 427.9681710798325 0.0005709636759161348 0.1542815134006069
7.577700713630857 430.4186407262051 0.0005681251473126353 0.1535145075344699
7.6210892804516 432.8831413260307 0.0005651498592634973 0.1527105475587548
7.664726282490611 435.3617532180539 0.0005620404332315704 0.151870341825451
7.708613142243773 437.8545572010244 0.0005587995613619023 0.1509946177857605
7.752751290351927 440.3616345363314 0.0005554300012873331 0.150084120586504
7.79714216564751 442.8830669506523 0.0005519345798407074 0.1491396140732078
7.841787215201458 445.4189366386169 0.00054831618658718 0.1481618790424512
7.886687894370375 447.9693262654868 0.000544577768523111 0.1471517118094424
7.931845666843983 450.5343189698503 0.0005407223327661535 0.1461099249349135
7.977262004692826 453.1139983663325 0.0005367529406232968 0.1450373456222317
8.022938388416266 455.7084485483206 0.0005326727023192965 0.1439348142929554
8.06887630699074 458.3177540907062 0.0005284847786629691 0.1428031850370878
8.115077257918298 460.9420000526412 0.0005241923756152645 0.1416433241453023
8.161542747275421 463.5812719803112 0.0005197987391843305 0.1404561087295249
8.208274289762118 466.2356559097241 0.0005153071560886101 0.1392424269021119
8.255273408751298 468.9052383695148 0.0005107209487741939 0.1380031764294759
8.302541636338434 471.5901063837655 0.0005060434706111169 0.1367392634340653
8.350080513391505 474.290347474843 0.0005012781055952426 0.1354516023138098
8.397891589601228 477.0060496662516 0.0004964282637517339 0.1341411145000806
8.445976423531569 479.7373014855024 0.0004914973767612799 0.1328087272758426
8.494336582670558 482.4841919669995 0.0004864888967627767 0.1314553734521236
8.542973643481382 485.2468106549421 0.0004814062920703314 0.1300819902106954
8.591889191453774 488.0252476062435 0.0004762530433489575 0.1286895180706987
8.641084821155701 490.8195933934667 0.0004710326415982137 0.1272789003437976
8.690562136285342 493.6299391077775 0.0004657485841039204 0.1258510820402824
8.740322749723369 496.4563763619133 0.0004604043712707388 0.1244070090131932
8.790368283585517 499.2989972931696 0.0004550035038826882 0.1229476272180773
8.840700369275471 502.1578945664039 0.0004495494792077762 0.1214738816604119
8.891320647538041 505.0331613770561 0.0004440457885803485 0.1199867157423247
8.942230768512655 507.9248914541866 0.0004384959140474829 0.1184870703564075
8.993432391787138 510.8331790635317 0.0004329033245432967 0.1169758828519664
9.044927186451828 513.7581190105768 0.000427271474301338 0.1154540866060305
9.096716831153971 516.6998066436462 0.0004216037990063736 0.1139226099835163
9.148803014152453 519.6583378570123 0.0004159037119308356 0.1123823752932478
9.201187433372827 522.6338090940204 0.0004101746033042356 0.1108342986175642
9.253871796462668 525.626317350234 0.0004044198360994439 0.10927928867372
9.306857820847238 528.6359601765953 0.0003986427416351705 0.1077182456256202
9.360147233785467 531.6628356826061 0.0003928466206135435 0.1061520613641874
9.413741772426265 534.7070425395258 0.0003870347390882365 0.104581618417899
9.467643183865148 537.7686799835878 0.0003812103222823753 0.1030077882823087
9.521853225201189 540.8478478192347 0.0003753765569054863 0.101431432046115
9.576373663594302 543.9446464223714 0.0003695365875798462 0.09985339942551584
9.631206276322837 547.0591767436375 0.0003636935123045786 0.09827452753855123
9.68635285084153 550.1915403116977 0.0003578503821516466 0.09669564082295659
9.741815184839762 553.3418392365525 0.0003520101974379121 0.0951175500018053
9.797595086300165 556.5101762128652 0.0003461759174259454 0.09354105470478864
9.853694373557556 559.6966545233112 0.0003403504364231278 0.09196693700989488
9.910114875358216 562.9013780419436 0.0003345365712651613 0.09039595806129729
9.966858430919503 566.1244512375803 0.0003287371200025284 0.08882887392716844
10.0239268899898 569.3659791772089 0.0003229548214839614 0.08726642467862882
10.08132211290884 572.6260675294119 0.0003171923276917408 0.08570932691439906
10.1390459706683 575.9048225678113 0.0003114522366563535 0.08415828265475181
10.19710034497284 579.2023511745327 0.0003057370883104487 0.08261397822119852
10.25548712830143 582.5187608436904 0.0003000493548153742 0.08107708162259897
10.31420822396903 585.8541596848902 0.0002943914391359973 0.07954824217005994
10.37326554618865 589.2086564267544 0.0002887656797801413 0.0780280917575903
10.43266102013374 592.5823604204667 0.0002831743469745199 0.07651724382879069
10.49239658200094 595.9753816433355 0.000277619637560369 0.07501629199758926
10.55247417907323 599.3878307023799 0.0002721036808821817 0.07352581163945189
10.61289576978336 602.8198188379353 0.0002666285358228453 0.07204635909023864
10.67366332377774 606.2714579272792 0.0002611961852840948 0.07057847015475384
10.73477882198062 609.7428604882789 0.0002558085426269868 0.0691226618470422
10.79624425665866 613.2341396830587 0.0002504674492739112 0.06767943174242262
10.85806163148589 616.745409321689 0.0002451746690547902 0.06624925644976053
10.92023296160903 620.2767838658967 0.0002399318950492345 0.06483259346030391
10.98276027371315 623.8283784327963 0.0002347407477667335 0.06342988065594794
11.04564560608779 627.4003087986417 0.0002296027694363135 0.06204153476622946
11.10889100869335 630.9926914026021 0.0002245194311307322 0.06066795329337313
11.17249854322794 634.6056433505556 0.0002194921315408129 0.05930951418110126
11.23647028319459 638.2392824189088 0.0002145221912785069 0.05796657427525021
11.30080831396884 641.8937270584343 0.000209610860164928 0.05663947129308827
11.36551473286674 645.5690963981328 0.0002047593165995831 0.05532852365287388
11.43059164921315 649.2655102491168 0.0001999686619503554 0.05403402895795908
11.4960411844106 652.983089108516 0.0001952399278893498 0.05275626597902641
11.56186547200836 656.7219541634048 0.000190574076342103 0.05149549464036505
11.62806665777205 660.4822272947536 0.000185971994039689 0.05025195454778153
11.69464689975353 664.2640310814013 0.0001814344997914452 0.04902586695378118
11.76160836836131 668.0674888040515 0.0001769623449847038 0.04781743489260186
11.82895324643126 671.8927244492913 0.0001725562083729706 0.04662684177191466
11.89668372929779 675.7398627136331 0.000168216703182974 0.04545425329323741
11.96480202486538 679.609029007579 0.0001639443781224089 0.04429981772423962
12.03331035368061 683.5003494597094 0.0001597397124711769 0.04316366457233418
12.1022109490045 687.4139509207948 0.0001556031229405104 0.04204590643809857
12.17150605688532 691.3499609679305 0.000151534965125622 0.04094663940779859
12.24119793623182 695.3085079086954 0.0001475355289292448 0.03986594181677203
12.31128885888686 699.2897207853348 0.000143605045237566 0.03880387605334912
12.38178110970147 703.2937293789674 0.0001397436875876809 0.0377604890094196
12.45267698660932 707.3206642138149 0.0001359515675586384 0.0367358108350354
12.52397880070165 711.370656561458 0.0001322287432099689 0.03572985721860653
12.59568887630259 715.4438384451145 0.0001285752183728757 0.03474262919537194
12.66780955104496 719.5403426439444 0.0001249909325561849 0.03377411041986123
12.74034317594641 723.6603026973771 0.0001214757998305229 0.03282427767288486
12.81329211548613 727.8038529094649 0.0001180296819200074 0.03189309359057319
12.88665874768188 731.971128353262 0.0001146523106170908 0.0309804856998984
12.96044546416755 736.1622648752259 0.0001113434457443362 0.03008638910191855
13.03465467027107 740.3773990996472 0.0001081028483073106 0.02921073921735414
13.10928878509287 744.6166684331034 0.0001049301517344323 0.02835343699398732
13.18435024158472 748.8802110689367 0.0001018249604405188 0.02751437553976317
13.25984148662902 753.1681659917601 9.878685864253039e-05 0.0266934425049135
13.3357649811186 757.4806729819883 9.581538032506821e-05 0.0258905119662596
13.41212320003693 761.8178726203934 9.29100226201013e-05 0.02510544804258147
13.48891863253878 766.1799062926875 9.007024948765553e-05 0.02433810588918594
13.56615378203138 770.5669161941333 8.729548803814219e-05 0.02358833070415392
13.64383116625603 774.9790453341774 8.458513295319388e-05 0.02285595892290548
13.72195331737018 779.4164375411132 8.193854926776991e-05 0.02214081896995944
13.80052278202994 783.8792374667696 7.935507096893224e-05 0.02144273088030512
13.87954212147313 788.367590591226 7.683400434753292e-05 0.02076150720507018
13.95901391160276 792.8816432275547 7.43746306303412e-05 0.02009695372275417
14.03894074307102 797.4215425265908 7.197620514175e-05 0.0194488692127112
14.11932522136368 801.9874364817293 6.963796017080774e-05 0.01881704622985771
14.2001699668851 806.5794739337483 6.735910746554416e-05 0.01820127177867042
14.28147761504357 811.1978045756623 6.513883783497119e-05 0.01760132720564207
14.36325081633729 815.8425789576011 6.29763235535851e-05 0.01701698884900784
14.44549223644072 820.5139484917177 6.08707206573855e-05 0.01644802865915841
14.5282045562915 825.2120654571245 5.882116893031809e-05 0.01589421419497657
14.61139047217785 829.937083004857 5.682679400816454e-05 0.01535530919233457
14.69505269582647 834.6891551628659 5.488670939110948e-05 0.01483107410791485
14.77919395449089 839.4684368410387 5.300001668780163e-05 0.01432126618515836
14.86381699104045 844.2750838362498 5.116580747882927e-05 0.01382563995779893
14.94892456404963 849.1092528374381 4.9383165045202e-05 0.01334394771692063
15.03451944788804 853.9711014307162 4.765116485919988e-05 0.0128759396435913
15.12060443281085 858.8607881045062 4.596887620278517e-05 0.01242136424617765
15.20718232504971 863.7784722547071 4.433536359242828e-05 0.01197996874535098
15.29425594690426 868.7243141898904 4.274968748019532e-05 0.01155149926352982
15.38182813683413 873.6984751365255 4.121090566575101e-05 0.01113570120642072
15.46990174955146 878.7011172442367 3.971807440408799e-05 0.01073231956234055
15.55847965611399 883.7324035910876 3.827024926893901e-05 0.01034109913552126
15.64756474401858 888.7924981888981 3.686648639947269e-05 0.009961784882982615
15.73715991729541 893.8815659885903 3.550584328628035e-05 0.009594122126915693
15.82726809660263 898.9997728855665 3.418737975024944e-05 0.009237856819186655
15.91789221932154 904.1472857251159 3.291015906185249e-05 0.008892735843782628
16.00903523965237 909.3242723078548 3.167324840883312e-05 0.008558507143186282
16.10070012871058 914.5309013951954 3.047571994652398e-05 0.008234920002184875
16.1928898746237 919.7673427148484 2.931665182355779e-05 0.00792172532503016
16.28560748262876 925.0337669663544 2.819512834193837e-05 0.007618675678691576
16.37885597517022 930.33034582665 2.71102410384866e-05 0.007325525585076466
16.47263839199854 935.6572519556627 2.606108964608219e-05 0.007042031780769586
16.56695779026925 941.0146590019407 2.50467819631435e-05 0.006767953181764926
16.66181724464259 946.4027416083123 2.406643493029875e-05 0.006503051174395724
16.75721984738379 951.8216754175803 2.311917555123434e-05 0.006247089864159165
16.8531687084638 957.2716370782459 2.220414049391522e-05 0.00599983596796115
16.94966695566075 962.7528042502694 2.132047713144562e-05 0.005761059095369864
17.04671773466184 968.2653556108594 2.046734444151445e-05 0.005530531991657149
17.14432420916594 973.8094708602994 1.964391236587564e-05 0.005308030364722095
17.24248956098669 979.3853307278038 1.884936278945017e-05 0.005093333149656635
17.34121699015621 984.9931169774112 1.808289043245645e-05 0.004886222749810305
17.44050971502946 990.633012413908 1.734370199774883e-05 0.004686484806390472
17.54037097238912 996.305200888789 1.663101706735817e-05 0.004493908440718781
17.64080401755111 1002.00986730625 1.594406899677739e-05 0.00430828649587829
17.74181212447071 1007.747197629214 1.528210388176098e-05 0.004129415257529775
17.84339858584929 1013.517378885396 1.464438135654971e-05 0.003957094669602036
17.94556671324163 1019.320599173399 1.403017549565901e-05 0.003791128577966359
18.0483198371639 1025.157047668842 1.343877363264678e-05 0.003631324411252842
18.15166130720221 1031.026914630535 1.286947704903299e-05 0.00347749336700506
18.25559449212179 1036.930391406671 1.232160188536064e-05 0.003329450657860124
18.36012277997684 1042.867670441073 1.179447784449701e-05 0.003187015161164484
18.46524957822094 1048.838945279459 1.128744876469761e-05 0.003050009573822956
18.57097831381817 1054.844410575759 1.079987353860699e-05 0.002918260660624223
18.67731243335475 1060.884262098454 1.033112473286386e-05 0.002791598881240906
18.78425540315148 1066.958696736963 9.88058904275966e-06 0.002669858513083978
18.89181070937669 1073.067912508057 9.447668215452415e-06 0.002552877900766681
18.99998185815988 1079.212108562317 9.031777616102253e-06 0.002440499068656434
19.10877237570602 1085.391485190623 8.632346565052633e-06 0.002332567811985419
19.21818580841052 1091.606243830688 8.248819259737369e-06 0.002228933945961363
19.32822572297481 1097.856587073618 7.880653315460012e-06 0.002129450911467909
19.43889570652261 1104.142718670521 7.527319988973658e-06 0.002033975835478674
19.55019936671689 1110.46484353915 7.188305092343068e-06 0.001942369777994204
19.66214033187744 1116.823167770578 6.863107533919088e-06 0.001854497337795043
19.77472225109918 1123.217898635918 6.55123943459437e-06 0.001770226683855482
19.88794879437108 1129.649244593084 6.252227026202411e-06 0.001689429798102197
20.00182365269583 1136.117415293579 5.965609215351032e-06 0.001611982087344122
20.11635053821015 1142.622621589336 5.690937600500491e-06 0.001537762387887174
20.23153318430576 1149.165075539589 5.427777347272563e-06 0.001466653202053686
20.34737534575116 1155.744990417782 5.175705794725033e-06 0.001398540321580383
20.46388079881396 1162.362580718528 4.934312382755607e-06 0.001333312808002007
20.58105334138401 1169.018062164597 4.703199496890379e-06 0.00127086322092371
20.69889679309722 1175.71165171395 4.481981133415206e-06 0.001211087257322887
20.81741499546004 1182.44356756681 4.270282747495069e-06 0.001153883710509128
20.9366118119747 1189.214029172774 4.067742060538317e-06 0.00109915468828412
21.05649112826517 1196.023257237973 3.874007797466925e-06 0.001046805271736305
21.17705685220379 1202.871473732257 3.688739466308142e-06 0.0009967434556837889
21.2983129140387 1209.758901896438 3.511608122210342e-06 0.0009488803551209673
21.42026326652195 1216.685766249566 3.342295186926989e-06 0.0009031298862283515
21.54291188503833 1223.652292596246 3.180492170614763e-06 0.0008594086911989502
21.66626276773498 1230.658708034001 3.025901387960887e-06 0.0008176363317448129
21.79031993565171 1237.705240960672 2.87823486666497e-06 0.0007777349941551981
21.91508743285211 1244.792121081869 2.73721402202393e-06 0.000739629401365356
22.04056932655534 1251.919579418451 2.60257032199186e-06 0.0007032469926640077
22.16676970726875 1259.087848314065 2.474044288475057e-06 0.0006685176538307926
22.29369268892119 1266.297161442715 2.351385134893854e-06 0.0006353736192009519
22.42134240899714 1273.547753816381 2.234351378282608e-06 0.0006037496370623869
22.54972302867161 1280.83986179268 2.12270993463432e-06 0.00057358272520648
22.6788387329457 1288.173723082569 2.016235729038214e-06 0.0005448120655824039
22.80869373078314 1295.549576758098 1.914712254102678e-06 0.0005173791551899681
22.9392922552474 1302.9676632602 1.817930758410908e-06 0.0004912275867902055
23.07063856363973 1310.42822440653 1.725689838091454e-06 0.0004663029385426339
23.20273693763794 1317.931503399349 1.637795941884138e-06 0.0004425529104803717
23.33559168343595 1325.477744833448 1.554062649993068e-06 0.00041992712964722
23.46920713188419 1333.067194704127 1.474310255102188e-06 0.0003983770368828338
23.60358763863077 1340.700100415212 1.398366215288562e-06 0.0003778560092055439
23.73873758426346 1348.376710787116 1.326064519166403e-06 0.0003583191882663499
23.8746613744525 1356.097276064956 1.257245263451381e-06 0.0003397233662015211
24.01136344009421 1363.862047926707 1.191755055653696e-06 0.0003220270944452927
24.14884823745546 1371.671279491408 1.129446460367038e-06 0.0003051905341102295
24.28712024831886 1379.525225327412 1.07017757955123e-06 0.0002891753425743565
24.42618398012897 1387.424141460686 1.013812407510694e-06 0.000273944769400772
24.56604396613913 1395.368285383155 9.602203524611875e-07 0.000259463527059007
24.70670476555931 1403.357916061097 9.092758247702372e-07 0.0002456976796624497
24.84817096370468 1411.393293943587 8.608585471541213e-07 0.0002326147267874424
24.99044717214514 1419.474680970982 8.148531452123593e-07 0.0002201834928305895
25.13353802885559 1427.602340583465 7.71148747964163e-07 0.0002083740190687184
25.27744819836718 1435.77653772963 7.296392564916409e-07 0.0001971576362496283
25.42218237191931 1443.99753887512 6.9022299692651e-07 0.0001865068708247665
25.56774526761259 1452.265612011312 6.528023367676976e-07 0.0001763953412734551
25.71414163056264 1460.581026664054 6.172839153745477e-07 0.0001667978203850325
25.86137623305476 1468.944053902452 5.835783528812274e-07 0.0001576901566038921
26.00945387469952 1477.354966347705 5.515998849901676e-07 0.0001490491753461105
26.1583793825892 1485.814038181993 5.212665587926606e-07 0.0001408527319126178
26.30815761145514 1494.321545157412 4.924999912353489e-07 0.0001330796462238274
26.45879344382603 1502.87776460497 4.652250243652856e-07 0.0001257096096625473
26.61029179018703 1511.482975443618 4.393698899433559e-07 0.0001187232295545816
26.76265758913989 1520.137458189352 4.148660113578788e-07 0.0001121019756433128
26.91589580756389 1528.841494964349 3.916476806555904e-07 0.0001058280928194412
27.07001144077779 1537.595369506169 3.696521953315153e-07 9.988463808331612e-05
27.22500951270266 1546.399367177003 3.488196979448702e-07 9.425543720715061e-05
27.38089507602563 1555.253774972975 3.290928757080772e-07 8.892500356022242e-05
27.53767321236465 1564.158881533497 3.104170727004132e-07 8.387856843040301e-05
27.69534903243408 1573.11497715068 2.927401618626272e-07 7.910204643550503e-05
27.85392767621135 1582.122353778796 2.760122674328889e-07 7.458196052201045e-05
28.01341431310445 1591.181305043794 2.60185855654039e-07 7.030546647530197e-05
28.17381414212051 1600.292126252874 2.452156342817597e-07 6.626032576551605e-05
28.33513239203525 1609.455114404113 2.310582977491986e-07 6.243483668784301e-05
28.49737432156342 1618.670568196144 2.176725992312207e-07 5.881785383518737e-05
28.66054521953023 1627.938788037898 2.050192732765284e-07 5.539876719240092e-05
28.82465040504377 1637.260076058393 1.930608032471684e-07 5.216743929553405e-05
28.98969522766841 1646.634736116584 1.81761477378445e-07 4.911422037992419e-05
29.15568506759916 1656.063073811266 1.710873306218205e-07 4.62299326654215e-05
29.32262533583706 1665.545396491044 1.610059336362287e-07 4.350581333920734e-05
29.4905214743656 1675.08201326434 1.514864352479551e-07 4.093352602898411e-05
29.65937895632809 1684.673235009481 1.424995200558851e-07 3.850514934738392e-05
29.82920328620609 1694.319374384825 1.340172180423843e-07 3.621312544645168e-05
29.99999999999883 1704.020745838957 1.260129356008013e-07 3.405026840166356e-05
