##########################################################################################
#
# SZ signal computed with SZpack v1.1.1
# Runmode: CNSN-basis
#
# General parameters:
# xmin= 0.1 xmax= 40 np= 1000
# Dtau= 0.01
# Te= 46keV (The ~ 0.0900198)
# betac= 0 muc= 1
# betao= 0 muo= 1
#
# Runmode specific parameters:
# eps= 0
# Te_order= 20 beta_order= 2
#
##########################################################################################
#
# Output format: x = (h nu/k T0) | x^3 Dn(x) | DI(x) in MJy/sr 
# Here a CMB temperature of T0 = 2.726 K is assumed.
#
##########################################################################################
0.1 -1.558675480912119e-05 -0.004211735741502098
0.1006015482792701 -1.577439044964157e-05 -0.004262437234098673
0.1012067151618632 -1.596427936099216e-05 -0.004313747588604423
0.1018155224154252 -1.615644847561178e-05 -0.004365674082500549
0.1024279919385451 -1.635092503668194e-05 -0.004418224077234815
0.1030441457615424 -1.654773660353627e-05 -0.004471405019683229
0.1036640060472596 -1.674691107392642e-05 -0.004525224448166575
0.1042875950918594 -1.694847667272229e-05 -0.004579689989397073
0.1049149353256267 -1.715246194863561e-05 -0.004634809357593045
0.1055460493137754 -1.735889579486292e-05 -0.004690590360056915
0.10618095975726 -1.756780745189036e-05 -0.004747040897933086
0.1068196894935924 -1.777922649530525e-05 -0.004804168962914489
0.1074622614976628 -1.799318284814673e-05 -0.004861982640579874
0.1081086988825668 -1.820970679972853e-05 -0.004920490115479951
0.1087590249004362 -1.842882898945146e-05 -0.00497969966676334
0.1094132629432757 -1.865058040960545e-05 -0.0050396196689337
0.1100714365438043 -1.88749924306542e-05 -0.005100258598681964
0.1107335693763015 -1.910209679302505e-05 -0.005161625032667866
0.1113996852574591 -1.93319255998917e-05 -0.005223727645569724
0.1120698081472377 -1.95645113374112e-05 -0.005286575215552749
0.1127439621497288 -1.979988688427339e-05 -0.005350176626849408
0.1134221715140214 -2.003808549568274e-05 -0.005414540865431122
0.1141044606350749 -2.027914081330865e-05 -0.005479677021696957
0.1147908540545956 -2.052308689031663e-05 -0.005545594297237372
0.1154813764619206 -2.076995817458676e-05 -0.005612302000299626
0.1161760526949047 -2.101978950819429e-05 -0.005679809545647439
0.1168749077408149 -2.127261615456133e-05 -0.005748126461897705
0.1175779667372284 -2.152847379545042e-05 -0.005817262390708134
0.118285254972937 -2.178739851912697e-05 -0.005887227083578576
0.118996797888857 -2.204942683916307e-05 -0.005958030406932067
0.119712621078944 -2.231459571186217e-05 -0.006029682346823179
0.1204327502911136 -2.25829425167346e-05 -0.006102193003662261
0.1211572114281675 -2.285450506349875e-05 -0.006175572594107257
0.1218860305487253 -2.312932162239483e-05 -0.006249831459254856
0.1226192338681618 -2.340743090905387e-05 -0.006324980060551909
0.12335684775955 -2.36888720796471e-05 -0.006401028978484718
0.1240988987546095 -2.39736847586542e-05 -0.006477988920082389
0.124845413544661 -2.426190904314797e-05 -0.006555870720074577
0.1255964189815867 -2.455358548588998e-05 -0.006634685336323744
0.1263519420787953 -2.484875511168978e-05 -0.006714443854245597
0.1271120100121947 -2.514745944329966e-05 -0.006795157493806194
0.1278766501211688 -2.544974047936005e-05 -0.006876837603562512
0.128645889909561 -2.575564069779714e-05 -0.006959495661580521
0.1294197570466637 -2.606520309001507e-05 -0.007043143284674336
0.1301982793682135 -2.637847115013506e-05 -0.007127792225498523
0.1309814848773924 -2.669548886475131e-05 -0.007213454369779975
0.1317694017458348 -2.701630073997584e-05 -0.007300141743625799
0.1325620583146414 -2.73409518148931e-05 -0.007387866517158897
0.1333594830953982 -2.766948763952026e-05 -0.00747664099856258
0.1341617047712022 -2.800195428782254e-05 -0.007566477637597455
0.1349687521976928 -2.833839839182277e-05 -0.007657389034818266
0.1357806544040905 -2.867886711894505e-05 -0.007749387935451868
0.13659744059424 -2.902340817082898e-05 -0.007842487229076807
0.1374191401476617 -2.937206981981014e-05 -0.007936699959480806
0.1382457826206078 -2.972490090535189e-05 -0.008032039323696607
0.1390773977471256 -3.008195081752989e-05 -0.008128518667539254
0.1399140154401271 -3.044326952196333e-05 -0.00822615149234285
0.140755665792465 -3.080890758386685e-05 -0.008324951461459671
0.1416023790780148 -3.117891614138009e-05 -0.008424932393053475
0.1424541857527642 -3.155334691451355e-05 -0.008526108262516797
0.1433111164559082 -3.19322522461045e-05 -0.008628493213537739
0.1441732020109516 -3.231568508164645e-05 -0.008732101552649644
0.1450404734268171 -3.270369896215704e-05 -0.008836947747303904
0.1459129618989614 -3.309634806123487e-05 -0.008943046435883195
0.1467906988104967 -3.349368719142703e-05 -0.00905041242942204
0.1476737157333199 -3.389577178090097e-05 -0.009159060705303279
0.148562044429248 -3.430265789491002e-05 -0.009269006413058301
0.1494557168511607 -3.47144022711e-05 -0.009380264883907342
0.1503547651441497 -3.513106228961836e-05 -0.009492851622682614
0.151259221646675 -3.555269597709777e-05 -0.009606782308904686
0.152169118891728 -3.59793620524995e-05 -0.009722072809169971
0.1530844896080017 -3.641111991306835e-05 -0.009838739173355551
0.1540053667210681 -3.684802961986789e-05 -0.009956797630710636
0.1549317833545624 -3.729015193359162e-05 -0.01007626459953318
0.1558637728313743 -3.773754833327775e-05 -0.01019715669222682
0.156801368674847 -3.819028098615614e-05 -0.01031949070715321
0.1577446046099826 -3.864841276446628e-05 -0.01044328363317637
0.1586935145646554 -3.911200729148996e-05 -0.01056855266210135
0.1596481326708324 -3.958112891113881e-05 -0.01069531518045638
0.1606084932658007 -4.005584268564677e-05 -0.01082358876886931
0.1615746308934029 -4.053621444410973e-05 -0.01095339121518371
0.1625465803052792 -4.102231077828584e-05 -0.01108474051332399
0.1635243764621181 -4.151419901969027e-05 -0.01121765485710614
0.1645080545349132 -4.201194727229033e-05 -0.01135215264907237
0.1654976499062288 -4.251562444531248e-05 -0.01148825250935598
0.1664931981714723 -4.30253002170459e-05 -0.01162597326590057
0.1674947351401746 -4.35410450460645e-05 -0.01176533395749247
0.1685022968372784 -4.406293022597017e-05 -0.01190635384855297
0.1695159195044337 -4.459102785865938e-05 -0.01204905242191464
0.1705356396013016 -4.512541084391301e-05 -0.0121934493760084
0.1715614938068656 -4.566615292829789e-05 -0.01233956463807728
0.172593519020751 -4.621332871435451e-05 -0.0124874183666591
0.1736317523645521 -4.67670136286234e-05 -0.01263703094294677
0.1746762311831677 -4.73272839494351e-05 -0.01278842297829749
0.1757269930461439 -4.789421685445503e-05 -0.01294161532707998
0.1767840757490262 -4.846789038046296e-05 -0.01309662907580638
0.1778475173147181 -4.904838342777774e-05 -0.01325348554432787
0.1789173559948495 -4.963577582098344e-05 -0.01341220630224363
0.1799936302711521 -5.023014829067888e-05 -0.01357281316396935
0.1810763788568441 -5.083158245319402e-05 -0.01373532818325631
0.1821656406980222 -5.144016085739148e-05 -0.01389977366583776
0.1832614549750625 -5.205596701025379e-05 -0.01406617217634294
0.1843638611040305 -5.267908533595228e-05 -0.01423454652723691
0.1854728987380978 -5.330960119720134e-05 -0.01440491978459081
0.1865886077689693 -5.394760095654129e-05 -0.01457731528464124
0.1877110283283176 -5.459317193583063e-05 -0.01475175662284451
0.1888402007892269 -5.524640241210179e-05 -0.01492826765275689
0.1899761657676448 -5.590738168126075e-05 -0.01510687250324698
0.1911189641238435 -5.657620005313259e-05 -0.01528759557715698
0.1922686369638894 -5.72529488199499e-05 -0.01547046154278787
0.1934252256411219 -5.79377202985637e-05 -0.01565549534530533
0.1945887717576404 -5.863060787445819e-05 -0.01584272221863305
0.1957593171658014 -5.933170595306188e-05 -0.01603216767229641
0.1969369039697233 -6.004110997344483e-05 -0.01622385749512366
0.1981215745268011 -6.075891648038611e-05 -0.0164178177747194
0.19931337144923 -6.148522308920503e-05 -0.01661407488796158
0.2005123376055381 -6.222012847069731e-05 -0.01681265549693106
0.2017185161221286 -6.296373241464156e-05 -0.01701358656607184
0.2029319503848305 -6.371613584259229e-05 -0.0172168953656479
0.2041526840404598 -6.447744076447329e-05 -0.01742260946001418
0.205380760998389 -6.524775031386298e-05 -0.01763075671715114
0.2066162254321268 -6.602716881090214e-05 -0.01784136532566321
0.2078591217809067 -6.681580170870747e-05 -0.01805446378029902
0.2091094947512857 -6.761375559783277e-05 -0.01827008088315695
0.2103673893187526 -6.842113828532774e-05 -0.01848824576504774
0.2116328507293451 -6.923805877112881e-05 -0.01870898787911501
0.2129059245012778 -7.006462721988094e-05 -0.01893233699322118
0.2141866564265795 -7.090095502095483e-05 -0.01915832320616484
0.2154750925727398 -7.174715482259795e-05 -0.01938697695690882
0.2167712792843669 -7.260334047698368e-05 -0.01961832900973174
0.2180752631848539 -7.346962706663138e-05 -0.01985241046136708
0.2193870911780562 -7.434613098440885e-05 -0.02008925276262082
0.2207068104499787 -7.523296988015447e-05 -0.02032888770394807
0.2220344684704725 -7.613026265359156e-05 -0.02057134741353849
0.2233701129949433 -7.703812953626033e-05 -0.02081666437945525
0.2247137920660681 -7.795669208558459e-05 -0.02106487144803186
0.2260655540155243 -7.888607314186976e-05 -0.02131600181225242
0.2274254474657272 -7.982639688161113e-05 -0.02157008902615624
0.2287935213315797 -8.077778887594367e-05 -0.02182716702063169
0.2301698248222314 -8.174037602441969e-05 -0.02208727008552205
0.2315544074428487 -8.271428657094984e-05 -0.02235043287393305
0.2329473189963953 -8.369965019835719e-05 -0.0226166904277825
0.2343486095854241 -8.469659798269602e-05 -0.02288607816545667
0.2357583296138787 -8.570526237055675e-05 -0.02315863187567782
0.237176529788907 -8.672577725836307e-05 -0.02343438773893126
0.2386032611226849 -8.775827801135405e-05 -0.02371338233259454
0.2400385749342508 -8.880290140507741e-05 -0.02399565261512822
0.2414825228513524 -8.985978566851356e-05 -0.02428123593772853
0.2429351568123028 -9.092907056541229e-05 -0.02457017006630553
0.2443965290678495 -9.20108973238548e-05 -0.02486249316244991
0.2458666921830531 -9.31054086398581e-05 -0.02515824378440696
0.2473456990391787 -9.421274877772178e-05 -0.02545746091419148
0.2488336028355976 -9.533306353961991e-05 -0.02576018394937117
0.250330457091701 -9.646650022695833e-05 -0.02606645269262486
0.2518363156488252 -9.76132077152054e-05 -0.02637630737196273
0.2533512326721881 -9.877333649789935e-05 -0.02668978865261764
0.2548752626528374 -9.994703861402978e-05 -0.02700693761742271
0.2564084604096108 -0.0001011344676794445 -0.02732779577529782
0.2579508810911079 -0.0001023357789883043 -0.02765240508866396
0.2595025801776736 -0.0001035511294438162 -0.02798080795472657
0.261063613483394 -0.0001047806775465086 -0.02831304720230716
0.2626340371581039 -0.0001060245834964522 -0.02864916611946487
0.2642139076894062 -0.0001072830091859768 -0.02898920845152836
0.2658032819047042 -0.0001085561181419006 -0.02933321838548543
0.2674022169732455 -0.0001098440755901748 -0.02968124056745083
0.2690107704081783 -0.0001111470485294636 -0.03003332012254855
0.2706290000686201 -0.0001124652056464734 -0.0303895026320326
0.2722569641617388 -0.0001137987173332924 -0.0307498341379725
0.2738947212448469 -0.0001151477558031079 -0.0311143611745214
0.2755423302275071 -0.0001165124950313192 -0.03148313075200419
0.2771998503736515 -0.000117893110725088 -0.03185619034868957
0.2788673413037137 -0.0001192897804219571 -0.03223358793743809
0.2805448629967726 -0.0001207026835108865 -0.03261537199138626
0.2822324757927104 -0.0001221320011558887 -0.03300159146331205
0.283930240394383 -0.0001235779163473453 -0.03339229579950105
0.285638217869803 -0.0001250406140025979 -0.03378753496692758
0.2873564696543368 -0.0001265202808753179 -0.03418735942876519
0.2890850575529139 -0.0001280171055565968 -0.03459182014468123
0.2908240437422505 -0.0001295312785974192 -0.03500096860393066
0.2925734907730859 -0.0001310629924696596 -0.03541485681481689
0.294333461572432 -0.0001326124415140668 -0.03583353729063646
0.2961040194458372 -0.000134179822029586 -0.0362570630738151
0.2978852280796634 -0.0001357653323270509 -0.03668548775041582
0.2996771515433765 -0.0001373691726354008 -0.03711886542479779
0.3014798542918515 -0.0001389915451366401 -0.03755725072906273
0.3032934011676903 -0.0001406326540888882 -0.03800069885630457
0.3051178574035545 -0.0001422927057383076 -0.03844926553681124
0.3069532886245115 -0.0001439719083004747 -0.03890300703303101
0.3087997608503953 -0.0001456704720822848 -0.0393619801725125
0.3106573404981812 -0.0001473886094709875 -0.03982624234494212
0.3125260943843745 -0.0001491265348592064 -0.0402958514818833
0.3144060897274139 -0.0001508844647197874 -0.04077086607700161
0.3162973941500897 -0.0001526626176929019 -0.0412513452096009
0.3182000756819758 -0.0001544612144789003 -0.0417373485156712
0.3201142027618771 -0.0001562804778548837 -0.04222893619236651
0.3220398442402905 -0.0001581206328112981 -0.04272616903491417
0.3239770693818822 -0.0001599819064777365 -0.04322910841656582
0.3259259478679787 -0.00016186452808081 -0.04373781627721354
0.3278865497990735 -0.0001637687290581581 -0.04425235515419691
0.3298589456973481 -0.0001656947430814816 -0.04477278818852673
0.3318432065092091 -0.0001676428059591159 -0.04529917909855917
0.3338394036078401 -0.000169613155692109 -0.0458315921951487
0.3358476087957689 -0.0001716060325913082 -0.04637009241328643
0.3378678943074497 -0.0001736216791641404 -0.04691474528150668
0.3399003328118625 -0.0001756603401101844 -0.04746561692069058
0.3419449974151257 -0.0001777222624614927 -0.04802277408198277
0.3440019616631268 -0.0001798076955327251 -0.04858628413331686
0.3460712995441669 -0.0001819168908530309 -0.04915621504100923
0.3481530854916227 -0.0001840501022652132 -0.04973263539655436
0.3502473943866234 -0.0001862075859853511 -0.05031561443273553
0.3523543015607447 -0.0001883896004858493 -0.05090522199202339
0.3544738827987177 -0.0001905964065298484 -0.05150152853587398
0.3566062143411555 -0.0001928282673097455 -0.05210460518215885
0.3587513728872951 -0.0001950854483387723 -0.05271452367586797
0.3609094355977566 -0.0001973682174221322 -0.05333135638131072
0.3630804800973185 -0.000199676844791296 -0.05395517631840417
0.3652645844777097 -0.0002020116030864559 -0.05458605715793205
0.3674618273004187 -0.0002043727672619961 -0.05522407319600159
0.369672287599519 -0.0002067606146647627 -0.05586929937519317
0.3718960448845125 -0.0002091754251283439 -0.05652181131003585
0.374133179143189 -0.0002116174808424689 -0.05718168525171747
0.3763837708445035 -0.0002140870663638814 -0.05784899809102268
0.3786479009414707 -0.0002165844687637366 -0.0585238273981616
0.3809256508740766 -0.0002191099775365848 -0.05920625139817584
0.3832171025722083 -0.000221663884543759 -0.05989634895564135
0.3855223384586003 -0.0002242464841324999 -0.06059419960685732
0.3878414414518001 -0.0002268580731548931 -0.06129988356496328
0.3901744949691499 -0.0002294989508490925 -0.06201348168784428
0.3925215829297878 -0.0002321694188921779 -0.06273507549241356
0.3948827897576659 -0.0002348697815216346 -0.06346474718743784
0.3972582003845871 -0.0002376003454003926 -0.06420257963706934
0.3996479002532602 -0.0002403614196019386 -0.0649486563568228
0.402051975320373 -0.0002431533157535539 -0.06570306155228012
0.4044705120596843 -0.0002459763479727276 -0.06646588010190844
0.4069035974651345 -0.0002488308327816874 -0.06723719753396523
0.4093513190539743 -0.0002517170892032544 -0.06801710005239969
0.4118137648699132 -0.0002546354388152334 -0.0688056745515493
0.4142910234862858 -0.000257586205612507 -0.06960300857887629
0.4167831840092382 -0.0002605697160320696 -0.07040919034173193
0.4192903360809331 -0.0002635862990881991 -0.07122430874388165
0.4218125698827739 -0.0002666362862454521 -0.07204845335118679
0.4243499761386489 -0.0002697200113755019 -0.07288171437994169
0.4269026461181943 -0.0002728378108839553 -0.07372418273114117
0.429470671640077 -0.0002759900236795743 -0.07457594998216381
0.4320541450752978 -0.0002791769910618406 -0.07543710835639045
0.4346531593505136 -0.0002823990567872509 -0.07630775074111819
0.43726780795138 -0.0002856565671517997 -0.07718797070984797
0.4398981849259138 -0.0002889498708422077 -0.07807786248208495
0.4425443848878763 -0.0002922793189322541 -0.07897752092234722
0.4452065030201759 -0.0002956452650144262 -0.07988704157573924
0.4478846350782926 -0.0002990480650928513 -0.08080652063902075
0.4505788773937215 -0.0003024880775106153 -0.08173605494096724
0.4532893268774382 -0.0003059656630494815 -0.08267574196931533
0.4560160810233846 -0.0003094811849309666 -0.08362567987105349
0.458759237911976 -0.0003130350086821995 -0.08458596741617529
0.4615188962136283 -0.0003166275021689388 -0.08555670400660136
0.464295155192308 -0.0003202590356919179 -0.08653798970221285
0.4670881147091019 -0.0003239299818382335 -0.08752992518069483
0.4698978752258099 -0.000327640715448454 -0.08853261172864853
0.4727245378085577 -0.0003313916137281351 -0.08954615127172437
0.4755682041314329 -0.000335183056167013 -0.09057064635278672
0.4784289764801414 -0.0003390154244391434 -0.09160620010493051
0.4813069577556875 -0.0003428891024672065 -0.0926529162688569
0.4842022514780743 -0.0003468044764467186 -0.09371089919941589
0.487114961790028 -0.0003507619346987424 -0.09478025382580657
0.4900451934607434 -0.0003547618676690209 -0.09586108565134321
0.4929930518896525 -0.0003588046680177478 -0.09695350077771231
0.4959586431102161 -0.0003628907304829328 -0.09805760586805218
0.4989420737937372 -0.0003670204518188195 -0.09917350813031263
0.5019434512531983 -0.0003711942308729059 -0.1003013153380671
0.504962883447121 -0.0003754124685295617 -0.1014411358152771
0.5080004789834501 -0.0003796755675895316 -0.1025930784037325
0.5110563471234592 -0.0003839839327938771 -0.1037572524695212
0.5141305977856812 -0.0003883379708542158 -0.1049337679111998
0.5172233415498623 -0.0003927380903033962 -0.1061227351194442
0.520334689660939 -0.0003971847014625534 -0.1073242649681479
0.52346475403304 -0.0004016782165018081 -0.1085384688308231
0.5266136472535116 -0.0004062190493227706 -0.1097654585488523
0.5297814825869668 -0.000410807615472138 -0.1110053464081408
0.5329683739793606 -0.0004154443321733498 -0.112258245147671
0.5361744360620875 -0.0004201296182827526 -0.1135242679476568
0.5393997841561053 -0.0004248638941591091 -0.1148035283942838
0.5426445342760833 -0.0004296475816464206 -0.1160961404750677
0.5459088031345746 -0.0004344811040854964 -0.1174022185819802
0.5491927081462149 -0.0004393648861740163 -0.1187218774736368
0.5524963674319456 -0.0004442993539053123 -0.1200552322587538
0.5558198998232626 -0.0004492849345803727 -0.1214023983993931
0.5591634248664905 -0.0004543220567059793 -0.1227634916834366
0.5625270628270829 -0.0004594111498928666 -0.1241386281970684
0.565910934693948 -0.0004645526448358371 -0.125527924319401
0.5693151621838011 -0.0004697469732596388 -0.1269314967078512
0.5727398677455418 -0.0004749945677920882 -0.1283494622638562
0.5761851745646592 -0.0004802958619095044 -0.1297819381181289
0.5796512065676627 -0.0004856512899005079 -0.1312290416208767
0.5831380884265391 -0.0004910612867423774 -0.1326908903083907
0.5866459455632378 -0.0004965262880191199 -0.1341676018809075
0.5901749041541815 -0.0005020467298702634 -0.1356592941887725
0.5937250911348052 -0.0005076230488876661 -0.1371660852045566
0.5972966342041217 -0.0005132556820131858 -0.1386880929954046
0.6008896618293151 -0.0005189450664670149 -0.140225435703671
0.6045043032503616 -0.0005246916396503448 -0.1417782315206184
0.6081406884846782 -0.000530495839035955 -0.1433465986568534
0.6117989483317994 -0.0005363581020839432 -0.1449306553195559
0.6154792143780822 -0.0005422788661307543 -0.1465305196824932
0.619181619001439 -0.0005482585682763637 -0.1481463098555357
0.6229062953760992 -0.0005542976452958602 -0.1497781438607651
0.6266533774773996 -0.0005603965335174262 -0.1514261395995037
0.6304230000866031 -0.0005665556686858881 -0.1530904148154437
0.6342152987957473 -0.000572775485879382 -0.1547710870721291
0.6380304100125211 -0.0005790564193920594 -0.1564682737212615
0.6418684709651717 -0.0005853989025532482 -0.1581820918538353
0.6457296197074404 -0.0005918033676468891 -0.1599126582783681
0.6496139951235281 -0.0005982702458089844 -0.1616600894931902
0.6535217369330918 -0.0006047999668182284 -0.1634245016298703
0.6574529856962692 -0.0006113929589757019 -0.1652060104207075
0.6614078828187353 -0.000618049649030974 -0.1670047311787632
0.6653865705567885 -0.000624770461988434 -0.1688207787455294
0.6693891920224675 -0.0006315558208930113 -0.1706542674330273
0.673415891188699 -0.0006384061467855411 -0.1725053110117472
0.6774668128944764 -0.000645321858552573 -0.1743740226700643
0.6815421028500694 -0.0006523033726265899 -0.1762605149332344
0.6856419076422656 -0.0006593511029218663 -0.178164899646062
0.6897663747396426 -0.0006664654607377085 -0.1800872879467545
0.693915652497873 -0.0006736468544489988 -0.1820277901833035
0.6980898901650602 -0.0006808956893235871 -0.1839865158641414
0.702289237887107 -0.0006882123674937928 -0.1859635736504416
0.7065138467131162 -0.0006955972877055801 -0.1879590712883414
0.7107638686008243 -0.0007030508449682616 -0.1899731155142888
0.7150394564220665 -0.0007105734305639849 -0.1920058120576049
0.7193407639682761 -0.0007181654318837595 -0.1940572655961769
0.7236679459560159 -0.0007258272319807859 -0.1961275796357618
0.728021158032544 -0.0007335592094940269 -0.1982168564893344
0.7324005567814114 -0.0007413617385887511 -0.2003251972610214
0.736806299728095 -0.0007492351885464696 -0.2024527017352976
0.7412385453456634 -0.000757179923460932 -0.2045994682948396
0.7456974530604773 -0.0007651963022856702 -0.2067655939333729
0.7501831832579239 -0.0007732846785447114 -0.2089511741775034
0.754695897288186 -0.0007814453997913583 -0.2111563029404724
0.7592357574720454 -0.0007896788076702879 -0.2133810725389368
0.7638029271067222 -0.0007979852377688145 -0.2156255736527787
0.7683975704717476 -0.0008063650190108737 -0.2178898951613519
0.7730198528348741 -0.0008148184735104194 -0.2201741241038681
0.7776699404580188 -0.0008233459165915315 -0.2224783456848304
0.7823480006032453 -0.0008319476562946181 -0.2248026431406027
0.7870542015387785 -0.0008406239928726293 -0.2271470976032807
0.7917887125450584 -0.000849375218942257 -0.2295117881415477
0.7965517039208285 -0.0008582016191843165 -0.231896791679714
0.8013433469892614 -0.0008671034695711991 -0.2343021827889652
0.8061638141041211 -0.0008760810374470089 -0.2367280337090157
0.8110132786559631 -0.0008851345814394364 -0.2391744143242965
0.8158919150783704 -0.0008942643507010816 -0.2416413919589505
0.8207998988542287 -0.0009034705846051308 -0.2441290312946012
0.8257374065220374 -0.0009127535128939674 -0.2466373944105087
0.8307046156822607 -0.0009221133551346388 -0.2491665406364305
0.8357017050037151 -0.0009315503199317034 -0.2517165263399225
0.8407288542299962 -0.000941064605193492 -0.2542874049982865
0.8457862441859444 -0.0009506563978606691 -0.2568792271252239
0.8508740567841485 -0.0009603258728873955 -0.2594920399955331
0.8559924750314897 -0.0009700731932639238 -0.2621258876512151
0.8611416830357236 -0.0009798985100509944 -0.2647808109107682
0.8663218660121029 -0.0009898019614960289 -0.2674568471303714
0.8715332102900397 -0.0009997836724606603 -0.2701540300491967
0.8767759033198074 -0.001009843754748265 -0.2728723898779127
0.882050133679283 -0.001019982306552773 -0.2756119531497442
0.8873560910807308 -0.001030199411308814 -0.2783727424097709
0.8926939663776258 -0.001040495138067572 -0.2811547763164843
0.8980639515715189 -0.00105086954130701 -0.2839580695905098
0.9034662398189428 -0.001061322659663454 -0.2867826326718654
0.9089010254383604 -0.001071854515795848 -0.2896284716832807
0.9143685039171535 -0.001082465116613538 -0.2924955884917472
0.9198688719186553 -0.00109315445231453 -0.2953839804486436
0.9254023272892237 -0.001103922495430074 -0.2982936401315708
0.9309690690653579 -0.001114769201356414 -0.3012245554880372
0.9365692974808579 -0.001125694507853024 -0.3041767096998754
0.9422032139740265 -0.0011366983335268 -0.3071500807736527
0.9478710211949153 -0.001147780578196478 -0.3101446416391411
0.9535729230126136 -0.001158941122871179 -0.3131603601435189
0.9593091245225821 -0.001170179828305755 -0.3161971986610092
0.9650798320540293 -0.001181496534543462 -0.3192551139693028
0.9708852531773335 -0.001192891061405003 -0.3223340573817042
0.9767255967115094 -0.001204363207521077 -0.3254339744857139
0.9826010727317186 -0.001215912748895652 -0.3285548047548082
0.9885118925768263 -0.001227539439637365 -0.3316964817460705
0.9944582688570029 -0.00123924301157291 -0.334858932995726
1.000440415461372 -0.001251023172379078 -0.3380420795143934
1.006458547565703 -0.001262879605810397 -0.3412458358485987
1.012512881640152 -0.001274811971946481 -0.3444701101476098
1.018603635457047 -0.001286819905631906 -0.347714803741872
1.024731028098722 -0.001298903015536496 -0.3509798108890863
1.030895279965397 -0.001311060884978589 -0.3542650189966658
1.037096612783106 -0.001323293071040166 -0.3575703083826324
1.043335249611672 -0.001335599102570602 -0.3608955517362043
1.04961141485273 -0.001347978481060538 -0.3642406143539298
1.055925334257799 -0.001360430680468284 -0.3676053540927771
1.062277234936404 -0.001372955145063168 -0.37098962078738
1.068667345364243 -0.00138555128933406 -0.3743932562253216
1.075095895391404 -0.001398218498610085 -0.3778160943148579
1.081563116250635 -0.001410956127488403 -0.3812579606600836
1.088069240565661 -0.001423763498270522 -0.3847186721384058
1.094614502359551 -0.001436639902139151 -0.3881980372185432
1.101199137063137 -0.001449584598441268 -0.3916958557668026
1.107823381523478 -0.001462596812170159 -0.3952119183666944
1.114487474012384 -0.001475675734817436 -0.3987460065491584
1.121191654234987 -0.001488820524539559 -0.40229789283756
1.127936163338358 -0.001502030303825719 -0.4058673401175234
1.134721243920186 -0.0015153041588814 -0.4094541014703621
1.141547140037501 -0.001528641140715313 -0.4130579204667824
1.148414097215454 -0.001542040263681745 -0.4166785307730074
1.155322362456149 -0.001555500503195415 -0.4203156555333024
1.162272184247527 -0.001569020797223777 -0.4239690077732149
1.169263812572304 -0.001582600045844238 -0.4276382902799282
1.176297498916961 -0.001596237108311227 -0.4313231948097475
1.183373496280794 -0.001609930803659441 -0.4350234022511043
1.19049205918501 -0.001623679911352927 -0.4387385827999464
1.197653443681885 -0.001637483168929388 -0.4424683953231998
1.204857907363973 -0.001651339270666005 -0.4462124869982574
1.212105709373372 -0.001665246869190072 -0.4499704937481935
1.219397110411042 -0.001679204574269888 -0.4537420399150457
1.22673237274619 -0.001693210949811109 -0.4575267374481935
1.234111760225694 -0.001707264515528926 -0.4613241863562013
1.241535538283603 -0.00172136374691594 -0.4651339746981365
1.249003973950675 -0.001735507072060364 -0.4689556777238105
1.256517335863991 -0.00174969287175558 -0.4727888579033797
1.264075894276612 -0.001763919480755821 -0.4766330652666488
1.271679921067302 -0.001778185185575896 -0.4804878368085266
1.279329689750306 -0.001792488222310612 -0.484352695899809
1.287025475485191 -0.001806826778761635 -0.4882271528618817
1.294767555086741 -0.001821198993603162 -0.4921107047412751
1.302556207034913 -0.001835602952809023 -0.4960028343442223
1.310391711484858 -0.001850036691246061 -0.4999030106672111
1.318274350276994 -0.001864498193225975 -0.5038106890460976
1.326204406947145 -0.001878985389300476 -0.507725310290118
1.334182166736741 -0.001893496155627722 -0.5116463005106918
1.342207916603075 -0.001908028315927736 -0.5155730716497997
1.350281945229628 -0.001922579639639063 -0.519505020981889
1.358404543036452 -0.001937147838866046 -0.52344153028899
1.366576002190616 -0.001951730570918111 -0.5273819665468626
1.374796616616712 -0.001966325437989831 -0.5313256818385448
1.383066682007434 -0.001980929983273355 -0.5352720123038838
1.391386495834208 -0.00199554169217085 -0.5392202784671516
1.399756357357896 -0.002010157993587398 -0.5431697855864025
1.408176567639557 -0.002024776256956626 -0.5471198228497616
1.416647429551278 -0.002039393790713671 -0.5510696629627998
1.425169247787069 -0.002054007844959912 -0.5550185628685791
1.433742328873819 -0.002068615610151537 -0.5589657633932859
1.442366981182327 -0.002083214213337417 -0.5629104882296575
1.45104351493839 -0.002097800720876962 -0.5668519446713821
1.459772242233963 -0.002112372138795101 -0.570789323709017
1.468553477038385 -0.002126925408902435 -0.5747217989816072
1.477387535209671 -0.002141457409353936 -0.5786485269276512
1.486274734505876 -0.002155964956785225 -0.5825686473623511
1.495215394596523 -0.002170444803835538 -0.5864812828082876
1.504209837074101 -0.002184893636712331 -0.590385537837344
1.513258385465633 -0.002199308078476802 -0.5942804999584966
1.522361365244312 -0.00221368468840632 -0.5981652394455356
1.531519103841213 -0.002228019957882124 -0.602038808225868
1.540731930657063 -0.002242310312941329 -0.6059002405701036
1.550000177074097 -0.002256552115472593 -0.6097485534151376
1.55932417646797 -0.002270741659699621 -0.6135827454139511
1.568704264219756 -0.002284875171918491 -0.617401796864631
1.578140777728008 -0.002298948813487547 -0.6212046705182797
1.587634056420891 -0.002312958679087878 -0.6249903111089704
1.597184441768398 -0.002326900793569898 -0.6287576445016582
1.606792277294626 -0.002340771115644215 -0.6325055786894955
1.616457908590138 -0.002354565538046369 -0.6362330038383489
1.626181683324388 -0.002368279883539671 -0.6399387912067143
1.635963951258232 -0.002381909906985068 -0.643621793705021
1.645805064256506 -0.002395451297473313 -0.6472808464717716
1.655705376300682 -0.002408899675524199 -0.6509147661167387
1.665665243501602 -0.002422250592019507 -0.6545223504326343
1.675685024112287 -0.002435499531935849 -0.6581023794037721
1.685765078540822 -0.002448641913515022 -0.661653614981884
1.695905769363321 -0.002461673084825533 -0.6651748001570046
1.70610746133697 -0.002474588327526173 -0.6686646599744329
1.716370521413142 -0.002487382857942469 -0.6721219018256049
1.726695318750602 -0.00250005182367601 -0.6755452145318904
1.737082224728785 -0.002512590305024896 -0.6789332687284161
1.747531612961148 -0.002524993318021984 -0.6822847176850381
1.758043859308618 -0.002537255812648148 -0.6855981968235416
1.768619341893104 -0.002549372671228839 -0.688872323284372
1.779258441111101 -0.002561338712666894 -0.6921056970703932
1.789961539647373 -0.002573148692603533 -0.6952969010903898
1.800729022488719 -0.002584797300329592 -0.6984445003244437
1.811561276937818 -0.00259627916226131 -0.7015470427631374
1.822458692627162 -0.002607588843970435 -0.7046030599561107
1.83342166153307 -0.002618720847849756 -0.7076110663812608
1.844450577989788 -0.002629669613960969 -0.7105695596738453
1.855545838703674 -0.002640429523791812 -0.7134770216417067
1.866707842767465 -0.002650994899671183 -0.7163319181072306
1.877936991674634 -0.002661360003173368 -0.7191326984761484
1.88923368933383 -0.002671519039500299 -0.7218777969216771
1.90059834208341 -0.00268146615863644 -0.7245656326965842
1.912031358706049 -0.002691195453258509 -0.72719460956837
1.923533150443451 -0.002700700961771735 -0.7297631166396994
1.935104131011135 -0.002709976671160391 -0.7322695291186543
1.946744716613318 -0.002719016516036922 -0.7347122080617936
1.958455325957888 -0.002727814379321381 -0.737089500557748
1.970236380271462 -0.00273636409636806 -0.739399740842285
1.982088303314539 -0.002744659455612113 -0.7416412504730343
1.994011521396743 -0.002752694197758692 -0.7438123381103852
2.006006463392153 -0.002760462019930898 -0.7459113006383109
2.018073560754737 -0.002767956577725421 -0.7479364237198309
2.030213247533863 -0.002775171484693738 -0.7498859816568233
2.042425960389917 -0.002782100315042891 -0.7517582381198076
2.05471213861001 -0.002788736606991653 -0.7535514470548254
2.067072224123773 -0.002795073863386281 -0.7552638528498209
2.079506661519261 -0.002801105552896424 -0.7568936906577942
2.092015898058938 -0.002806825114054971 -0.758439187488415
2.104600383695769 -0.002812225957001784 -0.7598985626792031
2.117260571089404 -0.002817301464284396 -0.7612700281118874
2.129996915622458 -0.0028220449945758 -0.7625517892169964
2.142809875416892 -0.002826449885338403 -0.7637420456936949
2.155699911350493 -0.002830509454211208 -0.7648389918846157
2.16866748707345 -0.002834217001936431 -0.765840817566669
2.181713069025031 -0.002837565815679796 -0.7667457088482275
2.194837126450363 -0.002840549171116558 -0.7675518487327957
2.208040131417308 -0.002843160335100293 -0.7682574178401498
2.221322558833443 -0.00284539256915633 -0.7688605953503077
2.234684886463145 -0.002847239132013401 -0.7693595596876118
2.248127594944775 -0.002848693282640582 -0.7697524893413485
2.261651167807962 -0.002849748283748726 -0.7700375638118787
2.275256091491004 -0.002850397404508663 -0.7702129643451301
2.288942855358358 -0.002850633923889653 -0.7702768748346882
2.302711951718243 -0.002850451134721829 -0.7702274829195196
2.316563875840352 -0.002849842346320057 -0.7700629806929721
2.330499125973664 -0.002848800887699092 -0.7697815655715481
2.344518203364364 -0.002847320112666081 -0.7693814416709651
2.358621612273878 -0.002845393402525536 -0.7688608205370714
2.372809859997005 -0.002843014168861924 -0.7682179218977374
2.387083456880169 -0.002840175859083457 -0.7674509751608559
2.401442916339774 -0.002836871960394228 -0.7665582204876648
2.415888754880671 -0.00283309600177343 -0.7655379093275544
2.430421492114737 -0.002828841558956239 -0.7643883057639663
2.445041650779565 -0.002824102260763205 -0.7631076882246722
2.459749756757268 -0.002818871790386354 -0.7616943498292957
2.474546339093393 -0.002813143889163082 -0.760146599409065
2.489431930015952 -0.002806912364717268 -0.7584627637066442
2.504407064954564 -0.002800171093109476 -0.7566411879571432
2.519472282559719 -0.002792914021037836 -0.7546802364828252
2.534628124722145 -0.00278513517371026 -0.7525782948202755
2.549875136592308 -0.002776828660378035 -0.7503337712156491
2.565213866600017 -0.002767988674656054 -0.7479450967112006
2.580644866474148 -0.002758609500481344 -0.745410726755353
2.596168691262497 -0.002748685521759149 -0.7427291438091893
2.611785899351737 -0.002738211221948694 -0.739898857234521
2.627497052487508 -0.002727181187573254 -0.7369184042423527
2.64330271579462 -0.002715590119441482 -0.7337863529250253
2.659203457797384 -0.002703432835102882 -0.7305013029197142
2.675199850440056 -0.002690704269361524 -0.7270618855472434
2.691292469107416 -0.002677399483772267 -0.7234667663780817
2.707481892645458 -0.002663513675047845 -0.7197146475040435
2.723768703382218 -0.002649042172851218 -0.7158042669417538
2.740153487148712 -0.002633980445786922 -0.7117344002515867
2.756636833300016 -0.00261832411491153 -0.7075038641883592
2.77321933473646 -0.002602068951827709 -0.7031115161863229
2.789901587924954 -0.002585210880819822 -0.6985562549362294
2.806684192920446 -0.00256774599255601 -0.6938370240878045
2.823567753387507 -0.00254967054810153 -0.6889528133342026
2.840552876622036 -0.002530980976576507 -0.6839026577791003
2.857640173573115 -0.002511673885155582 -0.6786856406387283
2.874830258864976 -0.002491746071400784 -0.6733008965743664
2.892123750819116 -0.002471194518038503 -0.6677476102810161
2.909521271476531 -0.002450016397882817 -0.6620250178177453
2.927023446620097 -0.002428209090801547 -0.6561324111921282
2.944630905797074 -0.002405770181327975 -0.6500691377149018
2.962344282341753 -0.002382697458062271 -0.6438345998382243
2.980164213398238 -0.002358988928614086 -0.6374282591933492
2.998091339943359 -0.002334642826556661 -0.6308496384697134
3.016126306809736 -0.002309657605227437 -0.6240983197397842
3.034269762708964 -0.00228403194681276 -0.6171739469138603
3.052522360254954 -0.002257764778987805 -0.6100762302363862
3.070884755987404 -0.002230855266823792 -0.6028049440991824
3.089357610395416 -0.002203302815363116 -0.5953599277372759
3.107941587941251 -0.00217510708879223 -0.5877410904096541
3.126637357084233 -0.002146268009024176 -0.5799484110162461
3.14544559030479 -0.002116785751038761 -0.57198193683878
3.164366964128648 -0.002086660757356473 -0.5638417874518165
3.183402159151157 -0.002055893748932456 -0.5555281576664365
3.202551860061779 -0.002024485714588595 -0.5470413146746576
3.221816755668715 -0.001992437917741335 -0.5383815998673768
3.241197538923678 -0.001959751916508889 -0.5295494342675872
3.260694906946819 -0.00192642955383104 -0.5205453158606264
3.280309561051807 -0.00189247295630108 -0.5113698192785513
3.300042206771049 -0.001857884553578091 -0.5020236010455789
3.319893553881069 -0.001822667079403212 -0.4925073998526939
3.339864316428041 -0.001786823561937597 -0.482822033946845
3.359955212753471 -0.001750357335860437 -0.4729684043999816
3.380166965520037 -0.001713272057277625 -0.4629474991375604
3.400500301737581 -0.001675571689062498 -0.4527603889774315
3.42095595278926 -0.001637260503955293 -0.4424082284673492
3.441534654457853 -0.001598343106018616 -0.4318922616825094
3.46223714695223 -0.001558824420750083 -0.4212138195538596
3.483064174933973 -0.001518709688950908 -0.4103743182113167
3.504016487544163 -0.001478004484062629 -0.3993752636683657
3.525094838430328 -0.001436714716386358 -0.3882182529621535
3.546299985773546 -0.001394846618293572 -0.3769049701572612
3.567632692315724 -0.001352406752278699 -0.3654371885216124
3.589093725387028 -0.001309402028504057 -0.353816775267335
3.610683856933487 -0.001265839687341606 -0.3420456868333244
3.632403863544755 -0.00122172729776398 -0.3301259684504811
3.654254526482051 -0.001177072777320864 -0.3180597595395763
3.676236631706256 -0.001131884384107159 -0.3058492915409498
3.698350969906183 -0.001086170704654611 -0.2934968846426775
3.720598336527025 -0.001039940666959265 -0.2810049513007522
3.742979531798957 -0.0009932035503729887 -0.2683759989118957
3.765495360765927 -0.0009459689607252578 -0.2556126230911562
3.788146633314612 -0.0008982468337084263 -0.2427175085866493
3.810934164203546 -0.0008500474629215297 -0.2296934368573442
3.833858773092431 -0.00080138147071308 -0.2165432781944233
3.856921284571616 -0.0007522598014527924 -0.2032699899032178
3.880122528191761 -0.00070269374245012 -0.1898766219556581
3.903463338493672 -0.0006526949155437287 -0.1763663147176437
3.926944555038322 -0.0006022752604374892 -0.1627422944462213
3.950567022437048 -0.0005514470420586747 -0.149007875277861
3.974331590381932 -0.0005002228587764148 -0.1351664614491853
3.998239113676364 -0.0004486156206584665 -0.1212215414216771
4.02229045226579 -0.0003966385467558655 -0.1071766871479591
4.046486471268643 -0.0003443051789466659 -0.09303555781254433
4.070828041007458 -0.0002916293651217803 -0.07880189528844066
4.095316037040186 -0.0002386252470746858 -0.06447952086479816
4.119951340191675 -0.0001853072696537438 -0.05007233771998006
4.144734836585366 -0.0001316901768350546 -0.03558432986039912
4.169667417675155 -7.778899160423694e-05 -0.02101955668432327
4.194749980277468 -2.361901632296306e-05 -0.006382153080917915
4.219983426603512 3.080416075932119e-05 0.008323668810205935
4.24536866429173 8.546468740845941e-05 0.02309362551747278
4.270906606440451 0.0001403464552632276 0.03792336436057585
4.296598171640729 0.0001954330925085355 0.05280846147068462
4.322444284009386 0.0002507079786765377 0.06774442578988984
4.348445873222255 0.0003061542602471607 0.08272670328666075
4.374603874547618 0.0003617548489466249 0.09775067649608431
4.400919228879844 0.0004174924263581706 0.1128116657657412
4.42739288277324 0.0004733494646907108 0.1279049348676548
4.454025788476091 0.0005293082322237383 0.1430256924695733
4.480818903964917 0.0005853507920762289 0.1581690918023119
4.50777319297893 0.0006414590222684745 0.1733302360807103
4.534889625054696 0.0006976146272925064 0.1885041816301063
4.562169175561013 0.0007537991388040139 0.2036859380732997
4.589612825733993 0.0008099939290411485 0.2188704719564819
4.617221562712357 0.0008661802275640124 0.2340527112724536
4.644996379572944 0.0009223391267926669 0.2492275469570649
4.672938275366425 0.0009784515895601335 0.2643898349301295
4.701048255153248 0.001034498467891289 0.2795344011697171
4.729327330039782 0.001090460512722923 0.2946560443386343
4.757776517214689 0.001146318380614712 0.3097495375978138
4.786396839985513 0.001202052650548336 0.324809633145644
4.815189327815487 0.001257643836691746 0.3398310656670361
4.844155016360561 0.00131307239732462 0.3548085547451911
4.873294947506656 0.001368318748930583 0.3697368086694948
4.902610169407141 0.0014233632804928 0.384610528298366
4.932101736520533 0.001478186364215862 0.399424409956443
4.961770709648425 0.001532768369524335 0.4141731492171663
4.991618155973645 0.00158708967713614 0.4288514447055823
5.021645149098641 0.00164113069024713 0.443454001120555
5.051852769084097 0.001694871849848825 0.4579755333738098
5.082242102487784 0.001748293649209962 0.4724107705030284
5.112814242403641 0.001801376644184199 0.4867544584571198
5.1435702885011 0.001854101468289195 0.5010013641707758
5.174511347064628 0.001906448850588605 0.5151462803964086
5.205638531033534 0.001958399624141884 0.5291840279873944
5.23695296004199 0.002009934738752686 0.5431094593428494
5.26845576045931 0.002061035283042277 0.556917464372141
5.300148065430462 0.002111682492969598 0.5706029727971167
5.332031014916829 0.002161857760988575 0.584160956626522
5.364105755737212 0.002211542658249971 0.5975864361552192
5.39637344160908 0.002260718949104131 0.6108744838830098
5.42883523319007 0.00230936859520911 0.6240202256247008
5.461492298119737 0.002357473773303738 0.6370188453126109
5.494345811061548 0.002405016899200752 0.6498655914798125
5.52739695374514 0.00245198062822369 0.6625557773781867
5.560646915008824 0.002498347866398266 0.6750847840024726
5.594096890842349 0.002544101799552786 0.6874480679535633
5.627748084429916 0.00258922589769597 0.6996411626214462
5.661601706193463 0.002633703918282977 0.7116596790677266
5.695658973836199 0.002677519931667391 0.7234993129030697
5.729921112386407 0.002720658338435043 0.7351558489710173
5.764389354241504 0.002763103864357152 0.7466251599842623
5.799064939212376 0.002804841576697178 0.757903210930964
5.833949114567966 0.002845856914790692 0.7689860673378128
5.869043135080146 0.002886135682359525 0.7798698931932139
5.904348263068843 0.002925664053514346 0.7905509525692613
5.939865768447451 0.002964428605466029 0.8010256184607577
5.975596928768503 0.003002416321617541 0.8112903736206794
6.01154302926963 0.003039614585698587 0.8213418089752854
6.047705362919785 0.003076011205875541 0.8311766301389216
6.084085230465758 0.003111594436688577 0.8407916633417074
6.120683940478954 0.003146352963740048 0.8501838512921447
6.15750280940247 0.003180275914800548 0.8593502561781137
6.194543161598441 0.003213352894524854 0.868288069047556
6.231806329395683 0.003245573971086619 0.8769946061969981
6.269293653137611 0.003276929673838416 0.8854673085392699
6.307006481230453 0.00330741102484675 0.8937037501246569
6.344946170191752 0.003337009543598798 0.9017016394127189
6.383114084699157 0.003365717230431875 0.9094588147947275
6.421511597639515 0.003393526584940011 0.916973249567351
6.460140090158249 0.003420430632119368 0.9242430589974734
6.499000951709037 0.003446422898119834 0.9312664937699722
6.538095580103793 0.003471497413476468 0.9380419408608943
6.577425381562945 0.003495648747279952 0.9445679327707405
6.616991770766014 0.003518871992074664 0.9508431434437348
6.656796170902505 0.003541162751348283 0.9568663848873596
6.696840013723089 0.003562517165088281 0.9626366140780404
6.737124739591115 0.003582931917687012 0.9681529350971972
6.777651797534409 0.00360240421141762 0.9734145919641056
6.818422645297399 0.003620931776154227 0.9784209712624121
6.859438749393552 0.003638512896756393 0.983171609539757
6.900701585158119 0.003655146383556371 0.9876661853330629
6.942212636801205 0.003670831566392531 0.9919045175562907
6.983973397461158 0.003685568323172667 0.9958865732186024
7.025985369258271 0.003699357066410552 0.9996124637863689
7.068250063348816 0.003712198721011223 1.003082439180478
7.110768999979402 0.003724094740465798 1.006296892152377
7.153543708541653 0.003735047117175817 1.009256361073835
7.196575727627224 0.003745058349093656 1.01196152092277
7.239866605083138 0.003754131439924858 1.01441318333792
7.28341789806747 0.003762269922996584 1.016612303068394
7.327231173105349 0.003769477831355654 1.018559969893793
7.37130800614531 0.003775759682917782 1.020257404611349
7.41564998261598 0.003781120499616521 1.021705964210202
7.460258697483103 0.003785565797196934 1.022907139113529
7.505135755306914 0.003789101556055072 1.023862545299007
7.550282770299852 0.003791734226852376 1.024573925815888
7.59570136638462 0.003793470740525346 1.025043153489744
7.641393177252606 0.003794318472835016 1.02527222134329
7.687359846422636 0.003794285236109313 1.025263240365063
7.733603027300095 0.003793379295187298 1.025018443817759
7.780124383236402 0.003791609341117406 1.024540180131169
7.826925587588838 0.003788984469796449 1.023830907130169
7.874008323780734 0.003785514190160528 1.022893194248007
7.921374285362025 0.003781208416539547 1.021729720460398
7.969025176070168 0.003776077437101081 1.020343265758663
8.016962709891423 0.003770131910151001 1.018736710150111
8.065188611122505 0.003763382870018976 1.016913035248376
8.113704614432605 0.003755841694584437 1.014875315498529
8.162512464925786 0.003747520091115656 1.012626714350612
8.211613918203758 0.003738430102099453 1.010170485834911
8.26101074042902 0.003728584084088433 1.007509968846204
8.310704708388393 0.003717994683955352 1.004648580727398
8.360697609556926 0.003706674837163801 1.001589816802248
8.410991242162195 0.003694637760343198 0.9983372483690243
8.461587415248985 0.003681896922354987 0.9948945148822413
8.512487948744354 0.003668466034420204 0.9912653212849997
8.563694673523104 0.003654359048934051 0.9874534376886713
8.615209431473632 0.003639590133517639 0.9834626923613554
8.667034075564182 0.003624173654620635 0.9792969672971085
8.719170469909495 0.003608124173855742 0.9749601972254772
8.771620489837867 0.003591456431080697 0.9704563650400413
8.824386021958594 0.003574185323083958 0.9657894960390199
8.877468964229841 0.003556325895099668 0.9609636556325101
8.930871226026907 0.003537893330818977 0.9559829466434207
8.984594728210904 0.003518902930245035 0.9508515033236152
9.038641403197854 0.003499370097583428 0.9455734880817557
9.09301319502819 0.003479310332452625 0.9401530891082565
9.147712059436689 0.003458739211243204 0.9345945153383152
9.202739963922818 0.003437672372744132 0.9289019925679517
9.258098887821502 0.003416125507844632 0.9230797606713266
9.313790822374321 0.003394114344551263 0.9171320695521674
9.369817770801134 0.003371654633218606 0.9110631751529167
9.426181748372137 0.003348762135479983 0.904877336463673
9.482884782480346 0.003325452610105689 0.89857881170091
9.539928912714528 0.003301741799576906 0.8921718546795793
9.597316190932558 0.003277645419605761 0.8856607119812997
9.655048681335227 0.003253179144803108 0.8790496190816124
9.713128460540494 0.003228358595674892 0.8723427968362379
9.771557617658175 0.003203199330024194 0.8655444491577984
9.830338254365088 0.003177716830062432 0.8586587595331069
9.889472484980656 0.00315192648717685 0.851689886907149
9.948962436542953 0.003125843595806879 0.8446419640284022
10.00881024888521 0.00309948334371521 0.837519094819956
10.06901807471279 0.003072860794491939 0.8303253496519155
10.12958807968063 0.003045990881839496 0.8230647637971161
10.1905224424711 0.003018888403935017 0.815741335907767
10.25182335487242 0.002991568007127839 0.8083590236103105
10.31349302185747 0.002964044175823467 0.8009217407719446
10.3755336616631 0.002936331231892607 0.7934333573409338
10.43794750586993 0.002908443323112659 0.7858976962233597
10.50073679948262 0.00288039440648342 0.7783185287748124
10.56390380101059 0.00285219825091426 0.7706995755265013
10.62745078254932 0.002823868431635697 0.7630445046751911
10.69138002986203 0.002795418311308234 0.7553569269785758
10.7556938424619 0.002766861039565172 0.7476403956317391
10.82039453369479 0.002738209554171417 0.7398984065802795
10.88548443082247 0.002709476566232338 0.7321343945235589
10.95096587510631 0.002680674550700107 0.7243517303493967
11.01684122189147 0.002651815753867817 0.7165537231590754
11.08311284069168 0.002622912185876699 0.7087436182426952
11.14978311527443 0.00259397560333501 0.7009245923825823
11.21685444374672 0.00256501751828845 0.6930997562772063
11.28432923864131 0.002536049198240433 0.6852721545466582
11.35220992700354 0.002507081649037979 0.6774447611082052
11.42049895047856 0.0024781256162854 0.6696204795582844
11.48919876539923 0.002449191593453914 0.6618021453638252
11.55831184287442 0.002420289811260001 0.6539925229921447
11.62784066887791 0.002391430227740274 0.6461943032290562
11.69778774433782 0.002362622541966327 0.6384101068847927
11.76815558522656 0.002333876191695932 0.6306424841593289
11.83894672265132 0.002305200337271171 0.6228939102914576
11.91016370294514 0.002276603873222871 0.6151667886944511
11.98180908775847 0.002248095434025594 0.6074634525111329
12.05388545415131 0.002219683381054769 0.5997861610895313
12.12639539468595 0.002191375803510125 0.5921371002324018
12.19934151752018 0.002163180531966309 0.5845183858587755
12.27272644650111 0.00213510513298682 0.5769320625485729
12.34655282125957 0.002107156899110896 0.5693801008369404
12.42082329730504 0.002079342865682726 0.5618644017617098
12.49554054612116 0.002051669813330406 0.5543867975332454
12.57070725526186 0.002024144255065999 0.5469490480487174
12.64632612844798 0.00199677244757373 0.5395528439423155
12.72239988566455 0.001969560400831027 0.5321998091849713
12.79893126325863 0.001942513870094178 0.5248914989187856
12.87592301403773 0.001915638360021578 0.5176294005711789
12.95337790736882 0.001888939132581933 0.5104149359917884
13.03129872927796 0.001862421205628534 0.503249461067219
13.10968828255048 0.001836089358183679 0.4961342671489584
13.18854938683184 0.001809948136640622 0.4890705827292235
13.26788487872902 0.00178400185971482 0.4820595747788474
13.34769761191256 0.001758254613574757 0.4751023474315681
13.42799045721921 0.001732710259032869 0.4681999439271058
13.50876630275517 0.001707372444356586 0.4613533500728669
13.59002805400002 0.00168224460219726 0.4545634934141016
13.67177863391118 0.001657329947819282 0.4478312427553887
13.7540209830291 0.001632631495601565 0.4411574126195438
13.83675805958297 0.001608152061897649 0.4345427640204536
13.91999283959716 0.001583894258465829 0.4279880026878161
14.00372831699829 0.001559860506257129 0.4214937827928222
14.08796750372286 0.001536053043761371 0.4150607092033681
14.17271342982564 0.001512473922491105 0.4086893362637568
14.25796914358864 0.001489125012463849 0.4023801692760677
14.34373771163077 0.001466008015274167 0.3961336680323956
14.43002221901811 0.001443124464334871 0.3899502468800262
14.51682576937491 0.001420475722878739 0.3838302741814751
14.60415148499523 0.001398062998277487 0.3777740761836534
14.69200250695523 0.001375887346749842 0.3717819382900478
14.78038199522615 0.001353949669514498 0.3658541040211999
14.86929312878798 0.001332250722773261 0.3599907777122791
14.95873910574384 0.00131079112650585 0.3541921268895453
15.04872314343496 0.001289571363140362 0.3484582819110935
15.13924847855642 0.001268591780636045 0.3427893367998558
15.2303183672736 0.001247852604009226 0.3371853523580537
15.3219360853393 0.001227353937559834 0.3316463567688301
15.41410492821153 0.001207095763389708 0.3261723451958781
15.50682821117208 0.001187077952299546 0.3207632827279337
15.60010926944577 0.001167300268999621 0.3154191057867747
15.69395145832038 0.001147762370594703 0.3101397217178293
15.7883581532674 0.00112846381301894 0.3049250105289607
15.88333275006339 0.00110940405889698 0.2997748270146397
15.97887866491215 0.001090582478178701 0.2946890009274575
16.07499933456759 0.001071998349759266 0.2896673374158844
16.17169821645737 0.001053650870423796 0.2847096194412325
16.26897878880723 0.00103553915773531 0.2798156085580129
16.36684455076612 0.001017662249479724 0.2749850447639675
16.46529902253208 0.001000019110974462 0.2702176484749465
16.56434574547881 0.0009826086398068284 0.2655131218052769
16.66398828228309 0.000965429665879956 0.2608711485801767
16.76423021705294 0.0009484809552111791 0.2562913953621243
16.86507515545651 0.0009317612160470326 0.2517735131032067
16.96652672485178 0.0009152691003514202 0.247317137547241
17.06858857441703 0.000899003204799119 0.2429218894982323
17.17126437528214 0.0008829620769021982 0.2385873764758082
17.27455782066058 0.0008671442177063715 0.2343131934438068
17.37847262598229 0.0008515480820569938 0.2300989228821528
17.48301252902732 0.000836172082992765 0.2259441359740904
17.58818129006027 0.0008210145954290238 0.2218483936014559
17.69398269196554 0.0008060739569853208 0.2178112465682979
17.80042054038342 0.0007913484701682184 0.2138322361906974
17.90749866384694 0.0007768364065220993 0.2099108954183677
18.01522091391964 0.0007625360081953076 0.2060467492578456
18.12359116533404 0.0007484454888147819 0.202239315008828
18.23261331613107 0.0007345630371721986 0.1984881032602138
18.34229128780023 0.0007208868193041269 0.1947926184521883
18.45262902542071 0.0007074149792392228 0.1911523590781232
18.56363049780323 0.0006941456414482283 0.1875668183465983
18.67529969763284 0.0006810769132800851 0.1840354848396688
18.78764064161249 0.0006682068859884454 0.180557842790242
18.90065737060757 0.0006555336361131701 0.1771333724553748
19.0143539497912 0.0006430552278802097 0.173761550764752
19.12873446879051 0.0006307697144440231 0.1704418516564032
19.24380304183367 0.0006186751388320948 0.1671737463319229
19.35956380789796 0.0006067695358718287 0.1639567037771416
19.47602093085858 0.0005950509335250538 0.1607901911227255
19.59317859963845 0.000583517353798879 0.1576736738903015
19.71104102835891 0.0005721668141154035 0.1546066163625692
19.82961245649123 0.0005609973286045885 0.1515884819326518
19.94889714900919 0.0005500069089968591 0.1486187333452877
20.06889939654243 0.0005391935657044696 0.1456968329890289
20.18962351553079 0.00052855530891287 0.1428222431911425
20.31107384837959 0.0005180901493745082 0.1399944264321051
20.4332547636158 0.0005077960993950948 0.1372128456121045
20.55617065604522 0.0004976711737344916 0.1344769642944706
20.67982594691049 0.0004877133902322136 0.1317862468746943
20.80422508405019 0.0004779207706584345 0.1291401588103794
20.92937254205879 0.0004682913416252392 0.1265381668674745
21.05527282244758 0.0004588231349886963 0.1239797392289183
21.18193045380665 0.0004495141884703234 0.1214643456625667
21.30934999196772 0.0004403625466718495 0.118991457795395
21.43753602016806 0.0004313662613493883 0.1165605491875821
21.5664931492153 0.0004225233917694759 0.1141710954287173
21.69622601765332 0.0004138320056538413 0.1118225743930883
21.82673929192908 0.0004052901796246989 0.109514466360005
21.95803766656046 0.0003968959992488241 0.1072462540257096
22.09012586430514 0.0003886475597153178 0.1050174226865165
22.22300863633048 0.0003805429666383544 0.1028274604557254
22.35669076238438 0.0003725803358622459 0.1006758582109467
22.49117705096725 0.0003647577937968669 0.09856210968473772
22.62647233950495 0.0003570734784146524 0.09648571173400408
22.76258149452277 0.0003495255391362154 0.0944461643090919
22.89950941182054 0.0003421121368057019 0.09244297044712857
23.03726101664865 0.0003348314445245079 0.09047563649730352
23.17584126388527 0.0003276816479992921 0.08854367221490543
23.31525513821456 0.0003206609451586285 0.08664659065773711
23.45550765430593 0.0003137675466188945 0.0847839083120043
23.59660385699449 0.0003069996765279286 0.08295514532028242
23.73854882146243 0.0003003555720368432 0.08115982533879379
23.88134765342164 0.0002938334833755718 0.0793974755578216
24.02500548929732 0.0002874316748046144 0.07766762695888312
24.16952749641275 0.0002811484244175562 0.07596981426136805
24.31491887317515 0.0002749820238029425 0.07430357583117277
24.46118484926266 0.0002689307787207662 0.07266845386349566
24.60833068581249 0.0002629930095383884 0.07106399450062845
24.7563616756101 0.0002571670505636079 0.06948974765174305
24.90528314327963 0.0002514512502995694 0.06794526706177122
25.05510044547539 0.0002458439723461988 0.0664301105549833
25.20581897107455 0.0002403435947574649 0.06494383986131261
25.357444141371 0.0002349485098843185 0.06348602057391541
25.5099814102703 0.0002296571252333988 0.06205622238120421
25.66343626448592 0.0002244678633680312 0.06065401904009608
25.81781422373652 0.0002193791613248861 0.05927898821838669
25.97312084094457 0.0002143894711084438 0.05793071162836069
26.12936170243603 0.0002094972602755886 0.0566087751847565
26.28654242814131 0.0002047010111117303 0.05531276878214405
26.44466867179741 0.0001999992206922569 0.05404228631152997
26.6037461211513 0.0001953904017889319 0.05279692590527753
26.76378049816449 0.0001908730822802499 0.05157628977777733
26.92477755921884 0.0001864458047829824 0.05037998412588642
27.08674309532363 0.000182107127374083 0.04920761932399604
27.24968293232387 0.0001778556236773953 0.04805880994746121
27.41360293110984 0.000173689882101492 0.04693317456665531
27.57850898782788 0.0001696085061443671 0.04583033582930178
27.74440703409252 0.0001656101151094131 0.04474992065394003
27.91130303719981 0.0001616933432383424 0.04369155999563002
28.07920300034196 0.0001578568395942924 0.04265488881436573
28.24811296282329 0.0001540992689086269 0.04163954630389158
28.41803900027744 0.0001504193111490374 0.04064517577499797
28.58898722488593 0.0001468156609683761 0.03967142450658897
28.76096378559799 0.0001432870282600423 0.03871794389575482
28.93397486835177 0.0001398321384452917 0.03778438953540641
29.1080266962968 0.0001364497316031917 0.03687042097917834
29.28312553001787 0.0001331385625957864 0.03597570177524999
29.4592776677602 0.00012989740184688 0.03509989967678277
29.63648944565603 0.0001267250345389309 0.03424268642491053
29.81476723795246 0.0001236202603285753 0.03340373767187076
29.99411745724076 0.000120581894079303 0.03258273317898265
30.17454655468706 0.0001176087656397817 0.03177935675674751
30.35606102026435 0.0001146997191475244 0.03099329607669103
30.53866738298595 0.0001118536134038358 0.0302242427726785
30.72237221114033 0.0001090693223352106 0.0294718925655904
30.90718211252742 0.0001063457340855556 0.02873594501802944
31.09310373469621 0.0001036817509798459 0.02801610352449996
31.28014376518396 0.0001010762902870632 0.02731207551756359
31.46830893175665 9.852828356665023e-05 0.02662357229124281
31.65760600265105 9.603667623033696e-05 0.02595030888262111
31.84804178681812 9.360042812565716e-05 0.02529200422951641
32.03962313416796 9.121851353280223e-05 0.02464838116963085
32.23235693581619 8.88899203716323e-05 0.02401916622627538
32.42625012433181 8.661365040077258e-05 0.02340408966216804
32.62130967398656 8.438871979222004e-05 0.02280288563469986
32.81754260100581 8.221415826271093e-05 0.02221529196121951
33.01495596382091 8.008900889379722e-05 0.02164105007041574
33.21355686332307 7.801232881375344e-05 0.02107990518657709
33.4133524431188 7.598318874309118e-05 0.02053160620678425
33.61434988978685 7.400067243012118e-05 0.01999590554839188
33.81655643313671 7.206387706910409e-05 0.01947255926201816
34.01997934646867 7.017191349024811e-05 0.01896132708288458
34.22462594683541 6.832390532557112e-05 0.01846197220542137
34.43050359530524 6.651898905250587e-05 0.01797426129505027
34.63761969722685 6.475631460404255e-05 0.0174979646530526
34.84598170249565 6.303504461326371e-05 0.0170328560124332
35.0555971058218 6.135435410609175e-05 0.01657871245489696
35.26647344699975 5.97134310614661e-05 0.01613531456221567
35.47861831117944 5.811147616877112e-05 0.01570244635068203
35.69203932913916 5.654770217561361e-05 0.01527989509487099
35.90674417756002 5.50213341428261e-05 0.0148674513965448
36.12274057930207 5.353160977808417e-05 0.01446490927480061
36.34003630368208 5.207777861939032e-05 0.01407206594543759
36.55863916675303 5.065910194986007e-05 0.01368872179793107
36.77855703158521 4.927485337106236e-05 0.0133146805503563
36.9997978085491 4.792431821565195e-05 0.01294974909067436
37.22236945559986 4.660679313342506e-05 0.01259373736487925
37.4462799785636 4.532158651111403e-05 0.01224645849043163
37.67153743142533 4.406801842491013e-05 0.01190772874342992
37.89814991661868 4.284541994539619e-05 0.01157736737079437
38.12612558531732 4.165313324661237e-05 0.01125519661973805
38.35547263772817 4.049051201969482e-05 0.01094104184953712
38.58619932338635 3.935692073150955e-05 0.0106347313312045
38.81831394145193 3.825173443411555e-05 0.01033609619600441
39.05182484100842 3.717433925381969e-05 0.01004497056760107
39.2867404213631 3.612413199320738e-05 0.009761191454522478
39.52306913234914 3.510051964024073e-05 0.009484598617512567
39.76081947462954 3.410291964674271e-05 0.009215034644781107
40.00000000000288 3.313076003864755e-05 0.008952344981794749
