##########################################################################################
#
# SZ signal computed with SZpack v1.1.1
# Runmode: CNSN-basis
#
# General parameters:
# xmin= 0.1 xmax= 40 np= 1000
# Dtau= 0.01
# Te= 11keV (The ~ 0.0215265)
# betac= 0 muc= 1
# betao= 0 muo= 1
#
# Runmode specific parameters:
# eps= 0
# Te_order= 20 beta_order= 2
#
##########################################################################################
#
# Output format: x = (h nu/k T0) | x^3 Dn(x) | DI(x) in MJy/sr 
# Here a CMB temperature of T0 = 2.726 K is assumed.
#
##########################################################################################
0.1 -4.146028933964156e-06 -0.001120308778852422
0.1006015482792701 -4.195967445008134e-06 -0.001133802787991401
0.1012067151618632 -4.246506332953322e-06 -0.001147459026464464
0.1018155224154252 -4.297652790252071e-06 -0.001161279437762029
0.1024279919385451 -4.349414092728994e-06 -0.001175265987902741
0.1030441457615424 -4.401797601040476e-06 -0.001189420665827849
0.1036640060472596 -4.454810766660072e-06 -0.001203745485018536
0.1042875950918594 -4.508461128856995e-06 -0.001218242482679465
0.1049149353256267 -4.562756313825666e-06 -0.00123291371950358
0.1055460493137754 -4.617704040237157e-06 -0.001247761281172165
0.10618095975726 -4.673312120004536e-06 -0.001262787278561661
0.1068196894935924 -4.729588455020766e-06 -0.001277993846862197
0.1074622614976628 -4.7865410404851e-06 -0.001293383146476426
0.1081086988825668 -4.844177969971122e-06 -0.001308957364388974
0.1087590249004362 -4.902507431091378e-06 -0.00132471871299497
0.1094132629432757 -4.961537706260299e-06 -0.001340669430306194
0.1100714365438043 -5.021277179500051e-06 -0.001356811781790105
0.1107335693763015 -5.081734334248902e-06 -0.001373148059777633
0.1113996852574591 -5.142917751433272e-06 -0.001389680582942228
0.1120698081472377 -5.204836114919233e-06 -0.001406411697772913
0.1127439621497288 -5.267498214094961e-06 -0.001423343779272105
0.1134221715140214 -5.33091293957832e-06 -0.001440479229795745
0.1141044606350749 -5.39508928590444e-06 -0.001457820479779517
0.1147908540545956 -5.460036358272834e-06 -0.001475369989562004
0.1154813764619206 -5.525763368050615e-06 -0.001493130248169597
0.1161760526949047 -5.592279632645777e-06 -0.001511103773282259
0.1168749077408149 -5.659594582827158e-06 -0.001529293113211469
0.1175779667372284 -5.727717761934034e-06 -0.001547700846686643
0.118285254972937 -5.796658822705874e-06 -0.001566329581998493
0.118996797888857 -5.866427532358467e-06 -0.001585181958370664
0.119712621078944 -5.937033777293862e-06 -0.001604260647232418
0.1204327502911136 -6.008487557862053e-06 -0.001623568350803169
0.1211572114281675 -6.080798990261497e-06 -0.001643107802606037
0.1218860305487253 -6.153978314722614e-06 -0.001662881769679126
0.1226192338681618 -6.228035891453419e-06 -0.001682893051479981
0.12335684775955 -6.30298219934968e-06 -0.001703144479537064
0.1240988987546095 -6.378827843495822e-06 -0.001723638919476584
0.124845413544661 -6.455583556343011e-06 -0.001744379271340834
0.1255964189815867 -6.533260193172941e-06 -0.001765368468362453
0.1263519420787953 -6.611868736526476e-06 -0.00178660947816109
0.1271120100121947 -6.691420303209662e-06 -0.001808105304636527
0.1278766501211688 -6.771926138370256e-06 -0.001829858986368079
0.128645889909561 -6.853397616433468e-06 -0.001851873596867439
0.1294197570466637 -6.935846250349658e-06 -0.001874152247077528
0.1301982793682135 -7.019283688718343e-06 -0.001896698084595363
0.1309814848773924 -7.103721713045751e-06 -0.001919514292931011
0.1317694017458348 -7.189172245067654e-06 -0.001942604093486313
0.1325620583146414 -7.275647350410987e-06 -0.001965970746544302
0.1333594830953982 -7.363159232669346e-06 -0.001989617549668322
0.1341617047712022 -7.451720236940902e-06 -0.00201354783865802
0.1349687521976928 -7.54134285907176e-06 -0.002037764990047017
0.1357806544040905 -7.632039739566246e-06 -0.002062272419457393
0.13659744059424 -7.723823663291223e-06 -0.002087073581519785
0.1374191401476617 -7.816707569364892e-06 -0.002112171972545469
0.1382457826206078 -7.910704550227234e-06 -0.002137571130275182
0.1390773977471256 -8.005827847203512e-06 -0.002163274632680318
0.1399140154401271 -8.102090857274756e-06 -0.002189286099792405
0.140755665792465 -8.199507139620541e-06 -0.002215609195471046
0.1416023790780148 -8.298090408438029e-06 -0.002242247625463525
0.1424541857527642 -8.397854535391595e-06 -0.002269205138066739
0.1433111164559082 -8.498813560734972e-06 -0.00229648552713253
0.1441732020109516 -8.600981687890907e-06 -0.002324092630603047
0.1450404734268171 -8.70437328155197e-06 -0.002352030329997557
0.1459129618989614 -8.809002877752876e-06 -0.002380302553134115
0.1467906988104967 -8.914885185639668e-06 -0.002408913274607617
0.1476737157333199 -9.022035081186627e-06 -0.002437866514092031
0.148562044429248 -9.130467613049033e-06 -0.002467166337921891
0.1494557168511607 -9.240198012180274e-06 -0.002496816861690949
0.1503547651441497 -9.351241683772021e-06 -0.002526822248074323
0.151259221646675 -9.463614208371291e-06 -0.002557186707130329
0.152169118891728 -9.577331354362385e-06 -0.002587914499673266
0.1530844896080017 -9.692409074207298e-06 -0.002619009936257523
0.1540053667210681 -9.80886350056151e-06 -0.002650477376128017
0.1549317833545624 -9.926710956040028e-06 -0.002682321229859103
0.1558637728313743 -1.004596795835529e-05 -0.002714545960742895
0.156801368674847 -1.016665121217645e-05 -0.002747156082589548
0.1577446046099826 -1.028877761374234e-05 -0.002780156160973736
0.1586935145646554 -1.041236426342869e-05 -0.002813550816630465
0.1596481326708324 -1.053742845753926e-05 -0.002847344723236951
0.1606084932658007 -1.066398768772517e-05 -0.002881542607255699
0.1615746308934029 -1.079205965424278e-05 -0.002916149251516957
0.1625465803052792 -1.092166226487706e-05 -0.002951169494927786
0.1635243764621181 -1.105281362876236e-05 -0.002986608230802381
0.1645080545349132 -1.118553206533651e-05 -0.003022470409281541
0.1654976499062288 -1.1319836113344e-05 -0.003058761039765477
0.1664931981714723 -1.14557445210418e-05 -0.003095485188267289
0.1674947351401746 -1.159327624931141e-05 -0.003132647978253868
0.1685022968372784 -1.173245048664886e-05 -0.003170254594696401
0.1695159195044337 -1.187328664195191e-05 -0.003208310282121373
0.1705356396013016 -1.20158043417417e-05 -0.00324682034385982
0.1715614938068656 -1.216002344357063e-05 -0.003285790145670315
0.172593519020751 -1.230596403861232e-05 -0.003325225116438797
0.1736317523645521 -1.24536464430058e-05 -0.003365130745839664
0.1746762311831677 -1.260309120551004e-05 -0.003405512586404133
0.1757269930461439 -1.275431912057664e-05 -0.003446376257052634
0.1767840757490262 -1.29073512174453e-05 -0.003487727440148268
0.1778475173147181 -1.306220876142224e-05 -0.003529571881842266
0.1789173559948495 -1.321891327056954e-05 -0.003571915396583643
0.1799936302711521 -1.337748651081054e-05 -0.003614763865796617
0.1810763788568441 -1.353795049045841e-05 -0.003658123236402172
0.1821656406980222 -1.370032747310869e-05 -0.00370199952430177
0.1832614549750625 -1.386463998475013e-05 -0.003746398816298796
0.1843638611040305 -1.403091080264699e-05 -0.003791327267094417
0.1854728987380978 -1.419916296127216e-05 -0.003836791100890777
0.1865886077689693 -1.436941976921215e-05 -0.003882796615958948
0.1877110283283176 -1.454170479816979e-05 -0.003929350181667314
0.1888402007892269 -1.471604188191542e-05 -0.003976458238198172
0.1899761657676448 -1.489245513387166e-05 -0.004024127301299358
0.1911189641238435 -1.507096894587707e-05 -0.004072363961950169
0.1922686369638894 -1.525160797963441e-05 -0.004121174884050578
0.1934252256411219 -1.543439717840879e-05 -0.004170566807582222
0.1945887717576404 -1.561936177925668e-05 -0.004220546551912827
0.1957593171658014 -1.580652729976005e-05 -0.00427112101221162
0.1969369039697233 -1.599591954189685e-05 -0.00432229716049516
0.1981215745268011 -1.618756461200522e-05 -0.004374082051021941
0.19931337144923 -1.638148891124337e-05 -0.004426482817714511
0.2005123376055381 -1.657771913155365e-05 -0.00447950667306893
0.2017185161221286 -1.677628227328924e-05 -0.004533160912917709
0.2029319503848305 -1.697720564889785e-05 -0.004587452917425206
0.2041526840404598 -1.718051687108386e-05 -0.004642390147888869
0.205380760998389 -1.738624386266854e-05 -0.004697980149403606
0.2066162254321268 -1.759441487411894e-05 -0.004754230555598309
0.2078591217809067 -1.78050584689075e-05 -0.004811149084679827
0.2091094947512857 -1.801820352487396e-05 -0.004868743539800984
0.2103673893187526 -1.823387925624153e-05 -0.004927021815009614
0.2116328507293451 -1.845211520726943e-05 -0.004985991893533403
0.2129059245012778 -1.867294124460256e-05 -0.005045661845712669
0.2141866564265795 -1.889638757404223e-05 -0.005106039833532032
0.2154750925727398 -1.912248475020301e-05 -0.005167134113229803
0.2167712792843669 -1.935126366145877e-05 -0.005228953031230229
0.2180752631848539 -1.958275553742206e-05 -0.005291505026164508
0.2193870911780562 -1.98169919713401e-05 -0.005354798634922456
0.2207068104499787 -2.005400490548355e-05 -0.005418842488704393
0.2220344684704725 -2.029382662934555e-05 -0.005483645312534481
0.2233701129949433 -2.053648980260572e-05 -0.005549215931465886
0.2247137920660681 -2.078202745369602e-05 -0.005615563270193273
0.2260655540155243 -2.103047296806925e-05 -0.005682696349882786
0.2274254474657272 -2.128186010321249e-05 -0.005750624292228873
0.2287935213315797 -2.153622300495171e-05 -0.005819356323860009
0.2301698248222314 -2.179359618965863e-05 -0.005888901771530745
0.2315544074428487 -2.205401454891023e-05 -0.005959270063380788
0.2329473189963953 -2.231751337562432e-05 -0.006030470735997141
0.2343486095854241 -2.25841283515389e-05 -0.006102513431030877
0.2357583296138787 -2.285389554139984e-05 -0.006175407893626584
0.237176529788907 -2.312685141571485e-05 -0.006249163978570752
0.2386032611226849 -2.340303285580012e-05 -0.006323791651655464
0.2400385749342508 -2.368247713776025e-05 -0.006399300985349552
0.2414825228513524 -2.396522194490818e-05 -0.006475702162154631
0.2429351568123028 -2.425130539080229e-05 -0.006553005480829996
0.2443965290678495 -2.454076599980335e-05 -0.00663122135113889
0.2458666921830531 -2.483364270833238e-05 -0.006710360294188368
0.2473456990391787 -2.512997489334404e-05 -0.006790432950123177
0.2488336028355976 -2.542980236412405e-05 -0.00687145007590932
0.250330457091701 -2.573316535169913e-05 -0.006953422542472478
0.2518363156488252 -2.604010453018197e-05 -0.007036361340465693
0.2533512326721881 -2.635066102953219e-05 -0.007120277583717539
0.2548752626528374 -2.666487641541987e-05 -0.007205182503790996
0.2564084604096108 -2.698279269836982e-05 -0.007291087452454347
0.2579508810911079 -2.730445236277166e-05 -0.007378003909520062
0.2595025801776736 -2.762989834769169e-05 -0.007465943477659926
0.261063613483394 -2.79591740438857e-05 -0.007554917881597858
0.2626340371581039 -2.82923233231012e-05 -0.007644938976027756
0.2642139076894062 -2.86293905363298e-05 -0.007736018745141252
0.2658032819047042 -2.897042049791326e-05 -0.007828169298332967
0.2674022169732455 -2.931545850430279e-05 -0.007921402875269521
0.2690107704081783 -2.966455035520581e-05 -0.008015731851603645
0.2706290000686201 -3.001774233005283e-05 -0.008111168732615234
0.2722569641617388 -3.037508119331792e-05 -0.008207726154649009
0.2738947212448469 -3.073661422786298e-05 -0.00830541689412456
0.2755423302275071 -3.110238921867687e-05 -0.008404253863142445
0.2771998503736515 -3.147245444459564e-05 -0.008504250107246899
0.2788673413037137 -3.184685870687745e-05 -0.00860541881314713
0.2805448629967726 -3.22256513357588e-05 -0.008707773310488906
0.2822324757927104 -3.260888216909917e-05 -0.008811327066084057
0.283930240394383 -3.299660156749399e-05 -0.008916093687994189
0.285638217869803 -3.338886044364853e-05 -0.009022086933467887
0.2873564696543368 -3.378571023695889e-05 -0.009129320702072169
0.2890850575529139 -3.418720291427801e-05 -0.009237809035899476
0.2908240437422505 -3.459339100565016e-05 -0.009347566129223574
0.2925734907730859 -3.500432759373618e-05 -0.009458606325642141
0.294333461572432 -3.542006629936106e-05 -0.009570944114171507
0.2961040194458372 -3.584066130778634e-05 -0.009684594136345813
0.2978852280796634 -3.626616738488341e-05 -0.009799571190587237
0.2996771515433765 -3.669663985067462e-05 -0.009915890225056449
0.3014798542918515 -3.71321345899733e-05 -0.01003356634052771
0.3032934011676903 -3.757270808868902e-05 -0.01015261480019898
0.3051178574035545 -3.801841740904129e-05 -0.01027305102299436
0.3069532886245115 -3.846932018473678e-05 -0.01039489058226092
0.3087997608503953 -3.892547465704514e-05 -0.01051814921551682
0.3106573404981812 -3.93869396724256e-05 -0.01064284282381002
0.3125260943843745 -3.985377466138228e-05 -0.01076898746600469
0.3144060897274139 -4.032603966093345e-05 -0.01089659936485268
0.3162973941500897 -4.080379534088503e-05 -0.011025694914093
0.3182000756819758 -4.128710297333959e-05 -0.01115629067021271
0.3201142027618771 -4.177602443821605e-05 -0.01128840335393843
0.3220398442402905 -4.227062226411519e-05 -0.01142204986127873
0.3239770693818822 -4.277095960749854e-05 -0.01155724725789798
0.3259259478679787 -4.327710024106871e-05 -0.01169401277597661
0.3278865497990735 -4.378910858812523e-05 -0.01183236382349443
0.3298589456973481 -4.430704973037953e-05 -0.01197231798634238
0.3318432065092091 -4.48309893801165e-05 -0.01211389302080023
0.3338394036078401 -4.536099389756822e-05 -0.01225710685823114
0.3358476087957689 -4.58971303266117e-05 -0.0124019776147277
0.3378678943074497 -4.643946636229503e-05 -0.01254852358233703
0.3399003328118625 -4.698807035038104e-05 -0.01269676322893751
0.3419449974151257 -4.754301133008768e-05 -0.01284671520978774
0.3440019616631268 -4.810435902046094e-05 -0.01299839836384436
0.3460712995441669 -4.867218380105871e-05 -0.01315183170854256
0.3481530854916227 -4.924655674256824e-05 -0.01330703444806931
0.3502473943866234 -4.982754962593843e-05 -0.01346402597853316
0.3523543015607447 -5.041523490853089e-05 -0.01362282587881779
0.3544738827987177 -5.100968573546076e-05 -0.01378345391364649
0.3566062143411555 -5.161097598255436e-05 -0.01394593004518984
0.3587513728872951 -5.221918022509523e-05 -0.01411027442462049
0.3609094355977566 -5.283437373022705e-05 -0.01427650739006031
0.3630804800973185 -5.345663249882652e-05 -0.01444464947789502
0.3652645844777097 -5.408603326174887e-05 -0.01461472142175966
0.3674618273004187 -5.472265345245916e-05 -0.0147867441451432
0.369672287599519 -5.536657123207648e-05 -0.0149607387681558
0.3718960448845125 -5.60178655197291e-05 -0.0151367266157312
0.374133179143189 -5.66766159542686e-05 -0.01531472920728133
0.3763837708445035 -5.734290289888932e-05 -0.0154947682579446
0.3786479009414707 -5.801680748793811e-05 -0.01567686569123444
0.3809256508740766 -5.869841160078659e-05 -0.01586104363197928
0.3832171025722083 -5.938779784586857e-05 -0.01604732440200927
0.3855223384586003 -6.008504959901958e-05 -0.01623573053051606
0.3878414414518001 -6.079025101133451e-05 -0.01642628475617608
0.3901744949691499 -6.150348697410856e-05 -0.01661901001767709
0.3925215829297878 -6.222484313683535e-05 -0.01681392945858158
0.3948827897576659 -6.295440594710917e-05 -0.01701106643810876
0.3972582003845871 -6.369226261058748e-05 -0.017210444520316
0.3996479002532602 -6.443850108801484e-05 -0.01741208747329463
0.402051975320373 -6.519321014221908e-05 -0.01761601928186886
0.4044705120596843 -6.59564793205034e-05 -0.01782226414283799
0.4069035974651345 -6.672839892963995e-05 -0.01803084645821926
0.4093513190539743 -6.750906006819256e-05 -0.01824179084398195
0.4118137648699132 -6.829855464636522e-05 -0.01845512213541062
0.4142910234862858 -6.909697534448618e-05 -0.01867086537588704
0.4167831840092382 -6.990441562302689e-05 -0.01888904581959737
0.4192903360809331 -7.072096976851954e-05 -0.01910968894393975
0.4218125698827739 -7.154673285558318e-05 -0.01933282043926319
0.4243499761386489 -7.238180073526429e-05 -0.0195584662057171
0.4269026461181943 -7.322627007863072e-05 -0.0197866523650309
0.429470671640077 -7.408023836996202e-05 -0.02001740525867396
0.4320541450752978 -7.494380387283489e-05 -0.02025075143869146
0.4346531593505136 -7.58170656543469e-05 -0.02048671767424997
0.43726780795138 -7.670012361553879e-05 -0.02072533095985792
0.4398981849259138 -7.759307844569167e-05 -0.0209666185030161
0.4425443848878763 -7.849603162380738e-05 -0.02121060772461772
0.4452065030201759 -7.940908546570297e-05 -0.02145732627167391
0.4478846350782926 -8.0332343092182e-05 -0.0217068020087132
0.4505788773937215 -8.126590840781393e-05 -0.02195906301204744
0.4532893268774382 -8.220988613781856e-05 -0.02221413757973846
0.4560160810233846 -8.316438183270835e-05 -0.02247205423285246
0.458759237911976 -8.412950182656665e-05 -0.02273284170418631
0.4615188962136283 -8.510535325171106e-05 -0.02299652894222968
0.464295155192308 -8.609204407620692e-05 -0.02326314512130177
0.4670881147091019 -8.708968305730053e-05 -0.02353271962896829
0.4698978752258099 -8.809837973375827e-05 -0.02380528206397146
0.4727245378085577 -8.911824446924339e-05 -0.02408086224795092
0.4755682041314329 -9.014938842940716e-05 -0.02435949021925347
0.4784289764801414 -9.119192355116045e-05 -0.02464119622462992
0.4813069577556875 -9.224596257002549e-05 -0.02492601072662579
0.4842022514780743 -9.331161903473984e-05 -0.02521396440752759
0.487114961790028 -9.438900725987973e-05 -0.02550508815656095
0.4900451934607434 -9.547824233032051e-05 -0.02579941307109597
0.4929930518896525 -9.657944014022639e-05 -0.0260969704671827
0.4959586431102161 -9.769271734965282e-05 -0.02639779186782456
0.4989420737937372 -9.881819136722975e-05 -0.02670190899829913
0.5019434512531983 -9.995598038531187e-05 -0.02700935379565624
0.504962883447121 -0.0001011062033666737 -0.02732015840512271
0.5080004789834501 -0.0001022689800055172 -0.02763435516956628
0.5110563471234592 -0.0001034444307432562 -0.02795197663376055
0.5141305977856812 -0.0001046326767890657 -0.02827305554993788
0.5172233415498623 -0.0001058338400700077 -0.0285976248643126
0.520334689660939 -0.0001070480432252496 -0.02892571771551884
0.52346475403304 -0.000108275409639839 -0.02925736744373683
0.5266136472535116 -0.0001095160634077111 -0.02959260758069708
0.5297814825869668 -0.0001107701293049559 -0.02993147184245696
0.5329683739793606 -0.0001120377328129581 -0.03027399413565312
0.5361744360620875 -0.0001133190001126272 -0.03062020855594258
0.5393997841561053 -0.0001146140580396455 -0.03097014937591025
0.5426445342760833 -0.0001159230340877139 -0.03132385104594575
0.5459088031345746 -0.0001172460564284827 -0.03168134819962914
0.5491927081462149 -0.0001185832538629112 -0.03204267564058762
0.5524963674319456 -0.0001199347558055556 -0.03240786833825
0.5558198998232626 -0.0001213006923068636 -0.03277696143387081
0.5591634248664905 -0.0001226811940230932 -0.03314999023240217
0.5625270628270829 -0.0001240763921819385 -0.0335269901932053
0.565910934693948 -0.0001254864185909419 -0.03390799693232371
0.5693151621838011 -0.0001269114056339306 -0.03429304622152024
0.5727398677455418 -0.0001283514862241147 -0.03468217397560363
0.5761851745646592 -0.0001298067937950596 -0.0350754162499891
0.5796512065676627 -0.0001312774623114233 -0.03547280924359968
0.5831380884265391 -0.0001327636262247172 -0.03587438928691232
0.5866459455632378 -0.0001342654204487728 -0.03628019283532865
0.5901749041541815 -0.0001357829803653428 -0.03669025647068835
0.5937250911348052 -0.0001373164417977282 -0.03710461689414309
0.5972966342041217 -0.0001388659409722196 -0.03752331091573728
0.6008896618293151 -0.000140431614510554 -0.03794637545236989
0.6045043032503616 -0.0001420135994198631 -0.03837384752507839
0.6081406884846782 -0.0001436120330478008 -0.03880576424691354
0.6117989483317994 -0.0001452270530625454 -0.03924216281753588
0.6154792143780822 -0.0001468587974455106 -0.03968308052124596
0.619181619001439 -0.0001485074044517797 -0.04012855471629334
0.6229062953760992 -0.000150173012579596 -0.04057862282663245
0.6266533774773996 -0.0001518557605556457 -0.04103332233794584
0.6304230000866031 -0.0001535557873047462 -0.04149269078945353
0.6342152987957473 -0.0001552732319120822 -0.04195676576370888
0.6380304100125211 -0.000157008233600259 -0.0424255848803979
0.6418684709651717 -0.0001587609317013515 -0.04289918578878674
0.6457296197074404 -0.0001605314656174317 -0.04337760615705564
0.6496139951235281 -0.0001623199747921272 -0.04386088366461361
0.6535217369330918 -0.0001641265986779618 -0.04434905599327363
0.6574529856962692 -0.0001659514766966244 -0.04484216081651655
0.6614078828187353 -0.00016779474820772 -0.04534023579104755
0.6653865705567885 -0.0001696565524722806 -0.04584331854693604
0.6693891920224675 -0.0001715370286061842 -0.04635144667502906
0.673415891188699 -0.000173436315548988 -0.04686465771852951
0.6774668128944764 -0.0001753545520279579 -0.04738298916327663
0.6815421028500694 -0.0001772918764999057 -0.04790647842202946
0.6856419076422656 -0.000179248427117113 -0.04843516282525932
0.6897663747396426 -0.0001812243416951791 -0.0489690796124616
0.693915652497873 -0.0001832197576500225 -0.04950826591513311
0.6980898901650602 -0.0001852348119469517 -0.05005275874301014
0.702289237887107 -0.0001872696410761874 -0.05060259497745431
0.7065138467131162 -0.0001893243809958213 -0.05115781135603934
0.7107638686008243 -0.0001913991670526303 -0.0517184444511541
0.7150394564220665 -0.0001934941339625547 -0.05228453066472753
0.7193407639682761 -0.0001956094157659526 -0.05285610621613781
0.7236679459560159 -0.0001977451457286938 -0.05343320711548665
0.728021158032544 -0.0001999014563068219 -0.05401586915405076
0.7324005567814114 -0.0002020784791187448 -0.05460412789676706
0.736806299728095 -0.0002042763448501669 -0.05519801865654447
0.7412385453456634 -0.0002064951831742505 -0.05579757647269032
0.7456974530604773 -0.0002087351227429266 -0.0564028361085625
0.7501831832579239 -0.0002109962911134027 -0.05701383203171102
0.754695897288186 -0.000213278814618209 -0.05763059837876266
0.7592357574720454 -0.0002155828183585201 -0.05825316895361664
0.7638029271067222 -0.000217908426157762 -0.05888157721490855
0.7683975704717476 -0.0002202557604150085 -0.05951585623639621
0.7730198528348741 -0.000222624942053064 -0.06015603869293099
0.7776699404580188 -0.0002250160905065406 -0.0608021568572362
0.7823480006032453 -0.0002274293235970488 -0.06145424256618193
0.7870542015387785 -0.0002298647574007183 -0.06211232718498755
0.7917887125450584 -0.000232322506264076 -0.06277644161151222
0.7965517039208285 -0.0002348026827208229 -0.06344661625376681
0.8013433469892614 -0.0002373053972953153 -0.06412288097681228
0.8061638141041211 -0.0002398307585011827 -0.06480526510238603
0.8110132786559631 -0.0002423788728051124 -0.06549379739911612
0.8158919150783704 -0.0002449498444304521 -0.06618850602945234
0.8207998988542287 -0.0002475437752639027 -0.06688941852445325
0.8257374065220374 -0.0002501607648737213 -0.06759656178870492
0.8307046156822607 -0.000252800910362064 -0.06830996206042225
0.8357017050037151 -0.0002554643061526005 -0.06902964485405962
0.8407288542299962 -0.0002581510440360122 -0.06975563497260505
0.8457862441859444 -0.0002608612130870487 -0.07048795648516799
0.8508740567841485 -0.0002635948993915978 -0.07122663265323004
0.8559924750314897 -0.0002663521860305878 -0.07197168592629523
0.8611416830357236 -0.000269133153071314 -0.07272313793954635
0.8663218660121029 -0.0002719378773252521 -0.07348100944840313
0.8715332102900397 -0.0002747664321796553 -0.07424532028301749
0.8767759033198074 -0.0002776188876608492 -0.07501608936537695
0.882050133679283 -0.0002804953102750241 -0.07579333466628432
0.8873560910807308 -0.0002833957626903203 -0.0765770731194536
0.8926939663776258 -0.0002863203038073306 -0.07736732064056022
0.8980639515715189 -0.0002892689886921477 -0.07816409210914993
0.9034662398189428 -0.0002922418682246858 -0.07896740127361074
0.9089010254383604 -0.0002952389890345864 -0.07977726073385394
0.9143685039171535 -0.0002982603935419503 -0.08059368195232038
0.9198688719186553 -0.0003013061196804531 -0.08141667517916272
0.9254023272892237 -0.0003043762006141266 -0.08224624937571647
0.9309690690653579 -0.0003074706648578106 -0.08308241224704727
0.9365692974808579 -0.000310589536121135 -0.08392517019979316
0.9422032139740265 -0.0003137328328692983 -0.08477452822348132
0.9478710211949153 -0.0003169005683962142 -0.08563048991029312
0.9535729230126136 -0.0003200927507977698 -0.0864930574478384
0.9593091245225821 -0.000323309382548151 -0.08736223150467305
0.9650798320540293 -0.0003265504603418293 -0.08823801118760202
0.9708852531773335 -0.0003298159752078072 -0.08912039407254978
0.9767255967115094 -0.0003331059122163372 -0.09000937612531214
0.9826010727317186 -0.000336420250041291 -0.09090495158330303
0.9885118925768263 -0.0003397589611403101 -0.0918071130042333
0.9944582688570029 -0.0003431220116222136 -0.09271585123028275
1.000440415461372 -0.0003465093606842412 -0.0936311552360362
1.006458547565703 -0.0003499209606454592 -0.09455301213751004
1.012512881640152 -0.0003533567569923389 -0.09548140720446827
1.018603635457047 -0.000356816687900434 -0.09641632373117366
1.024731028098722 -0.0003603006839273469 -0.09735774295342339
1.030895279965397 -0.0003638086682227181 -0.09830564410529094
1.037096612783106 -0.0003673405562428305 -0.09926000434200842
1.043335249611672 -0.0003708962551295334 -0.1002207985721443
1.04961141485273 -0.0003744756639332027 -0.1011879995178497
1.055925334257799 -0.0003780786735335318 -0.1021615776934557
1.062277234936404 -0.0003817051659651545 -0.1031415012232474
1.068667345364243 -0.000385355014351609 -0.104127735823621
1.075095895391404 -0.0003890280830596249 -0.1051202448447734
1.081563116250635 -0.0003927242271947152 -0.1061189891344053
1.088069240565661 -0.0003964432920883728 -0.1071239268991552
1.094614502359551 -0.0004001851136175161 -0.1081350137909175
1.101199137063137 -0.000403949517955033 -0.1091522028394363
1.107823381523478 -0.0004077363207605154 -0.1101754442336319
1.114487474012384 -0.0004115453273986143 -0.1112046853806032
1.121191654234987 -0.000415376332956256 -0.1122398709102794
1.127936163338358 -0.0004192291214839942 -0.113280942470424
1.134721243920186 -0.0004231034657581572 -0.1143278386623643
1.141547140037501 -0.0004269991275795436 -0.1153804951217023
1.148414097215454 -0.0004309158572814032 -0.116438844385365
1.155322362456149 -0.0004348533929650361 -0.1175028156850541
1.162272184247527 -0.0004388114609229759 -0.1185723350615952
1.169263812572304 -0.0004427897754615307 -0.1196473253169859
1.176297498916961 -0.0004467880379244106 -0.120727705750568
1.183373496280794 -0.0004508059368321995 -0.1218133921967149
1.19049205918501 -0.0004548431480475459 -0.1229042970694673
1.197653443681885 -0.0004588993339759339 -0.1240003291465724
1.204857907363973 -0.0004629741430806043 -0.1251013934384092
1.212105709373372 -0.0004670672103531093 -0.1262073913151381
1.219397110411042 -0.0004711781568784285 -0.12731822038919
1.22673237274619 -0.0004753065888021485 -0.1284337742361854
1.234111760225694 -0.0004794520978183234 -0.1295539425267604
1.241535538283603 -0.0004836142611138913 -0.1306786110115467
1.249003973950675 -0.0004877926402697795 -0.1318076612242378
1.256517335863991 -0.0004919867812310548 -0.1329409704735219
1.264075894276612 -0.0004961962146717762 -0.1340784119416706
1.271679921067302 -0.0005004204552138215 -0.1352198544734556
1.279329689750306 -0.0005046590006319143 -0.1363651623613371
1.287025475485191 -0.0005089113325046386 -0.1375141955213763
1.294767555086741 -0.0005131769158832914 -0.1386668094037552
1.302556207034913 -0.0005174551980219158 -0.1398228546496155
1.310391711484858 -0.0005217456088464379 -0.1409821772178253
1.318274350276994 -0.0005260475610865714 -0.1421446184206216
1.326204406947145 -0.0005303604491215543 -0.1433100146117136
1.334182166736741 -0.0005346836486875564 -0.1444781971072207
1.342207916603075 -0.0005390165174846378 -0.1456489923496806
1.350281945229628 -0.0005433583944822814 -0.1468222217203947
1.358404543036452 -0.0005477085987862652 -0.1479977012332439
1.366576002190616 -0.0005520664304449174 -0.1491752417525477
1.374796616616712 -0.0005564311702770184 -0.1503546489465623
1.383066682007434 -0.0005608020784376297 -0.1515357228999484
1.391386495834208 -0.000565178394759243 -0.1527182582059553
1.399756357357896 -0.0005695593391395967 -0.1539020440712126
1.408176567639557 -0.0005739441104193854 -0.1550868640124739
1.416647429551278 -0.0005783318857510489 -0.1562724956860557
1.425169247787069 -0.0005827218214690019 -0.1574587111229843
1.433742328873819 -0.0005871130525521266 -0.1586452765837541
1.442366981182327 -0.0005915046911845032 -0.1598319521694198
1.45104351493839 -0.0005958958276433568 -0.1610184920615302
1.459772242233963 -0.0006002855303552148 -0.1622046445373029
1.468553477038385 -0.0006046728444027076 -0.163390151566143
1.477387535209671 -0.0006090567916279902 -0.1645747488375889
1.486274734505876 -0.0006134363713319108 -0.1657581659502367
1.495215394596523 -0.0006178105592842407 -0.1669401261442917
1.504209837074101 -0.000622178306722345 -0.1681203460309966
1.513258385465633 -0.0006265385414709431 -0.1692985358952051
1.522361365244312 -0.0006308901676255828 -0.1704743996098525
1.531519103841213 -0.0006352320639175976 -0.1716476341941466
1.540731930657063 -0.0006395630845605143 -0.172817930042278
1.550000177074097 -0.0006438820596132266 -0.1739849710215535
1.55932417646797 -0.0006481877935570231 -0.175148434087892
1.568704264219756 -0.0006524790650786546 -0.1763079892272061
1.578140777728008 -0.0006567546281082625 -0.1774632997358636
1.587634056420891 -0.000661013211063411 -0.1786140220164151
1.597184441768398 -0.0006652535155202612 -0.1797598052185296
1.606792277294626 -0.0006694742175195373 -0.1809002915918815
1.616457908590138 -0.0006736739675370037 -0.1820351164781744
1.626181683324388 -0.0006778513888158179 -0.1831639078605215
1.635963951258232 -0.0006820050780445336 -0.1842862865466504
1.645805064256506 -0.0006861336060887584 -0.1854018663666062
1.655705376300682 -0.0006902355167805942 -0.1865102538456435
1.665665243501602 -0.0006943093263598863 -0.1876110480532446
1.675685024112287 -0.0006983535248353379 -0.1887038409709095
1.685765078540822 -0.0007023665755483274 -0.1897882173742945
1.695905769363321 -0.0007063469136582312 -0.1908637544239268
1.70610746133697 -0.0007102929475176719 -0.1919300220368143
1.716370521413142 -0.0007142030589968895 -0.1929865829740943
1.726695318750602 -0.0007180756019746987 -0.1940329924332716
1.737082224728785 -0.0007219089027641536 -0.1950687981632384
1.747531612961148 -0.0007257012612325643 -0.1960935407669167
1.758043859308618 -0.0007294509499397461 -0.1971067534684023
1.768619341893104 -0.0007331562133116438 -0.1981079618896683
1.779258441111101 -0.0007368152692551952 -0.1990966844869208
1.789961539647373 -0.00074042630910076 -0.2000724325350426
1.800729022488719 -0.0007439874961402123 -0.2010347097325679
1.811561276937818 -0.0007474969669273691 -0.2019830125530739
1.822458692627162 -0.0007509528320057853 -0.2029168304418404
1.83342166153307 -0.0007543531747535265 -0.2038356455036927
1.844450577989788 -0.0007576960515589565 -0.2047389325505018
1.855545838703674 -0.0007609794932893484 -0.2056261594980212
1.866707842767465 -0.0007642015048845233 -0.2064967872560836
1.877936991674634 -0.0007673600644564213 -0.2073502694852928
1.88923368933383 -0.0007704531250336115 -0.208186053068413
1.90059834208341 -0.0007734786149191041 -0.2090035782070535
1.912031358706049 -0.000776434436555543 -0.2098022781150298
1.923533150443451 -0.0007793184676630764 -0.2105815793258306
1.935104131011135 -0.0007821285623602067 -0.2113409019954848
1.946744716613318 -0.0007848625505335671 -0.2120796597322684
1.958455325957888 -0.0007875182378920736 -0.2127972596113357
1.970236380271462 -0.0007900934076753637 -0.2134931026363618
1.982088303314539 -0.0007925858207556928 -0.2141665837670758
1.994011521396743 -0.0007949932149731438 -0.2148170917396264
2.006006463392153 -0.0007973133068590063 -0.21544400953226
2.018073560754737 -0.0007995437924080943 -0.2160467145740113
2.030213247533863 -0.0008016823465298466 -0.216624578596383
2.042425960389917 -0.0008037266240567147 -0.2171769679058255
2.05471213861001 -0.000805674261161259 -0.2177032437666535
2.067072224123773 -0.0008075228753630097 -0.2182027624029
2.079506661519261 -0.0008092700657350766 -0.2186748750541452
2.092015898058938 -0.0008109134146825935 -0.2191189284560738
2.104600383695769 -0.000812450488539153 -0.2195342650016395
2.117260571089404 -0.0008138788375056205 -0.2199202227245318
2.129996915622458 -0.0008151959972505764 -0.2202761357316352
2.142809875416892 -0.000816399490021623 -0.2206013345033186
2.155699911350493 -0.0008174868248776426 -0.2208951459561939
2.16866748707345 -0.00081845549876451 -0.2211568937337872
2.181713069025031 -0.0008193029980378765 -0.221385898618014
2.194837126450363 -0.0008200267991268212 -0.2215814787085062
2.208040131417308 -0.0008206243692927785 -0.2217429496276833
2.221322558833443 -0.0008210931682854414 -0.2218696249681989
2.234684886463145 -0.0008214306493491048 -0.2219608165648666
2.248127594944775 -0.0008216342600825174 -0.2220158347270029
2.261651167807962 -0.0008217014439723327 -0.222033988652785
2.275256091491004 -0.0008216296416489978 -0.2220145867686073
2.288942855358358 -0.0008214162919847713 -0.2219569370257798
2.302711951718243 -0.0008210588336078605 -0.2218603473096669
2.316563875840352 -0.0008205547062645792 -0.2217241258077592
2.330499125973664 -0.0008199013520469022 -0.2215475813413741
2.344518203364364 -0.0008190962171479401 -0.2213300238400073
2.358621612273878 -0.0008181367532667103 -0.2210707647209192
2.372809859997005 -0.0008170204188360895 -0.2207691172209429
2.387083456880169 -0.0008157446809912485 -0.2204243969283801
2.401442916339774 -0.0008143070172998009 -0.220035922250509
2.415888754880671 -0.0008127049168449268 -0.2196030147062573
2.430421492114737 -0.0008109358821217994 -0.2191249994386409
2.445041650779565 -0.0008089974314900243 -0.2186012058774432
2.459749756757268 -0.0008068871000879314 -0.2180309679862686
2.474546339093393 -0.000804602441417614 -0.2174136246908395
2.489431930015952 -0.0008021410304381803 -0.2167485207148316
2.504407064954564 -0.000799500464779771 -0.2160350069079166
2.519472282559719 -0.0007966783658596788 -0.2152724405473519
2.534628124722145 -0.0007936723819552637 -0.21446018616832
2.549875136592308 -0.000790480190594026 -0.2135976162097568
2.565213866600017 -0.0007870994990589413 -0.2126841111508989
2.580644866474148 -0.0007835280468456851 -0.2117190601752567
2.596168691262497 -0.0007797636095609328 -0.2107018622239836
2.611785899351737 -0.0007758039991854766 -0.2096319260669733
2.627497052487508 -0.0007716470656839874 -0.2085086707378381
2.64330271579462 -0.0007672907015438262 -0.2073315267603517
2.659203457797384 -0.0007627328431160367 -0.2060999365108025
2.675199850440056 -0.0007579714711421976 -0.2048133543603558
2.691292469107416 -0.0007530046146963682 -0.2034712477402165
2.707481892645458 -0.0007478303548142653 -0.2020730981222781
2.723768703382218 -0.000742446824006957 -0.2006184008877164
2.740153487148712 -0.0007368522088907984 -0.1991066660376318
2.756636833300016 -0.0007310447558455073 -0.1975374197219308
2.77321933473646 -0.0007250227706559721 -0.195910204142539
2.789901587924954 -0.0007187846196581338 -0.1942245778630323
2.806684192920446 -0.0007123287355299066 -0.1924801173734159
2.823567753387507 -0.0007056536192952581 -0.1906764176316519
2.840552876622036 -0.0006987578397059713 -0.1888130918966039
2.857640173573115 -0.0006916400375854744 -0.1868897729017934
2.874830258864976 -0.0006842989312216517 -0.1849061143126055
2.892123750819116 -0.0006767333145916197 -0.1828617902466002
2.909521271476531 -0.0006689420596645341 -0.1807564958957609
2.927023446620097 -0.0006609241237352045 -0.1785899495081273
2.944630905797074 -0.0006526785488149517 -0.1763618922231985
2.962344282341753 -0.0006442044616772165 -0.1740720880842564
2.980164213398238 -0.0006355010803915024 -0.1717203258039187
2.998091339943359 -0.0006265677176084687 -0.1693064196518126
3.016126306809736 -0.0006174037782797253 -0.1668302088384341
3.034269762708964 -0.0006080087637613665 -0.1642915586239746
3.052522360254954 -0.000598382279196685 -0.1616903623132223
3.070884755987404 -0.000588524030434142 -0.1590265404227589
3.089357610395416 -0.0005784338253908493 -0.1563000410493902
3.107941587941251 -0.0005681115825421134 -0.1535108421641262
3.126637357084233 -0.0005575573306717397 -0.1506589515447103
3.14544559030479 -0.0005467712071540919 -0.1477444063114106
3.164366964128648 -0.0005357534644521803 -0.1447672746828846
3.183402159151157 -0.0005245044751553713 -0.1417276573374305
3.202551860061779 -0.0005130247277123896 -0.1386256862599918
3.221816755668715 -0.0005013148295924729 -0.1354615255963403
3.241197538923678 -0.0004893755163237014 -0.1322353740953461
3.260694906946819 -0.0004772076475043488 -0.1289474640311943
3.280309561051807 -0.000464812206529932 -0.1255980611296307
3.300042206771049 -0.0004521903093406255 -0.1221874669316224
3.319893553881069 -0.0004393432051686761 -0.1187160189953184
3.339864316428041 -0.0004262722725384949 -0.1151840898152248
3.359955212753471 -0.0004129790248055595 -0.1115920883188849
3.380166965520037 -0.0003994651169947944 -0.1079404617146955
3.400500301737581 -0.0003857323395761309 -0.1042296938099851
3.42095595278926 -0.0003717826200232623 -0.1004603054322089
3.441534654457853 -0.0003576180325356885 -0.09663285705596729
3.46223714695223 -0.0003432407938920267 -0.09274794768251771
3.483064174933973 -0.0003286532608914159 -0.08880621414841086
3.504016487544163 -0.0003138579382289925 -0.08480833325354242
3.525094838430328 -0.0002988574806147584 -0.08075502233369744
3.546299985773546 -0.0002836546863056922 -0.07664703751284628
3.567632692315724 -0.0002682525008101312 -0.07248517470411472
3.589093725387028 -0.0002526540249105672 -0.06827027177764358
3.610683856933487 -0.0002368625069803348 -0.06400320648446209
3.632403863544755 -0.0002208813423594505 -0.05968489628783161
3.654254526482051 -0.0002047140824024837 -0.05531630080809352
3.676236631706256 -0.0001883644309093913 -0.05089842085823607
3.698350969906183 -0.0001718362388966139 -0.04643229703097938
3.720598336527025 -0.0001551335104640988 -0.04191901128411818
3.742979531798957 -0.0001382604063990812 -0.03735968791430853
3.765495360765927 -0.0001212212349440808 -0.03275549106246536
3.788146633314612 -0.0001040204530533031 -0.02810762505325756
3.810934164203546 -8.666267520624807e-05 -0.0234173367766553
3.833858773092431 -6.91526644861721e-05 -0.01868591327721893
3.856921284571616 -5.149532925917899e-05 -0.01391468085674796
3.880122528191761 -3.369573024752772e-05 -0.009105006985577093
3.903463338493672 -1.575907795246294e-05 -0.004258299606192885
3.926944555038322 2.309275015573111e-06 0.0006239949392387634
3.950567022437048 2.050383100908315e-05 0.005540391117728981
3.974331590381932 3.881894372596418e-05 0.01048936322795855
3.998239113676364 5.724882822666222e-05 0.0154693481070382
4.02229045226579 7.578756236307805e-05 0.02047874551661674
4.046486471268643 9.442908083690522e-05 0.02551591653736985
4.070828041007458 0.0001131671830638693 0.0305791856940157
4.095316037040186 0.0001319955388241656 0.03566684248213373
4.119951340191675 0.0001509076845608587 0.04077714036794603
4.144734836585366 0.0001698970256053005 0.04590829738965309
4.169667417675155 0.0001889568454554283 0.0510584986645457
4.194749980277468 0.000208080306029567 0.05622589645758555
4.219983426603512 0.000227260445342438 0.06140860955343381
4.24536866429173 0.0002464901877293887 0.06660472601916555
4.270906606440451 0.0002657623477721674 0.07181230426506317
4.296598171640729 0.0002850696277864584 0.077029372365717
4.322444284009386 0.0003044046249351384 0.08225392998211591
4.348445873222255 0.0003237598386197786 0.08748395035892363
4.374603874547618 0.0003431276706073725 0.09271738035872201
4.400919228879844 0.0003625004278167257 0.09795214121492847
4.42739288277324 0.0003818703319530381 0.1031861311351802
4.454025788476091 0.0004012295226827235 0.1084172261592104
4.480818903964917 0.0004205700583611691 0.1136432803554975
4.50777319297893 0.0004398839253359975 0.1188621283351231
4.534889625054696 0.0004591630436292399 0.124071586787166
4.562169175561013 0.0004783992686912962 0.1292694549526439
4.589612825733993 0.0004975843982070382 0.1344535164636078
4.617221562712357 0.0005167101798009621 0.1396215414251703
4.644996379572944 0.0005357683147158623 0.1447712874095289
4.672938275366425 0.0005547504627861137 0.1499005007998094
4.701048255153248 0.0005736482508620669 0.1550069190664422
4.729327330039782 0.000592453277960499 0.1600882721588791
4.757776517214689 0.0006111571203281791 0.1651422838738308
4.786396839985513 0.000629751339319036 0.1701666739837773
4.815189327815487 0.000648227487426743 0.1751591598670465
4.844155016360561 0.0006665771141792287 0.1801174581005852
4.873294947506656 0.0006847917737899812 0.185039286527437
4.902610169407141 0.0007028630313537097 0.189922365930887
4.932101736520533 0.0007207824689719188 0.194764421689669
4.961770709648425 0.0007385416944080117 0.1995631861166821
4.991618155973645 0.0007561323470378171 0.2043164000668973
5.021645149098641 0.000773546103499915 0.2090218144641464
5.051852769084097 0.0007907746872078788 0.2136771928714483
5.082242102487784 0.0008078098753035977 0.2182803133698836
5.112814242403641 0.0008246435030982583 0.2228289697586032
5.1435702885011 0.0008412674729219347 0.2273209739460982
5.174511347064628 0.0008576737640766566 0.231754158639643
5.205638531033534 0.0008738544357585652 0.2361263781348984
5.23695296004199 0.0008898016339148612 0.2404355101687445
5.26845576045931 0.000905507604170745 0.2446794594123012
5.300148065430462 0.0009209646949263438 0.2488561583077571
5.332031014916829 0.0009361653615837713 0.2529635682105729
5.364105755737212 0.0009511021793707608 0.256999682854588
5.39637344160908 0.0009657678505679857 0.2609625303049325
5.42883523319007 0.0009801552053432209 0.2648501731834276
5.461492298119737 0.0009942572115696892 0.2686607113216259
5.494345811061548 0.001008066988111889 0.2723922853508077
5.52739695374514 0.001021577803356372 0.2760430763049787
5.560646915008824 0.0010347830808279 0.2796113071384258
5.594096890842349 0.001047676415514204 0.283095247136871
5.627748084429916 0.00106025157488086 0.286493212191703
5.661601706193463 0.001072502499593828 0.2898035649952169
5.695658973836199 0.001084423317508005 0.2930247188204954
5.729921112386407 0.001096008352457994 0.2961551398967843
5.764389354241504 0.001107252119992333 0.2991933462568281
5.799064939212376 0.001118149335861138 0.3021379100303374
5.833949114567966 0.001128694932495947 0.304987461897048
5.869043135080146 0.001138884053206066 0.3077406895185009
5.904348263068843 0.001148712054605617 0.3103963381938619
5.939865768447451 0.001158174524178754 0.3129532156062617
5.975596928768503 0.001167267280667034 0.3154101919274684
6.01154302926963 0.001175986369641732 0.3177661986214714
6.047705362919785 0.001184328076050685 0.3200202318347959
6.084085230465758 0.001192288935190391 0.3221713553613006
6.120683940478954 0.001199865722915275 0.3242186979965999
6.15750280940247 0.001207055460801365 0.3261614549333523
6.194543161598441 0.001213855434084291 0.3279988926083324
6.231806329395683 0.001220263182926484 0.3297303463427197
6.269293653137611 0.001226276500061439 0.331355219705548
6.307006481230453 0.001231893446808241 0.3328729888410306
6.344946170191752 0.001237112354168914 0.3342832027650782
6.383114084699157 0.001241931812637224 0.3355854806115089
6.421511597639515 0.001246350680959571 0.3367795139993524
6.460140090158249 0.001250368098646977 0.3378650704137439
6.499000951709037 0.001253983471608729 0.3388419893239561
6.538095580103793 0.001257196472695533 0.3397101823301654
6.577425381562945 0.001260007058266295 0.3404696376400034
6.616991770766014 0.001262415458602093 0.3411204174782919
6.656796170902505 0.001264422170067762 0.3416626559690066
6.696840013723089 0.001266027966983236 0.342096562343061
6.737124739591115 0.001267233903895221 0.3424224215521396
6.777651797534409 0.001268041300388772 0.342640590164599
6.818422645297399 0.001268451744653103 0.3427514973289927
6.859438749393552 0.001268467105540099 0.3427556480324312
6.900701585158119 0.001268089515798842 0.3426536185703429
6.942212636801205 0.001267321367580361 0.3424460553318003
6.983973397461158 0.001266165324833397 0.3421336781490116
7.025985369258271 0.001264624314507262 0.3417172779202222
7.068250063348816 0.001262701513893199 0.341197713189192
7.110768999979402 0.001260400356725571 0.3405759117938149
7.153543708541653 0.001257724535849345 0.339852871586904
7.196575727627224 0.001254677985105682 0.3390296555414526
7.239866605083138 0.00125126487760289 0.3381073912834246
7.28341789806747 0.001247489634570249 0.3370872734841682
7.327231173105349 0.001243356908891562 0.3359705594109754
7.37130800614531 0.001238871576202088 0.334758566521363
7.41564998261598 0.001234038741275926 0.333452674189023
7.460258697483103 0.001228863730565893 0.3320543216880043
7.505135755306914 0.001223352076727337 0.3305650040108536
7.550282770299852 0.001217509518761155 0.3289862719072625
7.59570136638462 0.001211342003298519 0.3273197322312134
7.641393177252606 0.001204855666403582 0.3255670430238456
7.687359846422636 0.001198056827617074 0.3237299119039612
7.733603027300095 0.001190951993466896 0.3218100970166289
7.780124383236402 0.001183547843184185 0.3198094031734885
7.826925587588838 0.001175851217259204 0.317729678760409
7.874008323780734 0.001167869117569871 0.3155728157722185
7.921374285362025 0.00115960870048988 0.313340747950432
7.969025176070168 0.001151077261483165 0.311035446620485
8.016962709891423 0.001142282230583635 0.3086589194702992
8.065188611122505 0.001133231170303393 0.3062132099850585
8.113704614432605 0.001123931760064187 0.3037003932403932
8.162512464925786 0.001114391787947303 0.3011225736730961
8.211613918203758 0.001104619148284321 0.2984818844301169
8.26101074042902 0.001094621830007711 0.295780484220746
8.310704708388393 0.001084407905392046 0.2930205542743513
8.360697609556926 0.001073985525194428 0.2902042970272595
8.410991242162195 0.001063362910924282 0.2873339340339581
8.461587415248985 0.001052548342400834 0.2844117026049711
8.512487948744354 0.001041550150833625 0.2814398539371268
8.563694673523104 0.00103037671227682 0.2784206513448313
8.615209431473632 0.001019036436247781 0.2753563671846639
8.667034075564182 0.001007537757678989 0.2722492806806867
8.719170469909495 0.0009958891297235266 0.269101675980395
8.771620489837867 0.000984099013911016 0.2659158394947309
8.824386021958594 0.0009721758719169487 0.2626940576740512
8.877468964229841 0.0009601281581204247 0.2594386149971372
8.930871226026907 0.0009479643097776865 0.25615179131596
8.984594728210904 0.0009356927395547582 0.252835859837907
9.038641403197854 0.0009233218287671718 0.2494930852990708
9.09301319502819 0.0009108599169863903 0.246125721155776
9.147712059436689 0.000898315294624152 0.2427360075807753
9.202739963922818 0.0008856961978170178 0.2393261700809912
9.258098887821502 0.0008730107988133663 0.2358984168999615
9.313790822374321 0.0008602671955963282 0.2324549362138272
9.369817770801134 0.0008474734107673937 0.2289978958296685
9.426181748372137 0.0008346373842825367 0.2255294412227158
9.482884782480346 0.000821766957247503 0.2220516911576332
9.539928912714528 0.0008088698735353532 0.2185667381256
9.597316190932558 0.0007959537762578761 0.2150766473908414
9.655048681335227 0.0007830261940578766 0.2115834532866342
9.713128460540494 0.0007700945313763272 0.2080891565853698
9.771557617658175 0.0007571660819391704 0.2045957281428558
9.830338254365088 0.0007442480208600395 0.2011051067643733
9.889472484980656 0.0007313473348481239 0.1976191803459706
9.948962436542953 0.0007184709053573979 0.1941398083424227
10.00881024888521 0.0007056255117766715 0.1906688226292229
10.06901807471279 0.0006928177291285245 0.187207999859558
10.12958807968063 0.0006800539869464755 0.1837590773736538
10.1905224424711 0.0006673405731986013 0.1803237542589865
10.25182335487242 0.0006546836064670214 0.1769036838328319
10.31349302185747 0.0006420890383169516 0.1735004742824134
10.3755336616631 0.0006295626578389373 0.1701156898922699
10.43794750586993 0.0006171100841064417 0.1667508490062023
10.50073679948262 0.0006047367562463876 0.1634074213442096
10.56390380101059 0.0005924479408758237 0.1600868300119692
10.62745078254932 0.0005802487307855869 0.1567904511451459
10.69138002986203 0.0005681440326495998 0.1535196105882908
10.7556938424619 0.0005561385712446035 0.1502755850350654
10.82039453369479 0.0005442368938941651 0.1470596032290686
10.88548443082247 0.0005324433616903695 0.1438728435918274
10.95096587510631 0.0005207621459172138 0.1407164332563542
11.01684122189147 0.0005091972374518729 0.1375914506074854
11.08311284069168 0.0004977524437812605 0.1344989244757194
11.14978311527443 0.0004864313792235157 0.1314398314949404
11.21685444374672 0.0004752374751531115 0.1284150988653697
11.28432923864131 0.0004641739826465132 0.1254256050684561
11.35220992700354 0.000453243962991994 0.1224721773025096
11.42049895047856 0.0004424502920842223 0.1195555926701735
11.48919876539923 0.0004317956688202791 0.1166765804471334
11.55831184287442 0.0004212826102515484 0.1138358207720972
11.62784066887791 0.0004109134479503028 0.1110339436650014
11.69778774433782 0.0004006903400803788 0.108271532288658
11.76815558522656 0.0003906152721256625 0.1055491231456009
11.83894672265132 0.0003806900492018255 0.1028672040006204
11.91016370294514 0.0003709163064843351 0.1002262166985419
11.98180908775847 0.0003612955151318986 0.09762655876481476
12.05388545415131 0.0003518289766251144 0.09506858187574499
12.12639539468595 0.00034251782632266 0.09255259281942158
12.19934151752018 0.0003333630440466605 0.09007885635601524
12.27272644650111 0.0003243654531265123 0.08764759495940773
12.34655282125957 0.0003155257176558855 0.08525898807599955
12.42082329730504 0.0003068443537073306 0.08291317515503668
12.49554054612116 0.0002983217344500015 0.08061025703148336
12.57070725526186 0.0002899580881781452 0.07835029539329526
12.64632612844798 0.000281753489141822 0.07613331030376562
12.72239988566455 0.0002737079034590293 0.07395929260755435
12.79893126325863 0.0002658212018963724 0.0718282073841848
12.87592301403773 0.0002580929743168999 0.06973994380953236
12.95337790736882 0.0002505227699000515 0.06769438006625338
13.03129872927796 0.0002431101560864129 0.06569139927139386
13.10968828255048 0.0002358544266097517 0.06373081058300048
13.18854938683184 0.0002287547789928311 0.06181239716170533
13.26788487872902 0.0002218103447478814 0.05993592433127048
13.34769761191256 0.0002150201333288395 0.05810112443378321
13.42799045721921 0.0002083830568881448 0.05630770351925153
13.50876630275517 0.0002018979381459905 0.0545553434719739
13.59002805400002 0.0001955635084198819 0.05284370147810148
13.67177863391118 0.000189378411127734 0.0511724109722187
13.7540209830291 0.0001833412107674968 0.04954108406375017
13.83675805958297 0.0001774503960296065 0.04794931237798394
13.91999283959716 0.0001717043801058513 0.04639666713953072
14.00372831699829 0.0001661015084958388 0.04488270128172896
14.08796750372286 0.0001606400640840108 0.04340695081851755
14.17271342982564 0.0001553182680436053 0.0419689350886978
14.25796914358864 0.0001501342847001612 0.04056815807011287
14.34373771163077 0.0001450862277865829 0.03920411006984455
14.43002221901811 0.0001401721626531935 0.03787626832139707
14.51682576937491 0.000135390108852832 0.03658409768322277
14.60415148499523 0.000130738046458823 0.03532705234591628
14.69200250695523 0.0001262139193491226 0.03410457671963175
14.78038199522615 0.0001218156370258998 0.03291610592575654
14.86929312878798 0.0001175410796315541 0.03176106715230175
14.95873910574384 0.0001133881019513085 0.03063888073545279
15.04872314343496 0.0001093545355708594 0.02954896074259339
15.13924847855642 0.0001054381923181582 0.02849071590231787
15.2303183672736 0.0001016368684017988 0.02746355072267518
15.3219360853393 9.794834688076779e-05 0.0264668661585262
15.41410492821153 9.437040035472271e-05 0.02550006033849053
15.50682821117208 9.090079459024992e-05 0.02456252954480663
15.60010926944577 8.753729099418476e-05 0.0236536688816538
15.69395145832038 8.427764915943735e-05 0.0227728729630661
15.7883581532674 8.11196298564438e-05 0.02191953672125981
15.88333275006339 7.806099724127499e-05 0.02109305600329201
15.97887866491215 7.509952116095376e-05 0.02029282819398604
16.07499933456759 7.223297999002398e-05 0.01951825298240786
16.17169821645737 6.945916233585292e-05 0.01876873282266009
16.26897878880723 6.677586884709918e-05 0.0180436734225526
16.36684455076612 6.418091510222514e-05 0.01734248452411461
16.46529902253208 6.16721330313231e-05 0.01666458028778991
16.56434574547881 5.924737205425189e-05 0.01600937959997552
16.66398828228309 5.690450160870915e-05 0.01537630675613847
16.76423021705294 5.464141298489413e-05 0.01476479195656448
16.86507515545651 5.245601964775553e-05 0.01417427139343348
16.96652672485178 5.034625896553606e-05 0.01360418771789379
17.06858857441703 4.831009476823286e-05 0.01305399073139021
17.17126437528214 4.634551711503188e-05 0.01252313732282175
17.27455782066058 4.445054308600441e-05 0.012011091682468
17.37847262598229 4.262321945363566e-05 0.01151732602386951
17.48301252902732 4.086162284270797e-05 0.01104132062703018
17.58818129006027 3.916385948152996e-05 0.01058256377119629
17.69398269196554 3.752806715645528e-05 0.01014055226299189
17.80042054038342 3.595241655531944e-05 0.009714791799432177
17.90749866384694 3.443511009023218e-05 0.009304796649827297
18.01522091391964 3.297438275907793e-05 0.008910089888570545
18.12359116533404 3.15685044359752e-05 0.008530204014049069
18.23261331613107 3.021577851807458e-05 0.008164680582991806
18.34229128780023 2.891454170455657e-05 0.007813070150751927
18.45262902542071 2.766316610285317e-05 0.007474932840434216
18.56363049780323 2.6460058939895e-05 0.007149838264870427
18.67529969763284 2.530366121930986e-05 0.006837365163777578
18.78764064161249 2.41924488784866e-05 0.00653710171641105
18.90065737060757 2.312493397180133e-05 0.006248645861287085
19.0143539497912 2.209966262167417e-05 0.005971604742532735
19.12873446879051 2.111521506719572e-05 0.005705594723025345
19.24380304183367 2.017020753577477e-05 0.005450241890135132
19.35956380789796 1.92632905748952e-05 0.005205181604945062
19.47602093085858 1.839314803938939e-05 0.004970058228599495
19.59317859963845 1.755849848747101e-05 0.004744525499529667
19.71104102835891 1.675809493164337e-05 0.00452824646614602
19.82961245649123 1.599072286592801e-05 0.004320892953770734
19.94889714900919 1.525520067745575e-05 0.004122145675854766
20.06889939654243 1.45503807311889e-05 0.003931694527083338
20.18962351553079 1.387514708358791e-05 0.003749237965580127
20.31107384837959 1.322841493560023e-05 0.003574482865098005
20.4332547636158 1.260913198159537e-05 0.003407144879518164
20.55617065604522 1.201627695886651e-05 0.00324694805090731
20.67982594691049 1.144885817094415e-05 0.003093624410498602
20.80422508405019 1.090591421955639e-05 0.002946914176476441
20.92937254205879 1.038651397045459e-05 0.002806565744742146
21.05527282244758 9.889754412953126e-06 0.002672335110534868
21.18193045380665 9.414760531525501e-06 0.002543985833735259
21.30934999196772 8.960686219482656e-06 0.002421289285752757
21.43753602016806 8.526712233661103e-06 0.002304024096856788
21.5664931492153 8.112045299909992e-06 0.002191975914468198
21.69622601765332 7.715918950608962e-06 0.00208493762946704
21.82673929192908 7.337592511340254e-06 0.00198270910237872
21.95803766656046 6.976349484968075e-06 0.001885096726732075
22.09012586430514 6.631497778344806e-06 0.001791913490318215
22.22300863633048 6.302369858255502e-06 0.001702979017328675
22.35669076238438 5.988320791670917e-06 0.001618119038807318
22.49117705096725 5.688727811579774e-06 0.001537165275332795
22.62647233950495 5.402990984482258e-06 0.001459955617383613
22.76258149452277 5.130531653968279e-06 0.001386333704773559
22.89950941182054 4.870791415024921e-06 0.001316148649496763
23.03726101664865 4.623232537417154e-06 0.001249255150130453
23.17584126388527 4.387337385541236e-06 0.001185513335072102
23.31525513821456 4.162606909548662e-06 0.00112478835482228
23.45550765430593 3.94856055555546e-06 0.001066950357722086
23.59660385699449 3.744736508324501e-06 0.001011874555528939
23.73854882146243 3.550690109190556e-06 0.0009594407959201747
23.88134765342164 3.365993297786346e-06 0.0009095334116404547
24.02500548929732 3.190235029841229e-06 0.0008620413333961901
24.16952749641275 3.023020238372465e-06 0.0008168578091564501
24.31491887317515 2.863968842644698e-06 0.0007738801363614421
24.46118484926266 2.712715885377574e-06 0.0007330096989977228
24.60833068581249 2.568911274221344e-06 0.0006941518977416798
24.7563616756101 2.432218521902078e-06 0.0006572158095310379
24.90528314327963 2.302314502820977e-06 0.0006221141217949562
25.05510044547539 2.178889682887449e-06 0.0005887631945577932
25.20581897107455 2.061646975181378e-06 0.0005570827512247667
25.357444141371 1.950301173855591e-06 0.0005269957256153319
25.5099814102703 1.844579169932268e-06 0.0004984283202740664
25.66343626448592 1.744219336597385e-06 0.0004713098403695536
25.81781422373652 1.648970674362509e-06 0.0004455724627064283
25.97312084094457 1.558592780821448e-06 0.0004211512275532451
26.12936170243603 1.472855782401352e-06 0.0003979840202007744
26.28654242814131 1.391539373374681e-06 0.0003760113112910395
26.44466867179741 1.314432529545536e-06 0.0003551760794517867
26.6037461211513 1.241333671426308e-06 0.0003354238553888545
26.76378049816449 1.17204991722864e-06 0.0003167025200350066
26.92477755921884 1.106396574926082e-06 0.0002989621672989165
27.08674309532363 1.044197220253581e-06 0.0002821551251416075
27.24968293232387 9.852833760278745e-07 0.0002662358689248169
27.41360293110984 9.294938360926429e-07 0.0002511608387325365
27.57850898782788 8.766745576824795e-07 0.0002368884102864142
27.74440703409252 8.266786783699926e-07 0.0002233788995250719
27.91130303719981 7.793658406359702e-07 0.000210594380094532
28.07920300034196 7.346019213576192e-07 0.0001984986102525622
28.24811296282329 6.922591231480914e-07 0.000187057057549756
28.41803900027744 6.522155299865625e-07 0.0001762367787552319
28.58898722488593 6.143546903324733e-07 0.0001660063072088973
28.76096378559799 5.785656150563067e-07 0.0001563356522623185
28.93397486835177 5.447426338350072e-07 0.0001471962604749697
29.1080266962968 5.127848980859801e-07 0.0001385608813007947
29.28312553001787 4.825962539170125e-07 0.000130403532757689
29.4592776677602 4.540852786060605e-07 0.0001226995112847939
29.63648944565603 4.271648430676669e-07 0.0001154252735154601
29.81476723795246 4.017518821454168e-07 0.0001085583742074013
29.99411745724076 3.77767431325996e-07 0.0001020774761632914
30.17454655468706 3.551363853195151e-07 9.596228499615404e-05
30.35606102026435 3.337871800122017e-07 9.019346318900921e-05
30.53866738298595 3.136517530443961e-07 8.475261944255563e-05
30.72237221114033 2.946654923705053e-07 7.962229477542819e-05
30.90718211252742 2.7676689442591e-07 7.478587015662854e-05
31.09310373469621 2.598974477419607e-07 7.022753505684394e-05
31.28014376518396 2.440016598824342e-07 6.593229472701434e-05
31.46830893175665 2.290267963579456e-07 6.188589964974677e-05
31.65760600265105 2.149226991375836e-07 5.807479649889349e-05
31.84804178681812 2.016417900666794e-07 5.448612906307589e-05
32.03962313416796 1.89138951747074e-07 5.110770605804543e-05
32.23235693581619 1.773713000037852e-07 4.792793964433658e-05
32.42625012433181 1.662981341453042e-07 4.49358319869778e-05
32.62130967398656 1.558809251718683e-07 4.212097206921982e-05
32.81754260100581 1.460830959056693e-07 3.947347628097291e-05
33.01495596382091 1.368699261463654e-07 3.698396279064208e-05
33.21355686332307 1.282085649568189e-07 3.464355486488676e-05
33.4133524431188 1.200678864921757e-07 3.244384191183831e-05
33.61434988978685 1.124183555304524e-07 3.037684314578577e-05
33.81655643313671 1.052320147927464e-07 2.843500416093837e-05
34.01997934646867 9.848243228861372e-08 2.66111827034893e-05
34.22462594683541 9.214454801143629e-08 2.489860724678989e-05
34.43050359530524 8.619462824243064e-08 2.329086464372242e-05
34.63761969722685 8.061026574790779e-08 2.17819001800021e-05
34.84598170249565 7.537024815571126e-08 2.036598200784743e-05
35.0555971058218 7.045448589856544e-08 1.903768167537333e-05
35.26647344699975 6.584401372473825e-08 1.779187453479101e-05
35.47861831117944 6.152091701152807e-08 1.662371983139229e-05
35.69203932913916 5.746823792492002e-08 1.552863534671709e-05
35.90674417756002 5.366995787755944e-08 1.450229265847891e-05
36.12274057930207 5.011097711743062e-08 1.354061162517099e-05
36.34003630368208 4.677701740394934e-08 1.263973408793148e-05
36.55863916675303 4.36545857439141e-08 1.179601407154472e-05
36.77855703158521 4.073097549314735e-08 1.100601808211846e-05
36.9997978085491 3.799419321272196e-08 1.026650534272308e-05
37.22236945559986 3.543290691380907e-08 9.57441380850338e-06
37.4462799785636 3.303644200086283e-08 8.926859070476391e-06
37.67153743142533 3.079474653972113e-08 8.321124970538636e-06
37.89814991661868 2.869832941823885e-08 7.754646891697175e-06
38.12612558531732 2.673824396286216e-08 7.225007331063458e-06
38.35547263772817 2.490608108648814e-08 6.729934048319439e-06
38.58619932338635 2.319391125614406e-08 6.267284384660021e-06
38.81831394145193 2.159425800710423e-08 5.835038105976764e-06
39.05182484100842 2.010009749996069e-08 5.431297283172855e-06
39.2867404213631 1.87048206693674e-08 5.054276064281246e-06
39.52306913234914 1.74021980761519e-08 4.702291177066409e-06
39.76081947462954 1.618637411470674e-08 4.373760363789186e-06
40.00000000000288 1.505185199863561e-08 4.067198324140936e-06
