##########################################################################################
#
# SZ signal computed with SZpack v1.1.1
# Runmode: CNSN-basis
#
# General parameters:
# xmin= 0.1 xmax= 40 np= 1000
# Dtau= 0.01
# Te= 22keV (The ~ 0.0430529)
# betac= 0 muc= 1
# betao= 0 muo= 1
#
# Runmode specific parameters:
# eps= 0
# Te_order= 20 beta_order= 2
#
##########################################################################################
#
# Output format: x = (h nu/k T0) | x^3 Dn(x) | DI(x) in MJy/sr 
# Here a CMB temperature of T0 = 2.726 K is assumed.
#
##########################################################################################
0.1 -8.009218692226021e-06 -0.002164190881338238
0.1006015482792701 -8.105672904098935e-06 -0.002190254013564187
0.1012067151618632 -8.203286331096324e-06 -0.002216630380188933
0.1018155224154252 -8.30207285107657e-06 -0.00224332373118307
0.1024279919385451 -8.402046502542367e-06 -0.002270337859925286
0.1030441457615424 -8.503221487448236e-06 -0.002297676603961
0.1036640060472596 -8.605612182726757e-06 -0.00232534384811688
0.1042875950918594 -8.709233134460746e-06 -0.002353343522926104
0.1049149353256267 -8.814099056201029e-06 -0.002381679604173796
0.1055460493137754 -8.920224839655728e-06 -0.002410356115785405
0.10618095975726 -9.027625556157522e-06 -0.002439377130223178
0.1068196894935924 -9.136316450373466e-06 -0.002468746766786475
0.1074622614976628 -9.246312946707012e-06 -0.002498469193341675
0.1081086988825668 -9.357630659052974e-06 -0.002528548628958085
0.1087590249004362 -9.470285382439555e-06 -0.00255898934164952
0.1094132629432757 -9.584293094491843e-06 -0.002589795648769749
0.1100714365438043 -9.699669968532903e-06 -0.002620971920552581
0.1107335693763015 -9.81643236935434e-06 -0.002652522578969011
0.1113996852574591 -9.934596849496648e-06 -0.002684452096722132
0.1120698081472377 -1.005418015974062e-05 -0.002716765000082037
0.1127439621497288 -1.017519925407153e-05 -0.00274946587022721
0.1134221715140214 -1.029767128140524e-05 -0.00278255934100881
0.1141044606350749 -1.042161359075642e-05 -0.002816050100347193
0.1147908540545956 -1.054704374422165e-05 -0.002849942893740109
0.1154813764619206 -1.067397950830997e-05 -0.002884242521920107
0.1161760526949047 -1.080243885369172e-05 -0.002918953840786666
0.1168749077408149 -1.093243996928388e-05 -0.002954081765212235
0.1175779667372284 -1.106400126071785e-05 -0.002989631268628196
0.118285254972937 -1.119714134422623e-05 -0.003025607381373017
0.118996797888857 -1.133187905640481e-05 -0.003062015193330042
0.119712621078944 -1.146823346326949e-05 -0.003098859856374798
0.1204327502911136 -1.160622385016221e-05 -0.003136146581647443
0.1211572114281675 -1.174586972539988e-05 -0.003173880640538757
0.1218860305487253 -1.188719083601357e-05 -0.003212067368943063
0.1226192338681618 -1.203020715993331e-05 -0.003250712165146474
0.12335684775955 -1.217493890349607e-05 -0.003289820489153499
0.1240988987546095 -1.232140651586919e-05 -0.003329397866584456
0.124845413544661 -1.246963069130384e-05 -0.003369449889284362
0.1255964189815867 -1.261963236039495e-05 -0.003409982212961276
0.1263519420787953 -1.277143269859144e-05 -0.00345100055948586
0.1271120100121947 -1.292505313966168e-05 -0.003492510720529916
0.1278766501211688 -1.30805153642835e-05 -0.003534518554483266
0.128645889909561 -1.323784130183316e-05 -0.003577029986937151
0.1294197570466637 -1.339705314816107e-05 -0.003620051015487455
0.1301982793682135 -1.355817336004371e-05 -0.003663587708235544
0.1309814848773924 -1.372122464989583e-05 -0.003707646202359437
0.1317694017458348 -1.388622999984149e-05 -0.00375223270791597
0.1325620583146414 -1.40532126687392e-05 -0.003797353509739086
0.1333594830953982 -1.422219618077288e-05 -0.003843014964356972
0.1341617047712022 -1.439320433224205e-05 -0.003889223501826842
0.1349687521976928 -1.456626120931882e-05 -0.003935985630533094
0.1357806544040905 -1.47413911763202e-05 -0.003983307934018369
0.13659744059424 -1.491861887512544e-05 -0.004031197070826078
0.1374191401476617 -1.509796924417095e-05 -0.004079659779633079
0.1382457826206078 -1.527946751664302e-05 -0.004128702878761333
0.1390773977471256 -1.546313921193238e-05 -0.004178333263868806
0.1399140154401271 -1.564901014863236e-05 -0.004228557911461752
0.140755665792465 -1.583710645709325e-05 -0.004279383882287044
0.1416023790780148 -1.602745456560048e-05 -0.004330818317597342
0.1424541857527642 -1.622008120506564e-05 -0.004382868440418679
0.1433111164559082 -1.641501343037897e-05 -0.004435541561320167
0.1441732020109516 -1.661227860997008e-05 -0.004488845075593166
0.1450404734268171 -1.681190442214001e-05 -0.004542786462260162
0.1459129618989614 -1.701391887439284e-05 -0.00459737328929842
0.1467906988104967 -1.721835030680913e-05 -0.004652613214551514
0.1476737157333199 -1.742522737995329e-05 -0.004708513982461759
0.148562044429248 -1.763457908609598e-05 -0.004765083427102643
0.1494557168511607 -1.78464347676603e-05 -0.004822329477163211
0.1503547651441497 -1.806082410171501e-05 -0.004880260151757942
0.151259221646675 -1.827777710209853e-05 -0.004938883561000682
0.152169118891728 -1.849732414336279e-05 -0.004998207912474578
0.1530844896080017 -1.871949595352394e-05 -0.00505824150927321
0.1540053667210681 -1.894432360657962e-05 -0.005118992747978685
0.1549317833545624 -1.917183854123402e-05 -0.005180470123721373
0.1558637728313743 -1.940207257072924e-05 -0.005242682232836453
0.156801368674847 -1.96350578671886e-05 -0.005305637768633304
0.1577446046099826 -1.987082697044598e-05 -0.005369345523781276
0.1586935145646554 -2.010941281213359e-05 -0.005433814396818532
0.1596481326708324 -2.035084869989332e-05 -0.005499053387885737
0.1606084932658007 -2.059516831623486e-05 -0.005565071598417513
0.1615746308934029 -2.08424057439438e-05 -0.005631878238008033
0.1625465803052792 -2.109259546397716e-05 -0.005699482623842361
0.1635243764621181 -2.134577234357648e-05 -0.00576789417748446
0.1645080545349132 -2.16019716534137e-05 -0.00583712242951022
0.1654976499062288 -2.186122908482051e-05 -0.005907177024163057
0.1664931981714723 -2.212358073096454e-05 -0.005978067714267458
0.1674947351401746 -2.238906309278593e-05 -0.006049804362833151
0.1685022968372784 -2.265771310770225e-05 -0.006122396950811503
0.1695159195044337 -2.292956813573481e-05 -0.006195855573346692
0.1705356396013016 -2.320466595414413e-05 -0.006270190438326142
0.1715614938068656 -2.348304478309363e-05 -0.006345411873315161
0.172593519020751 -2.376474329057701e-05 -0.006421530326888401
0.1736317523645521 -2.404980057577289e-05 -0.006498556364132051
0.1746762311831677 -2.433825618367103e-05 -0.006576500670596048
0.1757269930461439 -2.463015013009214e-05 -0.00665537405905472
0.1767840757490262 -2.492552288073328e-05 -0.006735187463844605
0.1778475173147181 -2.522441535357479e-05 -0.006815951941514831
0.1789173559948495 -2.5526868950807e-05 -0.006897678679454103
0.1799936302711521 -2.583292554939581e-05 -0.006980378993341426
0.1810763788568441 -2.614262749055673e-05 -0.007064064324301835
0.1821656406980222 -2.645601760439803e-05 -0.00714874624556529
0.1832614549750625 -2.677313922347667e-05 -0.007234436466129673
0.1843638611040305 -2.709403616145411e-05 -0.007321146824993291
0.1854728987380978 -2.741875272440774e-05 -0.007408889294211402
0.1865886077689693 -2.774733374313395e-05 -0.007497675987624869
0.1877110283283176 -2.807982455202622e-05 -0.007587519155152792
0.1888402007892269 -2.841627098701709e-05 -0.007678431182236376
0.1899761657676448 -2.875671941917357e-05 -0.007770424598916846
0.1911189641238435 -2.910121675225401e-05 -0.007863512079175274
0.1922686369638894 -2.944981040628688e-05 -0.007957706436495368
0.1934252256411219 -2.980254833989019e-05 -0.008053020629894448
0.1945887717576404 -3.015947907358444e-05 -0.00814946777022291
0.1957593171658014 -3.05206516643499e-05 -0.008247061113289272
0.1969369039697233 -3.08861157129672e-05 -0.008345814061843697
0.1981215745268011 -3.125592140211125e-05 -0.008445740175871444
0.19931337144923 -3.163011947802885e-05 -0.008546853167641944
0.2005123376055381 -3.200876124275705e-05 -0.008649166899606082
0.2017185161221286 -3.239189858773671e-05 -0.008752695393479018
0.2029319503848305 -3.277958400075899e-05 -0.008857452832117205
0.2041526840404598 -3.317187054326769e-05 -0.008963453553385192
0.205380760998389 -3.356881186912284e-05 -0.009070712055225812
0.2066162254321268 -3.397046225798766e-05 -0.009179243004681707
0.2078591217809067 -3.43768765872722e-05 -0.009289061230314194
0.2091094947512857 -3.478811033465783e-05 -0.009400181722885381
0.2103673893187526 -3.52042196200377e-05 -0.009512619646691031
0.2116328507293451 -3.562526119329125e-05 -0.009626390336257054
0.2129059245012778 -3.605129241959427e-05 -0.009741509292370124
0.2141866564265795 -3.648237131133324e-05 -0.009857992190701317
0.2154750925727398 -3.691855654641486e-05 -0.009975854886753592
0.2167712792843669 -3.735990743944157e-05 -0.01009511340807303
0.2180752631848539 -3.780648395588749e-05 -0.01021578395807938
0.2193870911780562 -3.825834675469301e-05 -0.01033788292757563
0.2207068104499787 -3.871555716028006e-05 -0.01046142688718618
0.2220344684704725 -3.917817715902016e-05 -0.01058643258640249
0.2233701129949433 -3.964626944289332e-05 -0.01071291696538022
0.2247137920660681 -4.011989740661693e-05 -0.01084089715416348
0.2260655540155243 -4.05991251251756e-05 -0.01097039046661303
0.2274254474657272 -4.108401738231336e-05 -0.0111014144081053
0.2287935213315797 -4.157463970144608e-05 -0.01123398668388529
0.2301698248222314 -4.207105831163665e-05 -0.01136812518987263
0.2315544074428487 -4.257334015635378e-05 -0.0115038480150283
0.2329473189963953 -4.308155294308301e-05 -0.0116411734547602
0.2343486095854241 -4.359576511933542e-05 -0.01178012000444035
0.2357583296138787 -4.411604586145901e-05 -0.01192070635638161
0.237176529788907 -4.464246511779221e-05 -0.01206295141149828
0.2386032611226849 -4.517509361808915e-05 -0.01220687428185295
0.2400385749342508 -4.571400284289964e-05 -0.01235249428238259
0.2414825228513524 -4.62592650470487e-05 -0.01249983093724297
0.2429351568123028 -4.681095330325255e-05 -0.01264890399159428
0.2443965290678495 -4.736914146498301e-05 -0.01279973340156664
0.2458666921830531 -4.793390416871249e-05 -0.01295233933486668
0.2473456990391787 -4.850531688783451e-05 -0.01310674218534757
0.2488336028355976 -4.908345591687778e-05 -0.01326296256874348
0.250330457091701 -4.966839835122847e-05 -0.01342102131719022
0.2518363156488252 -5.02602221274868e-05 -0.01358093949013019
0.2533512326721881 -5.085900604746852e-05 -0.0137427383807978
0.2548752626528374 -5.146482973979277e-05 -0.01390643950584004
0.2564084604096108 -5.207777367706115e-05 -0.01407206460995855
0.2579508810911079 -5.269791923066296e-05 -0.01423963568071857
0.2595025801776736 -5.332534863415299e-05 -0.01440917493865325
0.261063613483394 -5.396014497740193e-05 -0.014580704835683
0.2626340371581039 -5.460239226192196e-05 -0.0147542480700651
0.2642139076894062 -5.525217539729434e-05 -0.01492982758542847
0.2658032819047042 -5.590958017083949e-05 -0.01510746656257809
0.2674022169732455 -5.657469328293792e-05 -0.01528718842903918
0.2690107704081783 -5.724760238679796e-05 -0.01546901686980293
0.2706290000686201 -5.792839604364623e-05 -0.01565297581521842
0.2722569641617388 -5.861716373258122e-05 -0.01583908944365516
0.2738947212448469 -5.931399591338738e-05 -0.01602738219847624
0.2755423302275071 -6.001898399547608e-05 -0.01621787877964581
0.2771998503736515 -6.073222032198812e-05 -0.01641060413943338
0.2788673413037137 -6.145379822354699e-05 -0.01660558349693858
0.2805448629967726 -6.218381203031887e-05 -0.01680284234134998
0.2822324757927104 -6.292235703138017e-05 -0.01700240642096567
0.283930240394383 -6.366952950300126e-05 -0.01720430175083584
0.285638217869803 -6.442542676376756e-05 -0.01740855462765725
0.2873564696543368 -6.519014712625988e-05 -0.01761519161671661
0.2890850575529139 -6.5963789898226e-05 -0.01782423955220718
0.2908240437422505 -6.674645544965209e-05 -0.01803572555535228
0.2925734907730859 -6.753824519243533e-05 -0.0182496770289126
0.294333461572432 -6.833926155282463e-05 -0.01846612164973934
0.2961040194458372 -6.914960802060587e-05 -0.01868508738206464
0.2978852280796634 -6.996938917915434e-05 -0.01890660248562219
0.2996771515433765 -7.079871065523166e-05 -0.01913069550208166
0.3014798542918515 -7.163767913869185e-05 -0.01935739526037358
0.3032934011676903 -7.248640245038059e-05 -0.01958673089503652
0.3051178574035545 -7.334498949506533e-05 -0.01981873183349828
0.3069532886245115 -7.421355025201458e-05 -0.02005342779353022
0.3087997608503953 -7.509219584240136e-05 -0.0202908488014606
0.3106573404981812 -7.598103852434928e-05 -0.02053102519083589
0.3125260943843745 -7.688019165280277e-05 -0.02077398759157725
0.3144060897274139 -7.778976972131702e-05 -0.02101976694127268
0.3162973941500897 -7.870988841084776e-05 -0.02126839449836062
0.3182000756819758 -7.964066453205456e-05 -0.02151990182653964
0.3201142027618771 -8.058221603524358e-05 -0.02177432079745496
0.3220398442402905 -8.15346620864495e-05 -0.02203168361125692
0.3239770693818822 -8.249812302785225e-05 -0.02229202278590491
0.3259259478679787 -8.34727203555556e-05 -0.02255537115116299
0.3278865497990735 -8.445857678340131e-05 -0.02282176186584322
0.3298589456973481 -8.545581625696458e-05 -0.02309122842158742
0.3318432065092091 -8.646456390094314e-05 -0.02336380462865102
0.3338394036078401 -8.748494605114276e-05 -0.02363952462454597
0.3358476087957689 -8.85170903205322e-05 -0.02391842289188961
0.3378678943074497 -8.956112553794628e-05 -0.02420053424184147
0.3399003328118625 -9.061718174671192e-05 -0.024485893813732
0.3419449974151257 -9.168539028375573e-05 -0.02477453709643843
0.3440019616631268 -9.276588375345382e-05 -0.0250664999213187
0.3460712995441669 -9.385879599102801e-05 -0.02536181845232058
0.3481530854916227 -9.496426211896658e-05 -0.02566052920122735
0.3502473943866234 -9.60824185818534e-05 -0.02596266903706901
0.3523543015607447 -9.721340308265958e-05 -0.02626827516890748
0.3544738827987177 -9.835735460321815e-05 -0.02657738515136918
0.3566062143411555 -9.951441348326698e-05 -0.02689003690600333
0.3587513728872951 -0.0001006847213615417 -0.02720626870536457
0.3609094355977566 -0.0001018684211609947 -0.02752611916901901
0.3630804800973185 -0.0001030656571657077 -0.02784962728432675
0.3652645844777097 -0.0001042765750129803 -0.02817683240430442
0.3674618273004187 -0.0001055013216418168 -0.02850777423370538
0.369672287599519 -0.0001067400453385442 -0.02884249284134648
0.3718960448845125 -0.0001079928957919961 -0.02918102867501935
0.374133179143189 -0.0001092600240217462 -0.02952342254209821
0.3763837708445035 -0.0001105415823858597 -0.02986971561163434
0.3786479009414707 -0.0001118377246663557 -0.03021994943744923
0.3809256508740766 -0.0001131486060198762 -0.03057416594480455
0.3832171025722083 -0.0001144743829473564 -0.03093240742220688
0.3855223384586003 -0.0001158152133637207 -0.03129471654024021
0.3878414414518001 -0.0001171712566111374 -0.03166113635514777
0.3901744949691499 -0.0001185426733934441 -0.03203171029111273
0.3925215829297878 -0.0001199296258082847 -0.03240648214894221
0.3948827897576659 -0.0001213322774191653 -0.03278549612553752
0.3972582003845871 -0.0001227507931806944 -0.03316879679369328
0.3996479002532602 -0.0001241853394320995 -0.03355642910034542
0.402051975320373 -0.0001256360839821021 -0.03394843838950545
0.4044705120596843 -0.0001271031960752738 -0.03434487039316957
0.4069035974651345 -0.0001285868463450778 -0.03474577121862978
0.4093513190539743 -0.0001300872068717144 -0.03515118736410455
0.4118137648699132 -0.000131604451216874 -0.03556116572812944
0.4142910234862858 -0.0001331387543465399 -0.03597575358869749
0.4167831840092382 -0.0001346902926480138 -0.03639499860785974
0.4192903360809331 -0.0001362592440119572 -0.03681894885389377
0.4218125698827739 -0.0001378457877616321 -0.03724765278218372
0.4243499761386489 -0.0001394501046303736 -0.03768115922913308
0.4269026461181943 -0.0001410723768391532 -0.03811951743312333
0.429470671640077 -0.0001427127880823438 -0.03856277703066732
0.4320541450752978 -0.0001443715234647119 -0.03901098803938387
0.4346531593505136 -0.0001460487695437029 -0.03946420086942383
0.43726780795138 -0.0001477447143823919 -0.03992246633777792
0.4398981849259138 -0.0001494595474650991 -0.0403858356454751
0.4425443848878763 -0.0001511934596984669 -0.04085436037787347
0.4452065030201759 -0.0001529466434941875 -0.0413280925270145
0.4478846350782926 -0.0001547192927095501 -0.04180708447555783
0.4505788773937215 -0.0001565116026075444 -0.04229138898600109
0.4532893268774382 -0.0001583237699209789 -0.04278105921800524
0.4560160810233846 -0.0001601559928582902 -0.04327614872996433
0.458759237911976 -0.0001620084710268121 -0.04377671145827197
0.4615188962136283 -0.000163881405456951 -0.04428280172385374
0.464295155192308 -0.0001657749986663801 -0.04479447424951322
0.4670881147091019 -0.000167689454574603 -0.04531178413684613
0.4698978752258099 -0.0001696249784872188 -0.04583478686198847
0.4727245378085577 -0.0001715817771701545 -0.04636353829567508
0.4755682041314329 -0.0001735600588061014 -0.04689809469146818
0.4784289764801414 -0.0001755600329377498 -0.04743851267041875
0.4813069577556875 -0.0001775819105133769 -0.04798484923338484
0.4842022514780743 -0.0001796259039092071 -0.04853716176707367
0.487114961790028 -0.0001816922268432002 -0.04909550802074612
0.4900451934607434 -0.0001837810943801903 -0.04965994610760541
0.4929930518896525 -0.0001858927229965045 -0.05023053452225759
0.4959586431102161 -0.000188027330500653 -0.05080733211928144
0.4989420737937372 -0.0001901851360002537 -0.05139039810429068
0.5019434512531983 -0.0001923663599594608 -0.05197979204945222
0.504962883447121 -0.0001945712241717066 -0.05257557388612039
0.5080004789834501 -0.000196799951688887 -0.05317780388570215
0.5110563471234592 -0.000199052766844975 -0.05378654266603766
0.5141305977856812 -0.0002013298952865702 -0.05440185119965527
0.5172233415498623 -0.0002036315638832761 -0.05502379078955413
0.520334689660939 -0.000205958000714114 -0.05565242306553329
0.52346475403304 -0.0002083094351199505 -0.05628780999835807
0.5266136472535116 -0.0002106860976356249 -0.05693001388142014
0.5297814825869668 -0.0002130882199405897 -0.0575790973174
0.5329683739793606 -0.0002155160348927749 -0.05823512322741738
0.5361744360620875 -0.0002179697765127453 -0.05889815484675054
0.5393997841561053 -0.0002204496799039565 -0.05956825570328831
0.5426445342760833 -0.0002229559812530391 -0.06024548961760696
0.5459088031345746 -0.0002254889178557024 -0.06092992070996964
0.5491927081462149 -0.0002280487280304271 -0.06162161337700508
0.5524963674319456 -0.000230635651087263 -0.06232063228327644
0.5558198998232626 -0.0002332499273565853 -0.06302704236905145
0.5591634248664905 -0.0002358917981325212 -0.06374090883501574
0.5625270628270829 -0.0002385615056113139 -0.06446229712561788
0.565910934693948 -0.0002412592928970846 -0.06519127293062646
0.5693151621838011 -0.0002439854039863931 -0.06592790218095809
0.5727398677455418 -0.0002467400836865742 -0.06667225102661091
0.5761851745646592 -0.0002495235775937439 -0.06742438583072162
0.5796512065676627 -0.0002523361320979612 -0.06818437317096018
0.5831380884265391 -0.0002551779943052881 -0.06895227981846955
0.5866459455632378 -0.0002580494119918303 -0.06972817272544685
0.5901749041541815 -0.0002609506335996453 -0.0705121190240376
0.5937250911348052 -0.0002638819081841225 -0.07130418601211744
0.5972966342041217 -0.0002668434853472494 -0.07210444113525946
0.6008896618293151 -0.0002698356152137234 -0.07291295198027961
0.6045043032503616 -0.0002728585483987166 -0.07372978626652617
0.6081406884846782 -0.0002759125359322119 -0.0745550118254345
0.6117989483317994 -0.0002789978292178198 -0.07538869658939876
0.6154792143780822 -0.0002821146800008894 -0.07623090858315523
0.619181619001439 -0.0002852633402983313 -0.07708171590481942
0.6229062953760992 -0.0002884440623441893 -0.07794118671117893
0.6266533774773996 -0.0002916570985466781 -0.07880938920608462
0.6304230000866031 -0.0002949027014238826 -0.07968639162307557
0.6342152987957473 -0.0002981811235418047 -0.0805722622086386
0.6380304100125211 -0.0003014926174627424 -0.08146706920825973
0.6418684709651717 -0.0003048374356745822 -0.0823708808473181
0.6457296197074404 -0.0003082158305268224 -0.08328376531379861
0.6496139951235281 -0.0003116280541758288 -0.08420579074349926
0.6535217369330918 -0.0003150743585031557 -0.08513702519796069
0.6574529856962692 -0.0003185549950423568 -0.08607753664468935
0.6614078828187353 -0.0003220702149268894 -0.08702739294308066
0.6653865705567885 -0.0003256202688067742 -0.08798666182189947
0.6693891920224675 -0.000329205406748388 -0.08895541085220264
0.673415891188699 -0.0003328258781884035 -0.08993370743489335
0.6774668128944764 -0.0003364819318598332 -0.09092161878073679
0.6815421028500694 -0.0003401738156603815 -0.09191921187478752
0.6856419076422656 -0.0003439017765987986 -0.09292655346189371
0.6897663747396426 -0.0003476660607366198 -0.0939437100309541
0.693915652497873 -0.0003514669130487775 -0.09497074777725377
0.6980898901650602 -0.0003553045773251212 -0.09600773257585367
0.702289237887107 -0.0003591792961355489 -0.09705472997216857
0.7065138467131162 -0.0003630913107099538 -0.09811180514952726
0.7107638686008243 -0.0003670408607711105 -0.09917902288401623
0.7150394564220665 -0.0003710281845136436 -0.1002564475387968
0.7193407639682761 -0.0003750535185167079 -0.1013441430405101
0.7236679459560159 -0.000379117097533254 -0.1024421728223342
0.728021158032544 -0.0003832191544323574 -0.1035505998084006
0.7324005567814114 -0.0003873599201538102 -0.1046694864015241
0.736806299728095 -0.000391539623509581 -0.1057988944295553
0.7412385453456634 -0.0003957584910256907 -0.1069388851026532
0.7456974530604773 -0.0004000167469418951 -0.1080895190131992
0.7501831832579239 -0.0004043146130640578 -0.1092508560959068
0.754695897288186 -0.0004086523084968955 -0.1104229555556059
0.7592357574720454 -0.0004130300496490998 -0.1116058758686266
0.7638029271067222 -0.0004174480501472482 -0.1127996747595373
0.7683975704717476 -0.000421906520535252 -0.1140044091199313
0.7730198528348741 -0.0004264056681821792 -0.1152201349835196
0.7776699404580188 -0.0004309456972723587 -0.1164469075234571
0.7823480006032453 -0.0004355268085541469 -0.1176847809844559
0.7870542015387785 -0.0004401491990775243 -0.1189338086118807
0.7917887125450584 -0.0004448130622445914 -0.1201940426653937
0.7965517039208285 -0.0004495185876482667 -0.1214655343753683
0.8013433469892614 -0.0004542659606777593 -0.1227483338362835
0.8061638141041211 -0.0004590553625337528 -0.124042490010826
0.8110132786559631 -0.0004638869701670876 -0.1253480507133221
0.8158919150783704 -0.0004687609558873046 -0.1266650625039609
0.8207998988542287 -0.0004736774871884627 -0.1279935706417282
0.8257374065220374 -0.000478636726801878 -0.1293336190986572
0.8307046156822607 -0.0004836388324072713 -0.1306852504817771
0.8357017050037151 -0.0004886839562164811 -0.1320485059206269
0.8407288542299962 -0.0004937722450832029 -0.1334234250969084
0.8457862441859444 -0.0004989038403480099 -0.1348100462026092
0.8508740567841485 -0.0005040788773019063 -0.1362084057950476
0.8559924750314897 -0.0005092974851721545 -0.1376185387930432
0.8611416830357236 -0.0005145597871193122 -0.1390404784761163
0.8663218660121029 -0.0005198658997655371 -0.14047425635703
0.8715332102900397 -0.0005252159328757733 -0.1419199020956422
0.8767759033198074 -0.0005306099895007563 -0.1433774435375486
0.882050133679283 -0.000536048165673575 -0.1448469066320885
0.8873560910807308 -0.000541530549795168 -0.1463283152662991
0.8926939663776258 -0.0005470572227928364 -0.1478216913077477
0.8980639515715189 -0.0005526282580021378 -0.1493270545726173
0.9034662398189428 -0.0005582437204886563 -0.1508444226424412
0.9089010254383604 -0.0005639036669415205 -0.1523738108353296
0.9143685039171535 -0.0005696081457698393 -0.1539152322320281
0.9198688719186553 -0.0005753571965746101 -0.1554686975332205
0.9254023272892237 -0.0005811508496138038 -0.1570342149149885
0.9309690690653579 -0.0005869891260567942 -0.158611790097561
0.9365692974808579 -0.0005928720376952086 -0.160201426267183
0.9422032139740265 -0.0005987995861065868 -0.1618031238501254
0.9478710211949153 -0.0006047717628178078 -0.1634168805568452
0.9535729230126136 -0.0006107885492698147 -0.1650426913724534
0.9593091245225821 -0.0006168499160149987 -0.1666805483398386
0.9650798320540293 -0.0006229558224341322 -0.1683304404831783
0.9708852531773335 -0.0006291062169761141 -0.1699923538727215
0.9767255967115094 -0.0006353010366102195 -0.1716662714767793
0.9826010727317186 -0.0006415402060068692 -0.173352172940359
0.9885118925768263 -0.0006478236379058831 -0.1750500346846706
0.9944582688570029 -0.0006541512328801037 -0.1767598298432547
1.000440415461372 -0.0006605228782801567 -0.1784815279768442
1.006458547565703 -0.0006669384483231315 -0.1802150950973262
1.012512881640152 -0.0006733978041994227 -0.1819604936966124
1.018603635457047 -0.0006799007931824738 -0.1837176825060805
1.024731028098722 -0.000686447248071228 -0.1854866163459175
1.030895279965397 -0.000693036987611991 -0.1872672462391125
1.037096612783106 -0.0006996698159777352 -0.1890595192707577
1.043335249611672 -0.0007063455216191275 -0.1908633782775822
1.04961141485273 -0.0007130638777126336 -0.1926787619690354
1.055925334257799 -0.0007198246420324264 -0.1945056048926747
1.062277234936404 -0.000726627555705543 -0.1963438370977935
1.068667345364243 -0.0007334723431173953 -0.1981933841098894
1.075095895391404 -0.0007403587122257833 -0.200054167015514
1.081563116250635 -0.0007472863536393689 -0.201926102213265
1.088069240565661 -0.0007542549396889237 -0.2038091011628262
1.094614502359551 -0.0007612641250528599 -0.2057030705539933
1.101199137063137 -0.0007683135463157064 -0.2076079121873692
1.107823381523478 -0.0007754028204911346 -0.2095235225752664
1.114487474012384 -0.0007825315454609024 -0.2114497930603156
1.121191654234987 -0.0007896993000328317 -0.2133866098311321
1.127936163338358 -0.000796905642563177 -0.215333853550062
1.134721243920186 -0.000804150110551898 -0.2172913992438205
1.141547140037501 -0.0008114322212251005 -0.219259116460874
1.148414097215454 -0.0008187514706548278 -0.2212368690335977
1.155322362456149 -0.0008261073323868144 -0.2232245147074762
1.162272184247527 -0.0008334992582547007 -0.2252219053611158
1.169263812572304 -0.0008409266780826723 -0.227228886925893
1.176297498916961 -0.0008483889979297443 -0.2292452989115388
1.183373496280794 -0.00085588560038528 -0.231270974485991
1.19049205918501 -0.0008634158449033171 -0.2333057405657337
1.197653443681885 -0.0008709790663767573 -0.2353494174305256
1.204857907363973 -0.0008785745742953806 -0.2374018184958845
1.212105709373372 -0.0008862016536404414 -0.2394627505548187
1.219397110411042 -0.0008938595641270714 -0.2415320135731148
1.22673237274619 -0.0009015475383723603 -0.2436094001943301
1.234111760225694 -0.0009092647828234561 -0.2456946959905768
1.241535538283603 -0.0009170104776918398 -0.2477876794447625
1.249003973950675 -0.0009247837750089373 -0.2498881214251922
1.256517335863991 -0.0009325837986208454 -0.2519957851841428
1.264075894276612 -0.0009404096448854909 -0.2541104265462447
1.271679921067302 -0.0009482603813068103 -0.2562317935394198
1.279329689750306 -0.0009561350451578003 -0.2583596260228127
1.287025475485191 -0.0009640326446947676 -0.2604936560148962
1.294767555086741 -0.0009719521586035925 -0.2626336075438445
1.302556207034913 -0.0009798925337796149 -0.2647791960476309
1.310391711484858 -0.0009878526862186631 -0.2669301286147953
1.318274350276994 -0.0009958315012947084 -0.269086104059469
1.326204406947145 -0.001003827831753714 -0.2712468123792885
1.334182166736741 -0.001011840497252133 -0.2734119346306916
1.342207916603075 -0.001019868285482896 -0.2755811432331731
1.350281945229628 -0.001027909950991192 -0.277754101649294
1.358404543036452 -0.001035964213230582 -0.2799304638594199
1.366576002190616 -0.001044029758044009 -0.2821098747619075
1.374796616616712 -0.001052105237407166 -0.2842919701037595
1.383066682007434 -0.001060189266962605 -0.2864763758143104
1.391386495834208 -0.001068280426684013 -0.2886627081847222
1.399756357357896 -0.001076377261608505 -0.2908505740658595
1.408176567639557 -0.001084478279925961 -0.2930395703520027
1.416647429551278 -0.001092581951944427 -0.2952292837012889
1.425169247787069 -0.001100686711669855 -0.2974192909625756
1.433742328873819 -0.001108790955922509 -0.2996091589366834
1.442366981182327 -0.001116893041902191 -0.3017984437184893
1.45104351493839 -0.001124991288800627 -0.3039866911326138
1.459772242233963 -0.001133083977954642 -0.3061734367748103
1.468553477038385 -0.001141169350327479 -0.3083582053313867
1.477387535209671 -0.001149245606764954 -0.3105405106484205
1.486274734505876 -0.001157310909265 -0.3127198560748074
1.495215394596523 -0.00116536337933558 -0.3148957340185465
1.504209837074101 -0.001173401096353819 -0.3170676255033595
1.513258385465633 -0.001181422099561675 -0.3192350007079442
1.522361365244312 -0.001189424387585534 -0.3213973188361641
1.531519103841213 -0.001197405915719257 -0.3235540273828935
1.540731930657063 -0.001205364597453343 -0.325704562547216
1.550000177074097 -0.001213298305160548 -0.3278483494176884
1.55932417646797 -0.001221204867750403 -0.3299848013385608
1.568704264219756 -0.00122908207039207 -0.3321133198348901
1.578140777728008 -0.001236927656350195 -0.3342332951086094
1.587634056420891 -0.001244739325777439 -0.3363441057122554
1.597184441768398 -0.00125251473356406 -0.3384451179678983
1.606792277294626 -0.001260251491627902 -0.3405356865859259
1.616457908590138 -0.001267947168937144 -0.3426151546711896
1.626181683324388 -0.001275599288800981 -0.3446828529909144
1.635963951258232 -0.001283205330105681 -0.3467381003086947
1.645805064256506 -0.001290762728618074 -0.3487802037367151
1.655705376300682 -0.001298268875050362 -0.3508084582128371
1.665665243501602 -0.001305721114236302 -0.3528221462779934
1.675685024112287 -0.001313116747486112 -0.3548205387125134
1.685765078540822 -0.001320453031945079 -0.3568028943628106
1.695905769363321 -0.001327727178194316 -0.3587684594930772
1.70610746133697 -0.001334936352628912 -0.3607164684278906
1.716370521413142 -0.001342077678078095 -0.3626461437197878
1.726695318750602 -0.001349148231427148 -0.3645566955066791
1.737082224728785 -0.001356145044434684 -0.366447321732685
1.747531612961148 -0.001363065105662537 -0.3683172086696167
1.758043859308618 -0.001369905359166001 -0.3701655305630627
1.768619341893104 -0.001376662703273443 -0.3719914493026251
1.779258441111101 -0.001383333993323317 -0.3737941151614952
1.789961539647373 -0.001389916041667083 -0.3755726667972413
1.800729022488719 -0.001396405615431005 -0.3773262306470189
1.811561276937818 -0.001402799438743673 -0.3790539215294762
1.822458692627162 -0.001409094194010186 -0.380754842989052
1.83342166153307 -0.001415286520179063 -0.3824280868276755
1.844450577989788 -0.001421373013168485 -0.3840727332199412
1.855545838703674 -0.001427350228328282 -0.3856878513783685
1.866707842767465 -0.001433214679909087 -0.3872724994099606
1.877936991674634 -0.00143896283978797 -0.3888257239718555
1.88923368933383 -0.001444591140366547 -0.3903465610544302
1.90059834208341 -0.001450095975252961 -0.3918340361655809
1.912031358706049 -0.001455473697633936 -0.3932871638908322
1.923533150443451 -0.001460720622219548 -0.3947049484188379
1.935104131011135 -0.001465833027122756 -0.3960863840492534
1.946744716613318 -0.001470807153029942 -0.3974304549686064
1.958455325957888 -0.001475639203471425 -0.3987361353233924
1.970236380271462 -0.001480325347609902 -0.4000023899735461
1.982088303314539 -0.001484861720544707 -0.4012281745746561
1.994011521396743 -0.001489244422499524 -0.4024124353584758
2.006006463392153 -0.001493469521631009 -0.4035541098918465
2.018073560754737 -0.001497533055355648 -0.4046521274352318
2.030213247533863 -0.00150143102973282 -0.405705408776014
2.042425960389917 -0.001505159421204235 -0.4067128666985111
2.05471213861001 -0.001508714178886241 -0.4076734066033874
2.067072224123773 -0.001512091224790037 -0.4085859265671574
2.079506661519261 -0.001515286454402843 -0.4094493174992254
2.092015898058938 -0.001518295739506589 -0.4102624639035303
2.104600383695769 -0.00152111492925961 -0.4110242441708329
2.117260571089404 -0.001523739850429104 -0.4117335306415299
2.129996915622458 -0.001526166309958404 -0.4123891902993623
2.142809875416892 -0.001528390096778402 -0.4129900852608832
2.155699911350493 -0.001530406982478837 -0.4135350729568518
2.16866748707345 -0.001532212723185532 -0.4140230066394823
2.181713069025031 -0.001533803061927401 -0.4144527360220414
2.194837126450363 -0.001535173729894192 -0.4148231076187055
2.208040131417308 -0.001536320447975555 -0.4151329651604355
2.221322558833443 -0.001537238929294542 -0.4153811502795609
2.234684886463145 -0.001537924880892396 -0.4155665029650301
2.248127594944775 -0.00153837400547815 -0.4156878620351748
2.261651167807962 -0.001538582003870055 -0.4157440657974131
2.275256091491004 -0.001538544576942529 -0.415733952574341
2.288942855358358 -0.001538257427669732 -0.4156563612559304
2.302711951718243 -0.001537716263751792 -0.4155101320091685
2.316563875840352 -0.001536916799612032 -0.4152941068177343
2.330499125973664 -0.001535854758498691 -0.4150071300499094
2.344518203364364 -0.001534525875666055 -0.4146480493181584
2.358621612273878 -0.001532925900434187 -0.4142157160356952
2.372809859997005 -0.001531050598137817 -0.4137089859430962
2.387083456880169 -0.001528895753634691 -0.413126720056301
2.401442916339774 -0.001526457174069768 -0.4124677854135315
2.415888754880671 -0.00152373069042569 -0.4117310554942499
2.430421492114737 -0.00152071216077506 -0.4109154110979642
2.445041650779565 -0.001517397474446643 -0.4100197414699865
2.459749756757268 -0.001513782553197967 -0.4090429446182871
2.474546339093393 -0.00150986335379458 -0.4079839280104386
2.489431930015952 -0.001505635873318389 -0.4068416100079988
2.504407064954564 -0.001501096150885411 -0.4056149203306655
2.519472282559719 -0.001496240269298344 -0.404302800502824
2.534628124722145 -0.001491064360241506 -0.402904205257283
2.549875136592308 -0.001485564608117452 -0.4014181035719776
2.565213866600017 -0.001479737250554536 -0.3998434788071172
2.580644866474148 -0.001473578582442733 -0.3981793297957176
2.596168691262497 -0.001467084962405928 -0.3964246725924913
2.611785899351737 -0.001460252812858536 -0.3945785404891493
2.627497052487508 -0.001453078622508715 -0.3926399846907994
2.64330271579462 -0.001445558953888996 -0.3906080763508163
2.659203457797384 -0.001437690445272885 -0.3884819070887326
2.675199850440056 -0.001429469811266761 -0.386260589150175
2.691292469107416 -0.001420893849259751 -0.3839432571497028
2.707481892645458 -0.001411959445237273 -0.3815290696416996
2.723768703382218 -0.001402663572616334 -0.379017208805655
2.740153487148712 -0.001393003296424261 -0.3764068815753118
2.756636833300016 -0.001382975782505448 -0.3736973221264416
2.77321933473646 -0.00137257829656067 -0.3708877916172582
2.789901587924954 -0.001361808205794798 -0.3679775786336486
2.806684192920446 -0.00135066298829629 -0.3649660017236295
2.823567753387507 -0.001339140236018051 -0.3618524102028124
2.840552876622036 -0.001327237653454762 -0.3586361837970022
2.857640173573115 -0.001314953064575837 -0.3553167345155679
2.874830258864976 -0.001302284421402016 -0.3518935089689459
2.892123750819116 -0.001289229800753751 -0.3483659874900122
2.909521271476531 -0.001275787407786189 -0.3447336850892798
2.927023446620097 -0.001261955587721348 -0.3409961546250792
2.944630905797074 -0.001247732824509355 -0.3371529864418073
2.962344282341753 -0.001233117740639137 -0.3332038083187752
2.980164213398238 -0.001218109107523878 -0.3291482882764866
2.998091339943359 -0.001202705850512188 -0.3249861359307197
3.016126306809736 -0.001186907044893932 -0.3207171014132515
3.034269762708964 -0.001170711922307538 -0.3163409771031926
3.052522360254954 -0.001154119882377701 -0.3118576007716402
3.070884755987404 -0.001137130487421132 -0.3072668541511053
3.089357610395416 -0.00111974346440495 -0.3025686634646951
3.107941587941251 -0.001101958718339622 -0.2977630030450517
3.126637357084233 -0.001083776331555722 -0.2928498951389241
3.14544559030479 -0.001065196560691719 -0.2878294090932305
3.164366964128648 -0.001046219846863867 -0.2827016641030897
3.183402159151157 -0.001026846823421253 -0.2774668313073326
3.202551860061779 -0.001007078308850172 -0.2721251318711737
3.221816755668715 -0.000986915311595295 -0.2666768382889537
3.241197538923678 -0.0009663590441878196 -0.2611222782017394
3.260694906946819 -0.0009454109166067719 -0.2554618326034668
3.280309561051807 -0.0009240725356252992 -0.2496959356642999
3.300042206771049 -0.0009023457184591372 -0.2438250784186174
3.319893553881069 -0.0008802324936679486 -0.2378498090085656
3.339864316428041 -0.0008577350945898891 -0.2317707309099963
3.359955212753471 -0.0008348559678986822 -0.2255885052446947
3.380166965520037 -0.00081159778415332 -0.2193038536310412
3.400500301737581 -0.0007879634277305877 -0.212917555463653
3.42095595278926 -0.0007639559990979402 -0.2064304485275438
3.441534654457853 -0.0007395788299121887 -0.1998434330779782
3.46223714695223 -0.0007148354762552331 -0.193157470012681
3.483064174933973 -0.0006897297144307339 -0.1863735797360466
3.504016487544163 -0.0006642655531590782 -0.1794928454543701
3.525094838430328 -0.0006384472366945575 -0.1725164140181484
3.546299985773546 -0.0006122792344970674 -0.1654454931312438
3.567632692315724 -0.0005857662468915114 -0.1582813528801265
3.589093725387028 -0.0005589132174645889 -0.1510253290836404
3.610683856933487 -0.000531725320864984 -0.1436788199964628
3.632403863544755 -0.0005042079617069295 -0.1362432860128328
3.654254526482051 -0.0004763667885889181 -0.1287202534545829
3.676236631706256 -0.0004482076883474304 -0.1211113130184242
3.698350969906183 -0.0004197367778419381 -0.1134181175561514
3.720598336527025 -0.0003909604130178182 -0.105642384523556
3.742979531798957 -0.0003618851940774241 -0.09778589737771368
3.765495360765927 -0.0003325179517053925 -0.08985050185489069
3.788146633314612 -0.0003028657489717522 -0.08183810648478729
3.810934164203546 -0.0002729358938605689 -0.07375068597593429
3.833858773092431 -0.0002427359261549237 -0.06559027767185022
3.856921284571616 -0.0002122736124152296 -0.05735898019411992
3.880122528191761 -0.0001815569568469182 -0.04905895637897911
3.903463338493672 -0.0001505941971227197 -0.0406924321484423
3.926944555038322 -0.0001193937924986425 -0.03226169329909215
3.950567022437048 -8.796442847297127e-05 -0.02376908676099886
3.974331590381932 -5.631502247603614e-05 -0.01521702213516684
3.998239113676364 -2.445470832171894e-05 -0.006607967492137611
4.02229045226579 7.607165940833066e-06 0.002055551208503965
4.046486471268643 3.9861028624739e-05 0.01077094757746542
4.070828041007458 7.229709651352503e-05 0.01953557806751744
4.095316037040186 0.000104905383569485 0.02834674432660162
4.119951340191675 0.0001376756949865686 0.03720169159084664
4.144734836585366 0.0001705976303786729 0.04609760954608432
4.169667417675155 0.0002036605981141712 0.05503163620121845
4.194749980277468 0.0002368538154963605 0.0640008579369838
4.219983426603512 0.0002701663047626138 0.07300230842486727
4.24536866429173 0.0003035869088331531 0.08203297288262282
4.270906606440451 0.0003371042971949692 0.09108978966418009
4.296598171640729 0.0003707069615170194 0.1001696490748162
4.322444284009386 0.0004043832264197162 0.1092693962812058
4.348445873222255 0.00043812126078136 0.1183858343665607
4.374603874547618 0.0004719090774519678 0.1275157242533025
4.400919228879844 0.0005057345370400936 0.1366557857263088
4.42739288277324 0.0005395853627427944 0.1458027014401553
4.454025788476091 0.0005734491448705439 0.1549531181418037
4.480818903964917 0.00060731334118859 0.1641036467628413
4.50777319297893 0.0006411652911550879 0.1732508662668016
4.534889625054696 0.00067499222445162 0.1823913259542177
4.562169175561013 0.0007087812628554685 0.1915215459685338
4.589612825733993 0.0007425194302834206 0.2006380200100664
4.617221562712357 0.0007761936646240428 0.209737218533233
4.644996379572944 0.0008097908227243551 0.2188155900940134
4.672938275366425 0.0008432976871255954 0.2278695631700372
4.701048255153248 0.0008767009791123773 0.2368955496866297
4.729327330039782 0.0009099873662084141 0.2458899470422493
4.757776517214689 0.000943143468765924 0.2548491398890281
4.786396839985513 0.0009761558719512312 0.26376950337143
4.815189327815487 0.00100901113489424 0.272647405598553
4.844155016360561 0.001041695798657232 0.2814792097973985
4.873294947506656 0.001074196397261735 0.2902612772924679
4.902610169407141 0.001106499467404944 0.2989899701312612
4.932101736520533 0.001138591557132197 0.3076616534276886
4.961770709648425 0.001170459237774642 0.3162726985877765
4.991618155973645 0.001202089113371034 0.3248194858555552
5.021645149098641 0.001233467829019478 0.3332984065698047
5.051852769084097 0.001264582083977442 0.3417058667038395
5.082242102487784 0.001295418642128494 0.3500382896937548
5.112814242403641 0.00132596433896434 0.3582921183250576
5.1435702885011 0.001356206094000896 0.3664638180876456
5.174511347064628 0.001386130924981493 0.3745498810136909
5.205638531033534 0.001415725952929529 0.3825468270429281
5.23695296004199 0.00144497841206026 0.3904512067009459
5.26845576045931 0.001473875667924944 0.3982596060019602
5.300148065430462 0.00150240522264739 0.4059686478637944
5.332031014916829 0.001530554721391937 0.4135749938556105
5.364105755737212 0.00155831197045359 0.4210753490860867
5.39637344160908 0.001585664948006717 0.4284664651078509
5.42883523319007 0.001612601806019557 0.4357451404348058
5.461492298119737 0.001639110884325585 0.4429082243443853
5.494345811061548 0.001665180729654252 0.4499526220198992
5.52739695374514 0.001690800094392267 0.456875294215816
5.560646915008824 0.001715957944926625 0.4636732595121533
5.594096890842349 0.001740643484933632 0.4703436006074626
5.627748084429916 0.001764846157559682 0.4768834649081032
5.661601706193463 0.001788555647020816 0.4832900649604622
5.695658973836199 0.001811761898718514 0.4895606838864939
5.729921112386407 0.001834455132274386 0.4956926789058541
5.764389354241504 0.001856625836191223 0.5016834798932513
5.799064939212376 0.001878264780322464 0.5075305927478515
5.833949114567966 0.001899363039769273 0.5132316058505669
5.869043135080146 0.00191991198739276 0.518784188040764
5.904348263068843 0.001939903297792129 0.5241860896912096
5.939865768447451 0.001959328972830997 0.5294351496056011
5.975596928768503 0.001978181342935517 0.5345292953693344
6.01154302926963 0.001996453061403733 0.5394665418118212
6.047705362919785 0.002014137122886271 0.5442449960002029
6.084085230465758 0.002031226879824847 0.5488628616812403
6.120683940478954 0.002047716029152545 0.5533184356875621
6.15750280940247 0.002063598620291331 0.5576101100986937
6.194543161598441 0.002078869081683465 0.5617363794101764
6.231806329395683 0.002093522209043768 0.5656958373591816
6.269293653137611 0.002107553162615671 0.5694871761830628
6.307006481230453 0.002120957491056116 0.5731091930733534
6.344946170191752 0.002133731133938086 0.5765607908519812
6.383114084699157 0.002145870407740475 0.5798409741855564
6.421511597639515 0.002157372019321156 0.5829488532259631
6.460140090158249 0.002168233085119075 0.5858836487990052
6.499000951709037 0.002178451111116131 0.5886446869898552
6.538095580103793 0.002188023994409303 0.5912313995678632
6.577425381562945 0.00219695004850068 0.5936433308202388
6.616991770766014 0.002205227990312 0.5958801340432167
6.656796170902505 0.002212856929531156 0.5979415686633511
6.696840013723089 0.002219836387136199 0.5998275052429305
6.737124739591115 0.002226166300009502 0.6015379267267845
6.777651797534409 0.002231846999476848 0.6030729226432758
6.818422645297399 0.002236879217618564 0.6044326908096486
6.859438749393552 0.002241264106616854 0.6056175425599185
6.900701585158119 0.00224500321498184 0.6066278963208532
6.942212636801205 0.002248098481894682 0.6074642760834112
6.983973397461158 0.002250552257256139 0.6081273168201156
7.025985369258271 0.002252367289965285 0.6086177613178138
7.068250063348816 0.002253546710014452 0.6089364553395105
7.110768999979402 0.0022540940391479 0.6090843505044718
7.153543708541653 0.002254013196719202 0.6090625058709646
7.196575727627224 0.002253308473509969 0.6088720808617472
7.239866605083138 0.002251984530470991 0.6085143349239134
7.28341789806747 0.002250046414281813 0.6079906317332807
7.327231173105349 0.002247499533874725 0.6073024328508819
7.37130800614531 0.002244349648027182 0.6064512943702799
7.41564998261598 0.00224060287715199 0.6054388701034255
7.460258697483103 0.002236265694134176 0.6042669091046631
7.505135755306914 0.0022313449016238 0.6029372495349661
7.550282770299852 0.002225847634147127 0.6014518192324023
7.59570136638462 0.00221978136287167 0.5998126369997072
7.641393177252606 0.002213153868569376 0.5980218052985991
7.687359846422636 0.002205973234007549 0.5960815081937124
7.733603027300095 0.002198247852547811 0.5939940136761446
7.780124383236402 0.002189986407495284 0.5917616680833454
7.826925587588838 0.002181197855439097 0.5893868915975158
7.874008323780734 0.002171891429388068 0.5868721790929072
7.921374285362025 0.002162076630678482 0.5842200979492028
7.969025176070168 0.002151763205499028 0.5814332817082624
8.016962709891423 0.002140961140059801 0.5785144287687262
8.065188611122505 0.002129680661170746 0.5754663025423168
8.113704614432605 0.002117932212294166 0.57229172498293
8.162512464925786 0.002105726441978004 0.5689935734611609
8.211613918203758 0.002093074204154294 0.5655747808449506
8.26101074042902 0.002079986541368926 0.5620383309680587
8.310704708388393 0.0020664746673532 0.5583872539206797
8.360697609556926 0.002052549962634152 0.5546246248632982
8.410991242162195 0.002038223965821574 0.5507535616723337
8.461587415248985 0.002023508353343222 0.5467772194643391
8.512487948744354 0.002008414930452346 0.542698788166125
8.563694673523104 0.001992955625701683 0.5385214910215624
8.615209431473632 0.001977142472575318 0.5342485796282824
8.667034075564182 0.001960987597206952 0.5298833306189989
8.719170469909495 0.001944503211420879 0.5254290437810946
8.771620489837867 0.001927701598841705 0.5208890383032918
8.824386021958594 0.00191059510064668 0.5162666489257565
8.877468964229841 0.001893196106625486 0.5115652235243408
8.930871226026907 0.001875517043809294 0.506788120038011
8.984594728210904 0.001857570362492119 0.5019387026916458
9.038641403197854 0.001839368526470577 0.4970203393586943
9.09301319502819 0.001820924001628878 0.4920363984766996
9.147712059436689 0.00180224924328275 0.4869902456274693
9.202739963922818 0.00178335668679352 0.4818852410008824
9.258098887821502 0.001764258736180702 0.4767247363178694
9.313790822374321 0.001744967750847974 0.4715120712436038
9.369817770801134 0.001725496038348075 0.4662505714324896
9.426181748372137 0.001705855844507945 0.4609435458598476
9.482884782480346 0.001686059337142715 0.4555942824212351
9.539928912714528 0.001666118601015609 0.4502060465705469
9.597316190932558 0.001646045630234958 0.4447820792655939
9.655048681335227 0.001625852312147089 0.4393255926157603
9.713128460540494 0.001605550422257934 0.4338397685097597
9.771557617658175 0.001585151613216028 0.4283277556387039
9.830338254365088 0.001564667401706664 0.4227926659547375
9.889472484980656 0.001544109186283869 0.417237579489464
9.948962436542953 0.001523488205006344 0.4116655329066454
10.00881024888521 0.001502815523554944 0.4060795162913972
10.06901807471279 0.001482102064632255 0.4004824810943227
10.12958807968063 0.001461358577788829 0.3948773319781826
10.1905224424711 0.001440595634883211 0.3892669255911402
10.25182335487242 0.001419823623128471 0.3836540686878452
10.31349302185747 0.001399052735160646 0.3780415154458048
10.3755336616631 0.001378292972667217 0.3724319684458413
10.43794750586993 0.001357554136973603 0.3668280761284478
10.50073679948262 0.001336845814128392 0.3612324287636287
10.56390380101059 0.001316177381772541 0.3556475603070456
10.62745078254932 0.001295558005879214 0.3500759475190794
10.69138002986203 0.001274996623593932 0.3445200053280255
10.7556938424619 0.001254501946234047 0.3389820876405882
10.82039453369479 0.001234082463102772 0.3334644883724798
10.88548443082247 0.001213746428678279 0.3279694379867554
10.95096587510631 0.001193501855910737 0.3224991016825877
11.01684122189147 0.001173356526375198 0.3170555821387044
11.08311284069168 0.001153317984838379 0.3116409180452647
11.14978311527443 0.001133393524544596 0.3062570801279352
11.21685444374672 0.001113590198573307 0.3009059742168391
11.28432923864131 0.001093914821757198 0.2955894417648475
11.35220992700354 0.001074373956256892 0.2903092559496859
11.42049895047856 0.001054973915331419 0.2850671226927617
11.48919876539923 0.0010357207729544 0.2798646832575776
11.55831184287442 0.001016620355580126 0.2747035120248228
11.62784066887791 0.0009976782350719709 0.2695851145815429
11.69778774433782 0.0009788997434248005 0.2645109316993175
11.76815558522656 0.0009602899721957277 0.2594823391804439
11.83894672265132 0.0009418537597450468 0.254500644410278
11.91016370294514 0.0009235957038177486 0.2495670897569164
11.98180908775847 0.000905520168301023 0.2446828543971586
12.05388545415131 0.0008876312732612856 0.239849051624387
12.12639539468595 0.0008699328978047646 0.2350667296215328
12.19934151752018 0.0008524286936770835 0.2303368751358537
12.27272644650111 0.0008351220820724569 0.2256604126167381
12.34655282125957 0.000818016246963451 0.2210382024133234
12.42082329730504 0.0008011141510224409 0.216471045076673
12.49554054612116 0.0007844185397429624 0.211959682473416
12.57070725526186 0.0007679319331603869 0.2075047955485712
12.64632612844798 0.0007516566308881881 0.2031070056864084
12.72239988566455 0.0007355947352161054 0.1987668809518612
12.79893126325863 0.0007197481510416224 0.1944849360720114
12.87592301403773 0.000704118523420583 0.1902616155614854
12.95337790736882 0.0006887073306362592 0.1860973188708791
13.03129872927796 0.000673515904592166 0.1819924058971502
13.10968828255048 0.0006585453268138939 0.1779471688820155
13.18854938683184 0.0006437965002113974 0.1739618518030171
13.26788487872902 0.0006292701639869489 0.1700366544018375
13.34769761191256 0.0006149668700450413 0.1661717258099608
13.42799045721921 0.0006008869976482943 0.162367168508882
13.50876630275517 0.0005870307648137991 0.1586230414095407
13.59002805400002 0.0005733982264273857 0.1549393593427736
13.67177863391118 0.0005599892754187985 0.1513160933768607
13.7540209830291 0.0005468036567215028 0.1477531745896402
13.83675805958297 0.0005338409708075544 0.1442504950236734
13.91999283959716 0.0005211006708417295 0.1408079069172562
14.00372831699829 0.0005085820745634061 0.1374252259150507
14.08796750372286 0.0004962843716585127 0.1341022330600784
14.17271342982564 0.0004842066222939223 0.1308386743976953
14.25796914358864 0.0004723477634105189 0.1276342626760564
14.34373771163077 0.0004607066188383828 0.1244886800793655
14.43002221901811 0.0004492819008564377 0.1214015786493115
14.51682576937491 0.0004380722116562259 0.118372580680598
14.60415148499523 0.0004270760541840043 0.115401281650614
14.69200250695523 0.0004162918366165521 0.112487251428852
14.78038199522615 0.0004057178720739309 0.109630034199293
14.86929312878798 0.0003953523868065307 0.1068291506726479
14.95873910574384 0.0003851935271312894 0.1040840999606113
15.04872314343496 0.0003752393604718743 0.1013943598569309
15.13924847855642 0.0003654878793466002 0.09875938791499299
15.2303183672736 0.0003559370096638061 0.0961786236893369
15.3219360853393 0.0003465846136139524 0.09365148951713567
15.41410492821153 0.0003374284910999636 0.09117739090469251
15.50682821117208 0.0003284663874002028 0.08875571859807214
15.60010926944577 0.0003196959974231498 0.086385849732768
15.69395145832038 0.0003111149670550328 0.08406714819784912
15.7883581532674 0.0003027208983964045 0.08179896605094844
15.88333275006339 0.0002945113550188353 0.07958064493868672
15.97887866491215 0.000286483864114161 0.07741151667742642
16.07499933456759 0.0002786359195291692 0.07529090407328158
16.17169821645737 0.0002709649871390144 0.07321812237408176
16.26897878880723 0.0002634685076306099 0.07119248002147935
16.36684455076612 0.0002561438986687322 0.0692132792362579
16.46529902253208 0.0002489885593583386 0.06727981722410613
16.56434574547881 0.0002419998733346781 0.06539138701060444
16.66398828228309 0.0002351752109447818 0.06354727803069088
16.76423021705294 0.0002285119325443447 0.06174677701951971
16.86507515545651 0.0002220073915556374 0.05998916883874737
16.96652672485178 0.0002156589366586047 0.05827373706859468
17.06858857441703 0.0002094639145015541 0.05659976474030869
17.17126437528214 0.000203419672330547 0.05496653504665702
17.27455782066058 0.0001975235599550795 0.05337333187307933
17.37847262598229 0.0001917729322801433 0.05181944048188183
17.48301252902732 0.0001861651515359048 0.05030414811472433
17.58818129006027 0.0001806975888150626 0.04882674440803358
17.69398269196554 0.0001753676262724099 0.04738652198735233
17.80042054038342 0.0001701726594395068 0.04598277709279273
17.90749866384694 0.0001651100981817197 0.04461480983764041
18.01522091391964 0.0001601773682929288 0.04328192463926425
18.12359116533404 0.000155371914107402 0.04198343092487731
18.23261331613107 0.0001506911991106235 0.04071864329659048
18.34229128780023 0.0001461327068164653 0.03948688176843498
18.45262902542071 0.0001416939431926436 0.03828747242175114
18.56363049780323 0.0001373724377022306 0.03711974768661776
18.67529969763284 0.0001331657433339321 0.03598304635003356
18.78764064161249 0.0001290714383055672 0.03487671401621864
18.90065737060757 0.000125087128010559 0.03380010363258053
19.0143539497912 0.0001212104443835952 0.03275257531830791
19.12873446879051 0.0001174390466790916 0.03173349657472099
19.24380304183367 0.0001137706238962405 0.03074224294054994
19.35956380789796 0.0001102028942927475 0.0297781978605405
19.47602093085858 0.0001067336052011243 0.02884075263581404
19.59317859963845 0.0001033605350022013 0.02792930695713524
19.71104102835891 0.0001000814937599862 0.02704326907645883
19.82961245649123 9.689432208564385e-05 0.02618205549996274
19.94889714900919 9.379689214704125e-05 0.02534509126083985
20.06889939654243 9.078710949747741e-05 0.02453181041344352
20.18962351553079 8.786291152536186e-05 0.02374165561437143
20.31107384837959 8.502226745978087e-05 0.02297407812396964
20.4332547636158 8.226318043325098e-05 0.02222853836371432
20.55617065604522 7.958368667523988e-05 0.02150450569829104
20.67982594691049 7.698185448412144e-05 0.02080145815780419
20.80422508405019 7.445578559604429e-05 0.02011888280766234
20.92937254205879 7.200361583907701e-05 0.01945627592533647
21.05527282244758 6.96235132924014e-05 0.01881314250295097
21.18193045380665 6.731367863689871e-05 0.01818899634201643
21.30934999196772 6.507234685942468e-05 0.01758336051394607
21.43753602016806 6.289778542532451e-05 0.01699576686624642
21.5664931492153 6.078829366750272e-05 0.01642575585743636
21.69622601765332 5.874220437274801e-05 0.01587287698569198
21.82673929192908 5.675788313161704e-05 0.01533668861317697
21.95803766656046 5.483372676743451e-05 0.0148167575415389
22.09012586430514 5.296816410791254e-05 0.01431265922041035
22.22300863633048 5.115965678961875e-05 0.01382397796478627
22.35669076238438 4.940669715576208e-05 0.01335030638697944
22.49117705096725 4.77078080968961e-05 0.01289124535357655
22.62647233950495 4.606154451998183e-05 0.01244640438239726
22.76258149452277 4.446649171017564e-05 0.01201540119982889
22.89950941182054 4.292126429019642e-05 0.0115978614596344
23.03726101664865 4.142450731051271e-05 0.01119341903753461
23.17584126388527 3.997489594852705e-05 0.01080171594992398
23.31525513821456 3.857113369246278e-05 0.01042240186313424
23.45550765430593 3.721195261850962e-05 0.0100551341683225
23.59660385699449 3.589611429667916e-05 0.00969957822624478
23.73854882146243 3.462240777712581e-05 0.00935540682313476
23.88134765342164 3.338964907980052e-05 0.009022300032801845
24.02500548929732 3.219668234912768e-05 0.008699945528639284
24.16952749641275 3.104237863470504e-05 0.008388038254154054
24.31491887317515 2.992563461055804e-05 0.008086280076893425
24.46118484926266 2.8845373219493e-05 0.007794379962557186
24.60833068581249 2.780054372023789e-05 0.007512053987735708
24.7563616756101 2.679011986884925e-05 0.007239024848503378
24.90528314327963 2.581309984069472e-05 0.006975021839337302
25.05510044547539 2.48685071145054e-05 0.006719781091999289
25.20581897107455 2.395538877823929e-05 0.006473045117759007
25.357444141371 2.307281479825e-05 0.006234562609914245
25.5099814102703 2.221987884127735e-05 0.006004088665903025
25.66343626448592 2.139569751768598e-05 0.005781384582817239
25.81781422373652 2.059940902604215e-05 0.005566217491150376
25.97312084094457 1.983017343957474e-05 0.00535836043220285
26.12936170243603 1.908717300045928e-05 0.005157592437601237
26.28654242814131 1.836961046995699e-05 0.004963698083485226
26.44466867179741 1.767670882539416e-05 0.004776467408627681
26.6037461211513 1.700771201051184e-05 0.004595696117188485
26.76378049816449 1.636188366741405e-05 0.004421185236071122
26.92477755921884 1.573850628907854e-05 0.004252740885920498
27.08674309532363 1.513688173785944e-05 0.004090174421228832
27.24968293232387 1.455633088568431e-05 0.003933302333112411
27.41360293110984 1.399619231129982e-05 0.003781945897291103
27.57850898782788 1.345582232828236e-05 0.00363593118165718
27.74440703409252 1.293459539694491e-05 0.003495089157577688
27.91130303719981 1.243190274773022e-05 0.003359255327918103
28.07920300034196 1.194715194856075e-05 0.003228269610134887
28.24811296282329 1.147976747016883e-05 0.003101976489034744
28.41803900027744 1.102918983779038e-05 0.002980224787551689
28.58898722488593 1.059487475611004e-05 0.002862867430296279
28.76096378559799 1.017629337916509e-05 0.002749761516487041
28.93397486835177 9.772932235979483e-06 0.002640768299855839
29.1080266962968 9.384292067355278e-06 0.002535752874334415
29.28312553001787 9.009887689253128e-06 0.00243458413713808
29.4592776677602 8.649248406389286e-06 0.002337134900524793
29.63648944565603 8.301916956643959e-06 0.002243281606561121
29.81476723795246 7.967449014447267e-06 0.002152904192930921
29.99411745724076 7.645413568882357e-06 0.002065886195103524
30.17454655468706 7.335392425744123e-06 0.001982114611783784
30.35606102026435 7.036979375187575e-06 0.001901479680000281
30.53866738298595 6.749780277552933e-06 0.001823874898296323
30.72237221114033 6.473413158541591e-06 0.001749197052447687
30.90718211252742 6.207507236396855e-06 0.001677345952594709
31.09310373469621 5.951702695079879e-06 0.001608224371951585
31.28014376518396 5.705651025338189e-06 0.001541738138967352
31.46830893175665 5.469014284989952e-06 0.001477795937445456
31.65760600265105 5.24146458717912e-06 0.001416309168263904
31.84804178681812 5.022684317684292e-06 0.001357192008094835
32.03962313416796 4.812365894828083e-06 0.00130036134452903
32.23235693581619 4.610211028780464e-06 0.001245736575930432
32.42625012433181 4.415930685930876e-06 0.001193239601809042
32.62130967398656 4.229245255989698e-06 0.001142794867973823
32.81754260100581 4.049883790724763e-06 0.001094329160829802
33.01495596382091 3.877583736555615e-06 0.001047771535121705
33.21355686332307 3.71209117775676e-06 0.001003053379650504
33.4133524431188 3.553160364454851e-06 0.0009601082897323681
33.61434988978685 3.400553225826413e-06 0.0009188719356586113
33.81655643313671 3.254039464714319e-06 0.0008792820882622434
34.01997934646867 3.113396484805115e-06 0.0008412785992403776
34.22462594683541 2.978408769674101e-06 0.0008048032333644546
34.43050359530524 2.848867779137311e-06 0.0007697996404732576
34.63761969722685 2.7245721182723e-06 0.0007362134011444371
34.84598170249565 2.60532698464326e-06 0.0007039918773278359
35.0555971058218 2.490943892051891e-06 0.0006730841376995267
35.26647344699975 2.381240820759877e-06 0.0006434409982538004
35.47861831117944 2.27604194810316e-06 0.0006150149495117783
35.69203932913916 2.175177215260876e-06 0.0005877600394569728
35.90674417756002 2.078482338547815e-06 0.000561631876586648
36.12274057930207 1.985798828550544e-06 0.000536587635082641
36.34003630368208 1.896973499179358e-06 0.0005125859221510693
36.55863916675303 1.811858334504226e-06 0.0004895867420397411
36.77855703158521 1.730310622466192e-06 0.0004675515321686446
36.9997978085491 1.652192585236049e-06 0.0004464430632482474
37.22236945559986 1.577371116059672e-06 0.0004262253681718205
37.4462799785636 1.505717855309979e-06 0.0004068637625656266
37.67153743142533 1.437109059396104e-06 0.0003883248093665428
37.89814991661868 1.371425237421493e-06 0.0003705762206425421
38.12612558531732 1.308551113532258e-06 0.0003535868474187484
38.35547263772817 1.24837568301012e-06 0.0003373266948344495
38.58619932338635 1.190791847711133e-06 0.0003217668236340899
38.81831394145193 1.135696276720732e-06 0.000306879312514524
39.05182484100842 1.082989495495886e-06 0.0002926372822123401
39.2867404213631 1.032575659057327e-06 0.0002790148342175678
39.52306913234914 9.843623178243967e-07 0.0002659869874993311
39.76081947462954 9.382604416938684e-07 0.0002535296850122462
40.00000000000288 8.94184373173967e-07 0.0002416197810326486
