##########################################################################################
#
# SZ signal computed with SZpack v1.1.1
# Runmode: CNSN-basis
#
# General parameters:
# xmin= 0.1 xmax= 40 np= 1000
# Dtau= 0.01
# Te= 10keV (The ~ 0.0195695)
# betac= 0 muc= 1
# betao= 0 muo= 1
#
# Runmode specific parameters:
# eps= 0
# Te_order= 20 beta_order= 2
#
##########################################################################################
#
# Output format: x = (h nu/k T0) | x^3 Dn(x) | DI(x) in MJy/sr 
# Here a CMB temperature of T0 = 2.726 K is assumed.
#
##########################################################################################
0.1 -3.781266373658513e-06 -0.001021745381197506
0.1006015482792701 -3.826812023179116e-06 -0.001034052384310404
0.1012067151618632 -3.87290525338591e-06 -0.001046507350560957
0.1018155224154252 -3.919552624630789e-06 -0.001059112052638147
0.1024279919385451 -3.966760773320146e-06 -0.001071868283781832
0.1030441457615424 -4.014536413246442e-06 -0.001084777858142556
0.1036640060472596 -4.062886341048573e-06 -0.001097842612256999
0.1042875950918594 -4.111817433455781e-06 -0.001111064404303255
0.1049149353256267 -4.161336646493815e-06 -0.001124445113886323
0.1055460493137754 -4.21145102054943e-06 -0.001137986643406601
0.10618095975726 -4.262167681068868e-06 -0.001151690918248619
0.1068196894935924 -4.313493835582283e-06 -0.001165559885977008
0.1074622614976628 -4.365436776738431e-06 -0.001179595517156505
0.1081086988825668 -4.418003886928387e-06 -0.001193799806601346
0.1087590249004362 -4.471202634330823e-06 -0.001208174772306642
0.1094132629432757 -4.525040573608276e-06 -0.001222722455636528
0.1100714365438043 -4.579525352116151e-06 -0.001237444923001906
0.1107335693763015 -4.634664707903707e-06 -0.001252344265320293
0.1113996852574591 -4.690466467955568e-06 -0.001267422597540648
0.1120698081472377 -4.746938553165242e-06 -0.001282682059987286
0.1127439621497288 -4.804088980691398e-06 -0.001298124818996568
0.1134221715140214 -4.861925860042336e-06 -0.001313753065858881
0.1141044606350749 -4.92045739552813e-06 -0.001329569017481233
0.1147908540545956 -4.979691892416159e-06 -0.001345574918050556
0.1154813764619206 -5.039637752829393e-06 -0.001361773037925372
0.1161760526949047 -5.100303475631086e-06 -0.001378165673604637
0.1168749077408149 -5.161697663102853e-06 -0.001394755149532237
0.1175779667372284 -5.223829020224067e-06 -0.001411543817902276
0.118285254972937 -5.286706351780165e-06 -0.001428534057877702
0.118996797888857 -5.350338566994112e-06 -0.001445728276841787
0.119712621078944 -5.414734683823532e-06 -0.001463128911559265
0.1204327502911136 -5.479903824182253e-06 -0.001480738426885134
0.1211572114281675 -5.545855215674583e-06 -0.001498559316233281
0.1218860305487253 -5.612598199061738e-06 -0.001516594103594
0.1226192338681618 -5.680142224563449e-06 -0.001534845342534643
0.12335684775955 -5.748496850681615e-06 -0.001553315615881756
0.1240988987546095 -5.817671751044118e-06 -0.001572007537570362
0.124845413544661 -5.887676715480124e-06 -0.001590923752934523
0.1255964189815867 -5.958521645882076e-06 -0.001610066937589197
0.1263519420787953 -6.030216560246538e-06 -0.001629439798522124
0.1271120100121947 -6.102771599066741e-06 -0.001649045075821174
0.1278766501211688 -6.176197019928851e-06 -0.001668885541214189
0.128645889909561 -6.250503198366158e-06 -0.001688963998299797
0.1294197570466637 -6.325700636296947e-06 -0.00170928328482743
0.1301982793682135 -6.401799959401135e-06 -0.001729846271988456
0.1309814848773924 -6.47881191461875e-06 -0.001750655863740241
0.1317694017458348 -6.556747376831604e-06 -0.001771714998611618
0.1325620583146414 -6.635617352204834e-06 -0.001793026650605812
0.1333594830953982 -6.715432972782109e-06 -0.00181459382774
0.1341617047712022 -6.796205499714144e-06 -0.001836419572917696
0.1349687521976928 -6.877946331692988e-06 -0.001858506966207795
0.1357806544040905 -6.960666999396578e-06 -0.001880859123343433
0.13659744059424 -7.044379165219534e-06 -0.001903479195649233
0.1374191401476617 -7.129094632296482e-06 -0.001926370372479526
0.1382457826206078 -7.214825343654792e-06 -0.001949535880989412
0.1390773977471256 -7.301583378167325e-06 -0.001972978985041134
0.1399140154401271 -7.389380956730665e-06 -0.001996702986873521
0.140755665792465 -7.478230448235843e-06 -0.002020711228715348
0.1416023790780148 -7.568144363017016e-06 -0.002045007091015089
0.1424541857527642 -7.65913535508735e-06 -0.002069593993045081
0.1433111164559082 -7.751216232288208e-06 -0.002094475395643957
0.1441732020109516 -7.844399951344334e-06 -0.002119654799880503
0.1450404734268171 -7.938699616131765e-06 -0.002145135746585617
0.1459129618989614 -8.034128486869271e-06 -0.002170921818835957
0.1467906988104967 -8.130699981733707e-06 -0.002197016642390428
0.1476737157333199 -8.228427671127875e-06 -0.002223423884141288
0.148562044429248 -8.327325283021871e-06 -0.002250147253557441
0.1494557168511607 -8.427406711729605e-06 -0.002277190505055969
0.1503547651441497 -8.528686010555459e-06 -0.002304557436015164
0.151259221646675 -8.631177392814506e-06 -0.002332251887050204
0.152169118891728 -8.734895243223332e-06 -0.002360277745091096
0.1530844896080017 -8.83985411447071e-06 -0.002388638942456028
0.1540053667210681 -8.946068723674203e-06 -0.002417339455893902
0.1549317833545624 -9.053553961292981e-06 -0.002446383308992684
0.1558637728313743 -9.162324895817557e-06 -0.002475774573446634
0.156801368674847 -9.27239676634246e-06 -0.002505517367049342
0.1577446046099826 -9.383784986776781e-06 -0.002535615854831483
0.1586935145646554 -9.496505157313625e-06 -0.00256607425215999
0.1596481326708324 -9.610573056940664e-06 -0.002596896822714325
0.1606084932658007 -9.726004642911352e-06 -0.002628087878343591
0.1615746308934029 -9.84281606284491e-06 -0.002659651782336094
0.1625465803052792 -9.961023653745497e-06 -0.002691592949154315
0.1635243764621181 -1.008064393636458e-05 -0.002723915842911556
0.1645080545349132 -1.020169362337351e-05 -0.00275662497958026
0.1654976499062288 -1.032418962758153e-05 -0.002789724929212637
0.1664931981714723 -1.044814905299929e-05 -0.002823220313525894
0.1674947351401746 -1.057358919768016e-05 -0.002857115806670014
0.1685022968372784 -1.070052756740213e-05 -0.002891416138924754
0.1695159195044337 -1.082898186908705e-05 -0.002926126094921462
0.1705356396013016 -1.095897000826663e-05 -0.002961250512958346
0.1715614938068656 -1.109051010132074e-05 -0.002996794288307421
0.172593519020751 -1.122362047784253e-05 -0.003032762373853588
0.1736317523645521 -1.135831967274114e-05 -0.003069159777960699
0.1746762311831677 -1.14946264332297e-05 -0.003105991566359788
0.1757269930461439 -1.163255973075742e-05 -0.003143262865373281
0.1767840757490262 -1.177213875105992e-05 -0.003180978859226464
0.1778475173147181 -1.191338289532797e-05 -0.003219144790363297
0.1789173559948495 -1.205631179544155e-05 -0.003257765963562843
0.1799936302711521 -1.220094530950504e-05 -0.003296847744732826
0.1810763788568441 -1.234730351685543e-05 -0.003336395559560778
0.1821656406980222 -1.249540672983156e-05 -0.003376414896694242
0.1832614549750625 -1.264527550026699e-05 -0.003416911309495226
0.1843638611040305 -1.279693060934494e-05 -0.003457890413298875
0.1854728987380978 -1.295039307301563e-05 -0.003499357886877311
0.1865886077689693 -1.310568415742896e-05 -0.003541319476609735
0.1877110283283176 -1.326282536889964e-05 -0.003583780993770878
0.1888402007892269 -1.342183845295198e-05 -0.003626748314272885
0.1899761657676448 -1.35827454103734e-05 -0.003670227383003187
0.1911189641238435 -1.374556849608913e-05 -0.003714224213520422
0.1922686369638894 -1.391033021135878e-05 -0.003758744885945853
0.1934252256411219 -1.407705331445706e-05 -0.003803795549849426
0.1945887717576404 -1.424576083183996e-05 -0.003849382427267029
0.1957593171658014 -1.441647604603835e-05 -0.003895511809429172
0.1969369039697233 -1.458922249919372e-05 -0.003942190057716394
0.1981215745268011 -1.476402401128588e-05 -0.003989423608584616
0.19931337144923 -1.494090467142766e-05 -0.00403721897121287
0.2005123376055381 -1.511988883418358e-05 -0.004085582726508541
0.2017185161221286 -1.530100113566411e-05 -0.004134521531456241
0.2029319503848305 -1.548426649689254e-05 -0.004184042120027596
0.2041526840404598 -1.566971011300147e-05 -0.00423415130026198
0.205380760998389 -1.58573574622375e-05 -0.004284855956699702
0.2066162254321268 -1.604723432196814e-05 -0.004336163054707283
0.2078591217809067 -1.62393667553199e-05 -0.00438807963686689
0.2091094947512857 -1.643378111242491e-05 -0.004440612823313189
0.2103673893187526 -1.663050405052519e-05 -0.004493769817165779
0.2116328507293451 -1.682956252818202e-05 -0.004547557902964474
0.2129059245012778 -1.703098379829504e-05 -0.004601984444783002
0.2141866564265795 -1.723479542341801e-05 -0.004657056890367487
0.2154750925727398 -1.744102528458061e-05 -0.004712782773520228
0.2167712792843669 -1.764970156754823e-05 -0.004769169710386921
0.2180752631848539 -1.786085276965485e-05 -0.004826225401302978
0.2193870911780562 -1.807450772025697e-05 -0.004883957636320446
0.2207068104499787 -1.829069556739789e-05 -0.004942374291604518
0.2220344684704725 -1.850944577616733e-05 -0.005001483328990296
0.2233701129949433 -1.873078814967493e-05 -0.005061292801650078
0.2247137920660681 -1.895475282774673e-05 -0.00512181085374114
0.2260655540155243 -1.918137027621755e-05 -0.005183045717512402
0.2274254474657272 -1.941067130064529e-05 -0.00524500571701019
0.2287935213315797 -1.964268706120595e-05 -0.005307699272103088
0.2301698248222314 -1.987744905645125e-05 -0.005371134894093008
0.2315544074428487 -2.01149891275686e-05 -0.00543532118686631
0.2329473189963953 -2.035533948225442e-05 -0.005500266853344658
0.2343486095854241 -2.059853268328695e-05 -0.005565980692397263
0.2357583296138787 -2.084460164322372e-05 -0.005632471597408065
0.237176529788907 -2.109357964518761e-05 -0.005699748561892389
0.2386032611226849 -2.134550034748352e-05 -0.005767820680744421
0.2400385749342508 -2.160039776897377e-05 -0.005836697146285471
0.2414825228513524 -2.185830630042743e-05 -0.005906387251330686
0.2429351568123028 -2.211926072556808e-05 -0.00597690039487644
0.2443965290678495 -2.238329620332375e-05 -0.00604824607730402
0.2458666921830531 -2.265044826898188e-05 -0.006120433900691736
0.2473456990391787 -2.29207528602039e-05 -0.006193473575844365
0.2488336028355976 -2.319424630954187e-05 -0.006267374920271068
0.250330457091701 -2.347096533477264e-05 -0.006342147855573546
0.2518363156488252 -2.375094705840225e-05 -0.006417802412716394
0.2533512326721881 -2.403422901933205e-05 -0.006494348735179403
0.2548752626528374 -2.432084915447325e-05 -0.006571797073989603
0.2564084604096108 -2.461084580710739e-05 -0.006650157789980365
0.2579508810911079 -2.490425775339702e-05 -0.006729441360954906
0.2595025801776736 -2.520112418486688e-05 -0.006809658376952496
0.261063613483394 -2.550148470568302e-05 -0.00689081953951324
0.2626340371581039 -2.580537935943182e-05 -0.006972935668914096
0.2642139076894062 -2.611284862753451e-05 -0.007056017703740471
0.2658032819047042 -2.642393341473602e-05 -0.007140076696965121
0.2674022169732455 -2.673867506625304e-05 -0.007225123820581763
0.2690107704081783 -2.70571153871067e-05 -0.007311170370829023
0.2706290000686201 -2.737929662063233e-05 -0.007398227762383488
0.2722569641617388 -2.77052614533502e-05 -0.007486307529675857
0.2738947212448469 -2.803505304544458e-05 -0.007575421335126751
0.2755423302275071 -2.836871501591869e-05 -0.007665580965135395
0.2771998503736515 -2.870629143503951e-05 -0.007756798328038121
0.2788673413037137 -2.904782685046069e-05 -0.007849085461167101
0.2805448629967726 -2.939336629322808e-05 -0.007942454532473114
0.2822324757927104 -2.974295525827698e-05 -0.00803691783525565
0.283930240394383 -3.009663971825466e-05 -0.008132487791897951
0.285638217869803 -3.045446615037968e-05 -0.008229176961124709
0.2873564696543368 -3.081648151322585e-05 -0.008326998031728823
0.2890850575529139 -3.118273324743455e-05 -0.008425963822763864
0.2908240437422505 -3.155326930838942e-05 -0.008526087292373186
0.2925734907730859 -3.192813815656793e-05 -0.008627381535182808
0.294333461572432 -3.230738874434547e-05 -0.008729859778735704
0.2961040194458372 -3.26910705400239e-05 -0.008833535389984611
0.2978852280796634 -3.307923354263321e-05 -0.008938421879291657
0.2996771515433765 -3.347192825776198e-05 -0.009044532893897402
0.3014798542918515 -3.386920570729793e-05 -0.00915188222055289
0.3032934011676903 -3.427111746263543e-05 -0.009260483794492722
0.3051178574035545 -3.467771562203549e-05 -0.009370351693317437
0.3069532886245115 -3.508905280623228e-05 -0.009481500135806356
0.3087997608503953 -3.550518219143343e-05 -0.00959394349083465
0.3106573404981812 -3.592615750717207e-05 -0.009707696276792957
0.3125260943843745 -3.635203301699201e-05 -0.009822773156368262
0.3144060897274139 -3.678286353901002e-05 -0.009939188942100094
0.3162973941500897 -3.721870446996308e-05 -0.01005695860287838
0.3182000756819758 -3.765961175734847e-05 -0.01017609725641536
0.3201142027618771 -3.81056419044896e-05 -0.01029662017061444
0.3220398442402905 -3.855685200792968e-05 -0.0104185427736744
0.3239770693818822 -3.901329973841598e-05 -0.01054188064895115
0.3259259478679787 -3.947504333029302e-05 -0.0106666495320916
0.3278865497990735 -3.994214161294668e-05 -0.01079286531953027
0.3298589456973481 -4.041465401797992e-05 -0.01092054407042825
0.3318432065092091 -4.089264055377376e-05 -0.01104970199979925
0.3338394036078401 -4.137616182140136e-05 -0.01118035548280983
0.3358476087957689 -4.186527904731118e-05 -0.01131252106361073
0.3378678943074497 -4.236005405364928e-05 -0.01144621544731764
0.3399003328118625 -4.286054925786476e-05 -0.01158145549990454
0.3419449974151257 -4.336682771184042e-05 -0.01171825825877735
0.3440019616631268 -4.387895308945814e-05 -0.01185664092941387
0.3460712995441669 -4.439698966895197e-05 -0.01199662088059542
0.3481530854916227 -4.492100236095098e-05 -0.01213821565198436
0.3502473943866234 -4.545105672602147e-05 -0.01228144295886418
0.3523543015607447 -4.59872189437244e-05 -0.01242632068377848
0.3544738827987177 -4.652955582302145e-05 -0.01257286687934277
0.3566062143411555 -4.707813484162546e-05 -0.01272109977887748
0.3587513728872951 -4.763302411743353e-05 -0.01287103778868883
0.3609094355977566 -4.819429240160413e-05 -0.01302269948619815
0.3630804800973185 -4.876200911691961e-05 -0.01317610363030794
0.3652645844777097 -4.933624435439255e-05 -0.01333126916048484
0.3674618273004187 -4.991706884824663e-05 -0.01348821518999918
0.369672287599519 -5.050455399887915e-05 -0.0136469610121297
0.3718960448845125 -5.109877190069744e-05 -0.01380752610768531
0.374133179143189 -5.169979530710724e-05 -0.01396993013554454
0.3763837708445035 -5.230769763477811e-05 -0.01413419293380807
0.3786479009414707 -5.292255300655299e-05 -0.01430033453139344
0.3809256508740766 -5.354443622757103e-05 -0.01446837514158315
0.3832171025722083 -5.417342277068875e-05 -0.01463833515808527
0.3855223384586003 -5.480958881163891e-05 -0.0148102351645338
0.3878414414518001 -5.545301123628266e-05 -0.01498409593644831
0.3901744949691499 -5.610376760854305e-05 -0.01515993843256915
0.3925215829297878 -5.67619361869362e-05 -0.01533778379932438
0.3948827897576659 -5.742759596118492e-05 -0.01551765338072326
0.3972582003845871 -5.810082661559377e-05 -0.01569956870845968
0.3996479002532602 -5.878170852636782e-05 -0.01588355150118772
0.402051975320373 -5.947032280473255e-05 -0.01606962367617313
0.4044705120596843 -6.016675128086905e-05 -0.01625780734495244
0.4069035974651345 -6.087107648104546e-05 -0.01644812480715359
0.4093513190539743 -6.158338165729544e-05 -0.01664059855851545
0.4118137648699132 -6.230375080569149e-05 -0.01683525129582544
0.4142910234862858 -6.303226862834629e-05 -0.01703210590665187
0.4167831840092382 -6.376902054265274e-05 -0.01723118547184068
0.4192903360809331 -6.451409272346211e-05 -0.01743251327691255
0.4218125698827739 -6.526757206833834e-05 -0.01763611280267411
0.4243499761386489 -6.602954618692682e-05 -0.01784200772234531
0.4269026461181943 -6.680010344100958e-05 -0.0180502219123828
0.429470671640077 -6.757933293834672e-05 -0.01826077945081581
0.4320541450752978 -6.836732450163665e-05 -0.01847370460885886
0.4346531593505136 -6.916416869081199e-05 -0.01868902185693631
0.43726780795138 -6.996995683104656e-05 -0.01890675587225029
0.4398981849259138 -7.078478097090407e-05 -0.01912693152747189
0.4425443848878763 -7.160873388377078e-05 -0.01934957389112828
0.4452065030201759 -7.244190911117627e-05 -0.0195747082393086
0.4478846350782926 -7.328440093367943e-05 -0.01980236004779688
0.4505788773937215 -7.413630435146951e-05 -0.02003255498683028
0.4532893268774382 -7.499771511832679e-05 -0.02026531893027567
0.4560160810233846 -7.586872974600227e-05 -0.02050067795681308
0.458759237911976 -7.67494454659987e-05 -0.02073865833960842
0.4615188962136283 -7.763996024313241e-05 -0.02097928654997809
0.464295155192308 -7.854037281012158e-05 -0.02122258926673519
0.4670881147091019 -7.945078262491987e-05 -0.02146859336466047
0.4698978752258099 -8.037128986377501e-05 -0.02171732591262669
0.4727245378085577 -8.130199546122308e-05 -0.02196881418440564
0.4755682041314329 -8.224300108917147e-05 -0.022223085653016
0.4784289764801414 -8.319440912876067e-05 -0.02248016798312011
0.4813069577556875 -8.415632269563878e-05 -0.02274008903785342
0.4842022514780743 -8.512884565355727e-05 -0.02300287688249827
0.487114961790028 -8.611208257092496e-05 -0.02326855977274419
0.4900451934607434 -8.710613872503617e-05 -0.02353716615583044
0.4929930518896525 -8.811112013812336e-05 -0.02380872468028787
0.4959586431102161 -8.912713353758014e-05 -0.02408326418519065
0.4989420737937372 -9.015428634015583e-05 -0.02436081369588549
0.5019434512531983 -9.119268668449535e-05 -0.0246414024327843
0.504962883447121 -9.224244341908283e-05 -0.02492505980810641
0.5080004789834501 -9.330366606648357e-05 -0.0252118154162163
0.5110563471234592 -9.437646483805801e-05 -0.02550169903759947
0.5141305977856812 -9.546095065312849e-05 -0.02579474064404159
0.5172233415498623 -9.655723509319577e-05 -0.02609097038625721
0.520334689660939 -9.76654303967841e-05 -0.02639041859249681
0.52346475403304 -9.87856494908376e-05 -0.02669311577703052
0.5266136472535116 -9.991800595682953e-05 -0.02699909263099041
0.5297814825869668 -0.0001010626140062857 -0.02730838001575664
0.5329683739793606 -0.0001022195885023935 -0.02762100896879644
0.5361744360620875 -0.0001033890449549664 -0.02793701070230349
0.5393997841561053 -0.0001045710994793327 -0.02825641659208912
0.5426445342760833 -0.0001057658687995797 -0.02857925817845897
0.5459088031345746 -0.0001069734702673229 -0.02890556717128459
0.5491927081462149 -0.0001081940218170052 -0.02923537543792483
0.5524963674319456 -0.0001094276419516168 -0.02956871499936709
0.5558198998232626 -0.0001106744497637016 -0.02990561803590351
0.5591634248664905 -0.0001119345649078666 -0.03024611687970274
0.5625270628270829 -0.0001132081075692228 -0.03059024400628219
0.565910934693948 -0.0001144951984715561 -0.03093803203671604
0.5693151621838011 -0.0001157959588744948 -0.03128951373686965
0.5727398677455418 -0.0001171105105303252 -0.03164472200573083
0.5761851745646592 -0.0001184389756759845 -0.03200368987324608
0.5796512065676627 -0.0001197814770436116 -0.03236645050317153
0.5831380884265391 -0.0001211381378198507 -0.03273303718207641
0.5866459455632378 -0.0001225090816234259 -0.03310348331328324
0.5901749041541815 -0.0001238944325109713 -0.03347782241844335
0.5937250911348052 -0.0001252943149530736 -0.03385608813106322
0.5972966342041217 -0.0001267088537987604 -0.03423831418690878
0.6008896618293151 -0.0001281381742690754 -0.03462453442226936
0.6045043032503616 -0.0001295824019485387 -0.03501478277165013
0.6081406884846782 -0.0001310416627437225 -0.03540909325657876
0.6117989483317994 -0.0001325160828651519 -0.03580749998071484
0.6154792143780822 -0.0001340057888215244 -0.03621003712828778
0.619181619001439 -0.000135510907383353 -0.03661673895427288
0.6229062953760992 -0.0001370315655549481 -0.03702763977682041
0.6266533774773996 -0.0001385678905617105 -0.03744277397382194
0.6304230000866031 -0.0001401200098227892 -0.03786217597552236
0.6342152987957473 -0.00014168805091614 -0.03828588025507804
0.6380304100125211 -0.00014327214155797 -0.0387139213230026
0.6418684709651717 -0.0001448724095780801 -0.03914633372050411
0.6457296197074404 -0.0001464889828833044 -0.03958315200960603
0.6496139951235281 -0.0001481219894315878 -0.04002441076614255
0.6535217369330918 -0.0001497715572031296 -0.04047014457196124
0.6574529856962692 -0.0001514378141640113 -0.04092038800509495
0.6614078828187353 -0.0001531208882373263 -0.04137517563196055
0.6653865705567885 -0.0001548209072705571 -0.04183454199854392
0.6693891920224675 -0.0001565379989936325 -0.04229852161906648
0.673415891188699 -0.0001582722909898472 -0.04276714896812725
0.6774668128944764 -0.0001600239106633082 -0.0432404584719065
0.6815421028500694 -0.0001617929851868801 -0.04371848449409992
0.6856419076422656 -0.0001635796414705509 -0.0442012613273707
0.6897663747396426 -0.0001653840061319552 -0.04468882318538445
0.693915652497873 -0.0001672062054398384 -0.04518120418753255
0.6980898901650602 -0.0001690463652676649 -0.04567843834639659
0.702289237887107 -0.0001709046110707184 -0.04618055956156042
0.7065138467131162 -0.0001727810678346167 -0.04668760160569839
0.7107638686008243 -0.0001746758600038596 -0.04719959810526789
0.7150394564220665 -0.0001765891114632381 -0.04771658253548619
0.7193407639682761 -0.0001785209454971186 -0.04823858820932814
0.7236679459560159 -0.0001804714847002932 -0.04876564825343713
0.728021158032544 -0.0001824408509452791 -0.04929779559928883
0.7324005567814114 -0.0001844291653565849 -0.0498350629762376
0.736806299728095 -0.0001864365482248299 -0.05037748288831057
0.7412385453456634 -0.0001884631189342068 -0.05092508759460705
0.7456974530604773 -0.0001905089959537721 -0.05147790910694511
0.7501831832579239 -0.0001925742967707768 -0.05203597917184673
0.754695897288186 -0.0001946591377730705 -0.05259932923876197
0.7592357574720454 -0.0001967636342421544 -0.05316799045819159
0.7638029271067222 -0.0001988879003107504 -0.05374199367022201
0.7683975704717476 -0.0002010320488300995 -0.05432136936866738
0.7730198528348741 -0.0002031961913222809 -0.05490614768818582
0.7776699404580188 -0.0002053804379687219 -0.05549635840117453
0.7823480006032453 -0.0002075848974969997 -0.05609203088718229
0.7870542015387785 -0.0002098096770604833 -0.05669319410038712
0.7917887125450584 -0.0002120548822518451 -0.05729987657324739
0.7965517039208285 -0.0002143206170272817 -0.05791210639602529
0.8013433469892614 -0.0002166069835282311 -0.05852991116861249
0.8061638141041211 -0.0002189140820792566 -0.05915331799995853
0.8110132786559631 -0.0002212420111546464 -0.05978235349904544
0.8158919150783704 -0.000223590867200104 -0.06041704372670644
0.8207998988542287 -0.0002259607445474709 -0.06105741417258274
0.8257374065220374 -0.0002283517354304623 -0.06170348975937566
0.8307046156822607 -0.0002307639298503513 -0.06235529480655283
0.8357017050037151 -0.0002331974153828036 -0.06301285297815248
0.8407288542299962 -0.000235652277218277 -0.06367618729369984
0.8457862441859444 -0.0002381285980862188 -0.06434532010772437
0.8508740567841485 -0.000240626458006912 -0.06502027304270562
0.8559924750314897 -0.0002431459342760028 -0.06570106698489211
0.8611416830357236 -0.0002456871014559407 -0.06638772208198861
0.8663218660121029 -0.0002482500311555667 -0.06708025768359796
0.8715332102900397 -0.0002508347918764153 -0.06777869229968995
0.8767759033198074 -0.0002534414490693721 -0.06848304361591105
0.882050133679283 -0.000256070064989462 -0.06919332845434613
0.8873560910807308 -0.0002587206984062974 -0.06990956269527822
0.8926939663776258 -0.0002613934046672222 -0.07063176129425061
0.8980639515715189 -0.0002640882356357904 -0.07135993826544307
0.9034662398189428 -0.000266805239371385 -0.07209410659510089
0.9089010254383604 -0.0002695444600700052 -0.07283427822553482
0.9143685039171535 -0.0002723059381005123 -0.07358046406491517
0.9198688719186553 -0.0002750897097521034 -0.074332673919036
0.9254023272892237 -0.0002778958069757515 -0.07509091642144917
0.9309690690653579 -0.0002807242574928723 -0.07585519906282726
0.9365692974808579 -0.0002835750846526229 -0.07662552815240399
0.9422032139740265 -0.0002864483070312483 -0.07740190870971277
0.9478710211949153 -0.0002893439384976372 -0.07818434448230036
0.9535729230126136 -0.0002922619881881704 -0.07897283793893098
0.9593091245225821 -0.0002952024601200474 -0.07976739016510205
0.9650798320540293 -0.0002981653530462813 -0.08056800082386219
0.9708852531773335 -0.0003011506605588347 -0.08137466818367962
0.9767255967115094 -0.0003041583708205684 -0.08218738904601164
0.9826010727317186 -0.000307188466165346 -0.08300615863724758
0.9885118925768263 -0.0003102409232611374 -0.08383097065278164
0.9944582688570029 -0.0003133157129882812 -0.08466181722411774
1.000440415461372 -0.0003164127999253356 -0.08549868877994012
1.006458547565703 -0.0003195321423783192 -0.08634157405401448
1.012512881640152 -0.0003226736924213085 -0.08719046009615797
1.018603635457047 -0.0003258373954590924 -0.08804533215406291
1.024731028098722 -0.0003290231899457633 -0.08890617359725672
1.030895279965397 -0.0003322310075751815 -0.08977296596856772
1.037096612783106 -0.0003354607730195129 -0.09064568891347467
1.043335249611672 -0.0003387124033610104 -0.09152432002656713
1.04961141485273 -0.0003419858082942312 -0.09240883490618708
1.055925334257799 -0.0003452808900526509 -0.09329920713459905
1.062277234936404 -0.0003485975427915382 -0.09419540811123515
1.068667345364243 -0.0003519356525261549 -0.09509740703599619
1.075095895391404 -0.0003552950972714843 -0.0960051709470077
1.081563116250635 -0.0003586757465801597 -0.09691866459576264
1.088069240565661 -0.0003620774610722907 -0.09783785032007453
1.094614502359551 -0.0003655000927259887 -0.09876268812258109
1.101199137063137 -0.0003689434846481238 -0.0996931356087999
1.107823381523478 -0.0003724074703328952 -0.1006291477867849
1.114487474012384 -0.0003758918738598286 -0.1015706771206276
1.121191654234987 -0.0003793965099082002 -0.1025176735343548
1.127936163338358 -0.0003829211830616137 -0.1034700842240166
1.134721243920186 -0.0003864656875885761 -0.1044278535983951
1.141547140037501 -0.0003900298077142516 -0.1053909233524359
1.148414097215454 -0.0003936133171687577 -0.1063592323451919
1.155322362456149 -0.00039721597848564 -0.1073327164102623
1.162272184247527 -0.0004008375433874299 -0.1083113084599758
1.169263812572304 -0.0004044777526216812 -0.1092949384410845
1.176297498916961 -0.0004081363350650421 -0.1102835330926741
1.183373496280794 -0.0004118130078489038 -0.1112770159801149
1.19049205918501 -0.0004155074765090362 -0.1122753075354958
1.197653443681885 -0.0004192194342516051 -0.1132783248592927
1.204857907363973 -0.000422948561506445 -0.1142859815996572
1.212105709373372 -0.0004266945263563083 -0.1152981880684051
1.219397110411042 -0.0004304569841365149 -0.1163148511328369
1.22673237274619 -0.0004342355764858466 -0.1173358739592776
1.234111760225694 -0.0004380299317915259 -0.1183611561333152
1.241535538283603 -0.0004418396651363841 -0.1193905936455254
1.249003973950675 -0.0004456643772887728 -0.1204240786185325
1.256517335863991 -0.0004495036546725717 -0.1214614992989056
1.264075894276612 -0.0004533570696997825 -0.1225027401470292
1.271679921067302 -0.0004572241800515857 -0.1235476816428363
1.279329689750306 -0.0004611045279459858 -0.1245962000879166
1.287025475485191 -0.0004649976407328421 -0.1256481677663012
1.294767555086741 -0.0004689030305877146 -0.1267034528617363
1.302556207034913 -0.0004728201933430096 -0.1277619191418437
1.310391711484858 -0.0004767486089158742 -0.1288234260737437
1.318274350276994 -0.0004806877414270045 -0.1298878288561581
1.326204406947145 -0.0004846370381376173 -0.1309549781321672
1.334182166736741 -0.0004885959291773698 -0.1320247199156898
1.342207916603075 -0.0004925638280993969 -0.1330968957414614
1.350281945229628 -0.0004965401312394442 -0.1341713424918641
1.358404543036452 -0.0005005242166708458 -0.1352478921145484
1.366576002190616 -0.0005045154449425897 -0.1363263718218676
1.374796616616712 -0.0005085131589184223 -0.137406604047402
1.383066682007434 -0.0005125166824544546 -0.1384884060886316
1.391386495834208 -0.0005165253207093124 -0.1395715901907423
1.399756357357896 -0.000520538360497989 -0.1406559636422415
1.408176567639557 -0.0005245550692559231 -0.1417413284950392
1.416647429551278 -0.0005285746944540524 -0.1428274814063878
1.425169247787069 -0.0005325964643964323 -0.1439142138544089
1.433742328873819 -0.0005366195877222535 -0.145001312003532
1.442366981182327 -0.0005406432520763765 -0.1460885563452567
1.45104351493839 -0.0005446666249231156 -0.147175721918047
1.459772242233963 -0.0005486888535947122 -0.1482625783204294
1.468553477038385 -0.0005527090639115805 -0.1493488893381662
1.477387535209671 -0.000556726360273058 -0.1504344129687772
1.486274734505876 -0.0005607398262981339 -0.1515189015946729
1.495215394596523 -0.0005647485239092223 -0.1526021017355781
1.504209837074101 -0.0005687514924040078 -0.1536837537977334
1.513258385465633 -0.0005727477494837829 -0.1547635923517645
1.522361365244312 -0.0005767362909577496 -0.1558413460527812
1.531519103841213 -0.0005807160892296407 -0.1569167372314429
1.540731930657063 -0.0005846860940737374 -0.157989482103649
1.550000177074097 -0.0005886452329660395 -0.1590592908600247
1.55932417646797 -0.0005925924097659772 -0.1601258673097035
1.568704264219756 -0.0005965265045105163 -0.1611889088246912
1.578140777728008 -0.0006004463743680812 -0.1622481065976286
1.587634056420891 -0.0006043508529357969 -0.163303145451897
1.597184441768398 -0.0006082387490058962 -0.164353703508286
1.606792277294626 -0.0006121088477671564 -0.1653994525096371
1.616457908590138 -0.000615959910773089 -0.1664400578122477
1.626181683324388 -0.0006197906743944046 -0.1674751779677081
1.635963951258232 -0.0006235998504397406 -0.1685044648906298
1.645805064256506 -0.0006273861268274137 -0.1695275640401613
1.655705376300682 -0.0006311481664600038 -0.1705441141158869
1.665665243501602 -0.0006348846067004929 -0.1715537469162723
1.675685024112287 -0.0006385940606262701 -0.1725560876775133
1.685765078540822 -0.0006422751166200405 -0.1735507549629935
1.695905769363321 -0.0006459263369601703 -0.1745373602823782
1.70610746133697 -0.0006495462590877294 -0.1755155084339853
1.716370521413142 -0.0006531333959014889 -0.1764847975844971
1.726695318750602 -0.0006566862343526666 -0.177444818889243
1.737082224728785 -0.0006602032358317752 -0.178395156596731
1.747531612961148 -0.0006636828372008627 -0.1793353883275715
1.758043859308618 -0.0006671234499878155 -0.180265084856768
1.768619341893104 -0.0006705234596113811 -0.1811838099043092
1.779258441111101 -0.0006738812268723798 -0.1820911205381121
1.789961539647373 -0.0006771950878938724 -0.1829865671578551
1.800729022488719 -0.0006804633527552678 -0.1838696931258968
1.811561276937818 -0.0006836843066915936 -0.1847400350913339
1.822458692627162 -0.0006868562107627549 -0.1855971231708428
1.83342166153307 -0.0006899773007716951 -0.1864404806563539
1.844450577989788 -0.0006930457874181098 -0.1872696240565865
1.855545838703674 -0.0006960598576562237 -0.1880840634639372
1.866707842767465 -0.0006990176743088758 -0.1888833024502011
1.877936991674634 -0.0007019173752190324 -0.1896668378372995
1.88923368933383 -0.0007047570748643719 -0.1904341601335615
1.90059834208341 -0.0007075348646824318 -0.1911847536215822
1.912031358706049 -0.000710248812002673 -0.1919180960696539
1.923533150443451 -0.0007128969610957638 -0.1926336590152948
1.935104131011135 -0.0007154773342096573 -0.1933309080452107
1.946744716613318 -0.0007179879309712868 -0.1940093026336254
1.958455325957888 -0.0007204267284241041 -0.194668296152424
1.970236380271462 -0.0007227916826124981 -0.1953073362992829
1.982088303314539 -0.0007250807286666555 -0.1959258651205996
1.994011521396743 -0.000727291780166921 -0.1965233188397357
2.006006463392153 -0.0007294227307422912 -0.1970991282889489
2.018073560754737 -0.0007314714547819396 -0.1976527191016568
2.030213247533863 -0.0007334358069065185 -0.198183511569576
2.042425960389917 -0.0007353136228966344 -0.1986909208936071
2.05471213861001 -0.0007371027210083395 -0.1991743575392977
2.067072224123773 -0.0007388009019646667 -0.1996332272345543
2.079506661519261 -0.0007404059491298852 -0.2000669310167291
2.092015898058938 -0.0007419156301644679 -0.2004748656798124
2.104600383695769 -0.0007433276975703926 -0.2008564239217797
2.117260571089404 -0.0007446398886107249 -0.2012109943228623
2.129996915622458 -0.0007458499267966793 -0.2015379617473697
2.142809875416892 -0.000746955522918122 -0.2018367076221441
2.155699911350493 -0.0007479543752380169 -0.2021066099891026
2.16866748707345 -0.0007488441704810227 -0.202347043772368
2.181713069025031 -0.0007496225852537315 -0.202557381162035
2.194837126450363 -0.0007502872866474205 -0.2027369917770418
2.208040131417308 -0.0007508359329200926 -0.2028852428494653
2.221322558833443 -0.0007512661750437182 -0.2030014996426057
2.234684886463145 -0.0007515756576341216 -0.203085125702253
2.248127594944775 -0.0007517620197232568 -0.2031354830653656
2.261651167807962 -0.0007518228961851587 -0.2031519326453808
2.275256091491004 -0.0007517559189075516 -0.2031338345487968
2.288942855358358 -0.0007515587177916882 -0.2030805483453428
2.302711951718243 -0.0007512289221448383 -0.2029914334442464
2.316563875840352 -0.0007507641619592493 -0.2028658494398244
2.330499125973664 -0.0007501620690430496 -0.2027031564170677
2.344518203364364 -0.0007494202786249089 -0.20250271538524
2.358621612273878 -0.0007485364306729989 -0.2022638886342774
2.372809859997005 -0.0007475081710372916 -0.2019860400434522
2.387083456880169 -0.0007463331532531273 -0.2016685355687189
2.401442916339774 -0.0007450090401493791 -0.2013107436772609
2.415888754880671 -0.0007435335048681331 -0.2009120356230203
2.430421492114737 -0.0007419042326114847 -0.2004717859187041
2.445041650779565 -0.0007401189229033684 -0.1999893729469594
2.459749756757268 -0.0007381752904600652 -0.1994641791955948
2.474546339093393 -0.0007360710666601995 -0.198895591654792
2.489431930015952 -0.0007338040023938247 -0.1982830025869647
2.504407064954564 -0.0007313718692068701 -0.1976258098360018
2.519472282559719 -0.0007287724603480906 -0.1969234171101669
2.534628124722145 -0.0007260035936050867 -0.1961752347484259
2.549875136592308 -0.0007230631135248679 -0.1953806803204712
2.565213866600017 -0.0007199488919053026 -0.1945391787595172
2.580644866474148 -0.0007166588300715343 -0.1936501629774171
2.596168691262497 -0.0007131908624824345 -0.1927130748391707
2.611785899351737 -0.000709542957001625 -0.1917273652361585
2.627497052487508 -0.0007057131163990814 -0.1906924944918937
2.64330271579462 -0.0007016993825506606 -0.1896079334967866
2.659203457797384 -0.000697499837701357 -0.1884731640494927
2.675199850440056 -0.000693112604973419 -0.1872876789942115
2.691292469107416 -0.0006885358520203536 -0.186050983208045
2.707481892645458 -0.0006837677944002101 -0.1847625945125003
2.723768703382218 -0.0006788066951519225 -0.1834220435590122
2.740153487148712 -0.0006736508672424073 -0.18202887449018
2.756636833300016 -0.0006682986788153783 -0.1805826463580623
2.77321933473646 -0.0006627485528870504 -0.1790829330419526
2.789901587924954 -0.0006569989684252736 -0.1775293235399747
2.806684192920446 -0.0006510484657249922 -0.1759214234215989
2.823567753387507 -0.0006448956482883687 -0.1742588553356751
2.840552876622036 -0.0006385391822749628 -0.172541258861864
2.857640173573115 -0.0006319778005417636 -0.1707682916023044
2.874830258864976 -0.0006252103076612244 -0.1689396305375491
2.892123750819116 -0.0006182355783017677 -0.1670549715889566
2.909521271476531 -0.0006110525593802849 -0.1651140302003238
2.927023446620097 -0.0006036602768811664 -0.1631165431804729
2.944630905797074 -0.0005960578353177114 -0.1610622685577177
2.962344282341753 -0.0005882444177946405 -0.1589509855967553
2.980164213398238 -0.0005802192920889523 -0.1567824964417893
2.998091339943359 -0.0005719818137234948 -0.1545566269470472
3.016126306809736 -0.000563531423873497 -0.1522732261110993
3.034269762708964 -0.0005548676531946434 -0.149932167111252
3.052522360254954 -0.0005459901287017386 -0.1475333491622491
3.070884755987404 -0.000536898570931262 -0.1450766967495583
3.089357610395416 -0.0005275927952268422 -0.1425621599767228
3.107941587941251 -0.0005180727196486936 -0.1399897167025894
3.126637357084233 -0.0005083383647671648 -0.1373593724855232
3.14544559030479 -0.0004983898520862873 -0.1346711601574304
3.164366964128648 -0.0004882274101045871 -0.1319251414614655
3.183402159151157 -0.0004778513790243052 -0.1291214083245212
3.202551860061779 -0.0004672622068052836 -0.1262600817909393
3.221816755668715 -0.0004564604521238386 -0.1233413128220351
3.241197538923678 -0.0004454467928048434 -0.1203652845745519
3.260694906946819 -0.0004342220221338968 -0.1173322114041621
3.280309561051807 -0.000422787048621537 -0.1142423388017553
3.300042206771049 -0.000411142904166386 -0.111095945599222
3.319893553881069 -0.0003992907447749638 -0.1078933441639558
3.339864316428041 -0.0003872318468563212 -0.1046348793976177
3.359955212753471 -0.000374967612398508 -0.1013209301348818
3.380166965520037 -0.000362499575361027 -0.09795191087075625
3.400500301737581 -0.0003498293958965214 -0.09452827019921142
3.42095595278926 -0.0003369588618195317 -0.09105049121005604
3.441534654457853 -0.0003238898976865078 -0.0875190939424699
3.46223714695223 -0.0003106245609517689 -0.08393463434629622
3.483064174933973 -0.0002971650395989212 -0.08029770364202118
3.504016487544163 -0.0002835136595002375 -0.07660893030937019
3.525094838430328 -0.0002696728864103963 -0.07286898062604086
3.546299985773546 -0.0002556453199532055 -0.06907855704284101
3.567632692315724 -0.0002414336970914857 -0.06523839912129427
3.589093725387028 -0.0002270408996260122 -0.06134928555994779
3.610683856933487 -0.000212469947045568 -0.05741203226236742
3.632403863544755 -0.0001977239959568645 -0.05342749218309508
3.654254526482051 -0.0001828063485402768 -0.04939655761249404
3.676236631706256 -0.0001677204492394817 -0.04532015928224774
3.698350969906183 -0.0001524698798829118 -0.04119926504711582
3.720598336527025 -0.0001370583651717649 -0.03703488136786279
3.742979531798957 -0.0001214897761214185 -0.03282805424117117
3.765495360765927 -0.0001057681213238677 -0.02857986683864309
3.788146633314612 -8.989754812921753e-05 -0.02429143982605433
3.810934164203546 -7.388235109722354e-05 -0.01996393364706604
3.833858773092431 -5.772696352245632e-05 -0.01559854623321846
3.856921284571616 -4.143595430739242e-05 -0.01119651215900098
3.880122528191761 -2.501403460091109e-05 -0.006759104435656888
3.903463338493672 -8.466055428726043e-06 -0.002287633870896422
3.926944555038322 8.202999474381281e-06 0.00221655286792328
3.950567022437048 2.498801093829565e-05 0.006752072517127053
3.974331590381932 4.18837209731463e-05 0.0113175043022087
3.998239113676364 5.888474212420194e-05 0.01591139246564042
4.02229045226579 7.598555880609959e-05 0.02053224662739805
4.046486471268643 9.318052175397138e-05 0.02517854028558636
4.070828041007458 0.0001104638553801533 0.02984871280431348
4.095316037040186 0.0001278296630489504 0.03454117083899835
4.119951340191675 0.0001452719236183141 0.03925428740188883
4.144734836585366 0.0001627844935423975 0.04398640243019826
4.169667417675155 0.0001803611155385198 0.04873582512802758
4.194749980277468 0.0001979954188303893 0.05350083403208707
4.219983426603512 0.000215680916997512 0.05827967643057991
4.24536866429173 0.0002334110175340405 0.0630705709461223
4.270906606440451 0.0002511790255273347 0.06787170852973656
4.296598171640729 0.0002689781413346895 0.07268125183307399
4.322444284009386 0.0002868014672446439 0.07749733700838364
4.348445873222255 0.0003046420143936223 0.08231807557747534
4.374603874547618 0.0003224927029100592 0.0871415544706637
4.400919228879844 0.0003403463645467777 0.09196583673806992
4.42739288277324 0.0003581957516956265 0.0967889639854891
4.454025788476091 0.00037603354037601 0.1016089571819285
4.480818903964917 0.0003938523309517469 0.1064238168533115
4.50777319297893 0.0004116446568492088 0.1112315254382275
4.534889625054696 0.0004294029898842689 0.1160300487273404
4.562169175561013 0.0004471197419443497 0.1208173363178982
4.589612825733993 0.0004647872713843415 0.1255913233419906
4.617221562712357 0.0004823978902373233 0.1303499324149754
4.644996379572944 0.0004999438676950541 0.1350910745759511
4.672938275366425 0.0005174174348149366 0.1398126505596368
4.701048255153248 0.0005348107923983101 0.1445125529251858
4.729327330039782 0.0005521161158352107 0.1491886673652998
4.757776517214689 0.0005693255599130196 0.1538388740055861
4.786396839985513 0.0005864312661964142 0.1584610493987122
4.815189327815487 0.0006034253686810879 0.1630530680521118
4.844155016360561 0.0006202999993748644 0.1676128039360711
4.873294947506656 0.0006370472955026759 0.1721381324306047
4.902610169407141 0.0006536594052950428 0.1766269318895738
4.932101736520533 0.0006701284937656806 0.1810770852018692
4.961770709648425 0.0006864467508935894 0.1854864820023126
4.991618155973645 0.0007026063971777652 0.18985302017261
5.021645149098641 0.0007185996889464114 0.1941746072759665
5.051852769084097 0.0007344189273508946 0.1984491629873655
5.082242102487784 0.0007500564648885153 0.2026746208561027
5.112814242403641 0.0007655047095513151 0.2068489294268456
5.1435702885011 0.000780756133180404 0.2109700544970772
5.174511347064628 0.0007958032808481733 0.2150359816522871
5.205638531033534 0.0008106387735616656 0.2190447169964554
5.23695296004199 0.0008252553147188975 0.2229942888966322
5.26845576045931 0.0008396457023119065 0.2268827512803528
5.300148065430462 0.000853802831798549 0.2307081844116338
5.332031014916829 0.0008677197000616516 0.2344686959607848
5.364105755737212 0.000881389417509035 0.2381624242739863
5.39637344160908 0.000894805214860589 0.2417875402072415
5.42883523319007 0.0009079604438920383 0.2453422473273522
5.461492298119737 0.0009208485866859414 0.2488247844116527
5.494345811061548 0.000933463268150178 0.2522334288306627
5.52739695374514 0.0009457982545821008 0.2555664961601027
5.560646915008824 0.0009578474589422434 0.2588223416059153
5.594096890842349 0.0009696049562409472 0.2619993641619247
5.627748084429916 0.0009810649844504348 0.2650960068562895
5.661601706193463 0.0009922219451510071 0.268110756926114
5.695658973836199 0.001003070416705132 0.2710421493772507
5.729921112386407 0.001013605162511708 0.2738887692147058
5.764389354241504 0.001023821126938893 0.2766492503436392
5.799064939212376 0.001033713443300266 0.2793222777246216
5.833949114567966 0.001043277449360961 0.2819065915635871
5.869043135080146 0.001052508681817048 0.2844009858200916
5.904348263068843 0.001061402878549053 0.2868043088162431
5.939865768447451 0.001069955995144356 0.2891154677012596
5.975596928768503 0.001078164205212504 0.2913334285366698
6.01154302926963 0.001086023896170422 0.2934572151574263
6.047705362919785 0.001093531681026706 0.2954859123561668
6.084085230465758 0.001100684408667453 0.2974186686625749
6.120683940478954 0.001107479154583285 0.2992546938377055
6.15750280940247 0.001113913225691275 0.3009932601769303
6.194543161598441 0.001119984177172942 0.3026337070597735
6.231806329395683 0.001125689804193837 0.3041754387124406
6.269293653137611 0.001131028139639091 0.3056179235959359
6.307006481230453 0.001135997469130409 0.3069606984638407
6.344946170191752 0.001140596331991808 0.308203368623269
6.383114084699157 0.001144823511606168 0.3093456053290862
6.421511597639515 0.001148678043599746 0.3103871479954668
6.460140090158249 0.001152159227533442 0.3113278073550219
6.499000951709037 0.001155266613328631 0.3121674617908878
6.538095580103793 0.001158000001719002 0.3129060574588197
6.577425381562945 0.001160359459739411 0.3135436124724725
6.616991770766014 0.001162345311638364 0.3140802144478405
6.656796170902505 0.001163958131449636 0.3145160184960161
6.696840013723089 0.001165198754059758 0.3148512502137633
6.737124739591115 0.001166068277243444 0.3150862062335148
6.777651797534409 0.001166568047331357 0.3152212503506241
6.818422645297399 0.00116669966247638 0.3152568144059523
6.859438749393552 0.001166464983853401 0.3151934013121894
6.900701585158119 0.001165866119844703 0.3150315807805509
6.942212636801205 0.001164905421743619 0.3147719881598495
6.983973397461158 0.001163585495254407 0.3144153275439068
7.025985369258271 0.001161909192134649 0.3139623695132239
7.068250063348816 0.001159879598250525 0.3134139479073683
7.110768999979402 0.001157500039174736 0.312770961337601
7.153543708541653 0.001154774082538873 0.3120343738225189
7.196575727627224 0.001151705520986929 0.3112052101818769
7.239866605083138 0.001148298370447128 0.3102845555696185
7.28341789806747 0.00114455687823719 0.3092735576640171
7.327231173105349 0.00114048550757555 0.308173422482414
7.37130800614531 0.001136088929143207 0.3069854121011267
7.41564998261598 0.001131372026855271 0.3057108462149906
7.460258697483103 0.001126339890773724 0.3043511002222999
7.505135755306914 0.001120997802549984 0.3029076012912065
7.550282770299852 0.001115351235392025 0.3013818283508348
7.59570136638462 0.001109405855058208 0.2997753123598275
7.641393177252606 0.001103167502785618 0.2980896316933702
7.687359846422636 0.001096642189604433 0.2963264106068609
7.733603027300095 0.001089836099366106 0.2944873200541644
7.780124383236402 0.001082755575300139 0.2925740740550841
7.826925587588838 0.001075407109252892 0.2905884267875531
7.874008323780734 0.001067797341577627 0.2885321725579245
7.921374285362025 0.001059933054502384 0.2864071440088868
7.969025176070168 0.001051821157726691 0.2842152082275162
8.016962709891423 0.001043468684034932 0.2819582655599538
8.065188611122505 0.001034882787047167 0.2796382490036489
8.113704614432605 0.001026070726681953 0.277257120279232
8.162512464925786 0.00101703986136565 0.2748168677253708
8.211613918203758 0.001007797645471808 0.2723195056068627
8.26101074042902 0.0009983516183554501 0.2697670711515596
8.310704708388393 0.0009887093938502189 0.2671616217123662
8.360697609556926 0.0009788786554926516 0.2645052334767796
8.410991242162195 0.0009688671490599775 0.261799999450509
8.461587415248985 0.0009586826710423115 0.2590480263425183
8.512487948744354 0.0009483330620563367 0.2562514327853211
8.563694673523104 0.000937826200385297 0.2534123475894059
8.615209431473632 0.0009271699914231383 0.2505329068909113
8.667034075564182 0.0009163723601563357 0.2476152521201222
8.719170469909495 0.0009054412441338837 0.2446615281018727
8.771620489837867 0.000894384584185706 0.2416738805475451
8.824386021958594 0.0008832103168658204 0.2386544540131185
8.877468964229841 0.0008719263673164535 0.2356053899709637
8.930871226026907 0.0008605406398137756 0.2325288242551824
8.984594728210904 0.0008490610109948897 0.2294268852314553
9.038641403197854 0.0008374953235046113 0.2263016920803227
9.09301319502819 0.0008258513759519301 0.2231553520832949
9.147712059436689 0.0008141369160874043 0.2199899587792992
9.202739963922818 0.0008023596361625858 0.2168075907107384
9.258098887821502 0.0007905271637077667 0.2136103089315231
9.313790822374321 0.0007786470515795361 0.2104001543177967
9.369817770801134 0.0007667267774951712 0.2071791474421229
9.426181748372137 0.0007547737371720716 0.2039492867196745
9.482884782480346 0.0007427952282758074 0.2007125440707959
9.539928912714528 0.0007307984526877369 0.1974708655337415
9.597316190932558 0.000718790513611988 0.1942261704829465
9.655048681335227 0.0007067784024824909 0.1909803480911429
9.713128460540494 0.000694768987189628 0.1877352541480539
9.771557617658175 0.0006827690317953299 0.1844927163876588
9.830338254365088 0.0006707851897698455 0.1812545326606837
9.889472484980656 0.0006588239092603052 0.1780224453369847
9.948962436542953 0.0006468915506320608 0.1747981730666858
10.00881024888521 0.0006349943934652375 0.1715834126707338
10.06901807471279 0.0006231384970625985 0.1683798014483824
10.12958807968063 0.0006113297836026877 0.1651889396462093
10.1905224424711 0.0005995740440066077 0.1620123920433928
10.25182335487242 0.0005878769038424344 0.1588516787386593
10.31349302185747 0.0005762438285947074 0.1557082765741649
10.3755336616631 0.000564680128073194 0.1525836203267988
10.43794750586993 0.0005531909489655266 0.1494791006958128
10.50073679948262 0.0005417812657240373 0.1463960618403304
10.56390380101059 0.0005304558878326697 0.1433358033429568
10.62745078254932 0.000519219458680331 0.1402995799053451
10.69138002986203 0.000508076444013137 0.1372885982278481
10.7556938424619 0.0004970311361477631 0.1343040181480186
10.82039453369479 0.0004860876583555276 0.1313469538252437
10.88548443082247 0.0004752499566588757 0.1284184715240519
10.95096587510631 0.0004645217966180368 0.1255195887458283
11.01684122189147 0.0004539067724277377 0.1226512766868595
11.08311284069168 0.000443408304224251 0.1198144595106649
11.14978311527443 0.0004330296289881349 0.1170100118898034
11.21685444374672 0.0004227738104121779 0.1142387616723147
11.28432923864131 0.0004126437415451663 0.1115014905960992
11.35220992700354 0.0004026421359771403 0.1087989319070634
11.42049895047856 0.000392771532179939 0.1061317715319896
11.48919876539923 0.0003830343015855548 0.1035006502614082
11.55831184287442 0.0003734326441607375 0.1009061625538004
11.62784066887791 0.0003639685851710736 0.09834885566121193
11.69778774433782 0.0003546439867155043 0.09582923274602403
11.76815558522656 0.0003454605485529994 0.09334775310433095
11.83894672265132 0.0003364198010586477 0.0909048302625875
11.91016370294514 0.0003275231152011383 0.08850083467364929
11.98180908775847 0.0003187717082446027 0.08613609525748156
12.05388545415131 0.0003101666386123602 0.08381089801327896
12.12639539468595 0.0003017088094203025 0.08152548697423039
12.19934151752018 0.0002933989785219852 0.0792800669218279
12.27272644650111 0.0002852377577805374 0.07707480318912778
12.34655282125957 0.0002772256107814184 0.07490982104270878
12.42082329730504 0.0002693628632039312 0.07278520848518442
12.49554054612116 0.0002616497080947982 0.07070101768018926
12.57070725526186 0.0002540862048318737 0.06865726467236073
12.64632612844798 0.0002466722666829599 0.06665392602557628
12.72239988566455 0.0002394077123316759 0.06469095274588607
12.79893126325863 0.0002322922813042111 0.06276827445001468
12.87592301403773 0.0002253254187470113 0.06088574120960467
12.95337790736882 0.000218506551204765 0.05904319806987163
13.03129872927796 0.0002118351546065504 0.05724050342030976
13.10968828255048 0.0002053104168283517 0.05547743781487101
13.18854938683184 0.0001989314408652443 0.05375375887162616
13.26788487872902 0.0001926972787571392 0.05206921043992446
13.34769761191256 0.0001866068672696554 0.05042350522056219
13.42799045721921 0.0001806590551737835 0.04881633213708859
13.50876630275517 0.0001748526105986767 0.04724735832262163
13.59002805400002 0.0001691862187416209 0.04571622850105336
13.67177863391118 0.0001636584856448567 0.04422256600759436
13.7540209830291 0.000158267946477961 0.04276597502677674
13.83675805958297 0.0001530130685107831 0.04134604139577849
13.91999283959716 0.0001478922516889096 0.03996233275992128
14.00372831699829 0.000142903835869792 0.03861440052796256
14.08796750372286 0.0001380461055621879 0.03730178115275166
14.17271342982564 0.0001333172910016887 0.03602399642185083
14.25796914358864 0.00012871557273674 0.03478055469673523
14.34373771163077 0.0001242390873913215 0.03357095246994098
14.43002221901811 0.0001198859298667152 0.03239467496001027
14.51682576937491 0.0001156541559161913 0.03125119680720396
14.60415148499523 0.0001115417879072774 0.03013998363053829
14.69200250695523 0.0001075468179073462 0.02906049286154945
14.78038199522615 0.0001036672096101986 0.02801217426488026
14.86929312878798 9.990090293391654e-05 0.02699447118067747
14.95873910574384 9.624581765529777e-05 0.02600682150666141
15.04872314343496 9.269985558416019e-05 0.02504865828565011
15.13924847855642 8.926090384429401e-05 0.02411941059211358
15.2303183672736 8.592683853770072e-05 0.02321850452229693
15.3219360853393 8.269552709431261e-05 0.0223453638291439
15.41410492821153 7.956483096682572e-05 0.02149941065047437
15.50682821117208 7.653260880635528e-05 0.0206800663670861
15.60010926944577 7.359671870443416e-05 0.01988675220857073
15.69395145832038 7.075502073970178e-05 0.01911888994146088
15.7883581532674 6.800537967947813e-05 0.01837590259922921
15.88333275006339 6.534566686262499e-05 0.017657214991061
15.97887866491215 6.277376242857334e-05 0.01696225430416521
16.07499933456759 6.028755802752742e-05 0.01629045083610544
16.17169821645737 5.788495816716036e-05 0.0156412383586939
16.26897878880723 5.556388187117218e-05 0.01501405456615448
16.36684455076612 5.332226550824639e-05 0.01440834183954216
16.46529902253208 5.115806391257609e-05 0.01382354754952314
16.56434574547881 4.90692513182363e-05 0.01325912430885393
16.66398828228309 4.705382380877091e-05 0.01271453063429028
16.76423021705294 4.510980095571443e-05 0.01218923138933626
16.86507515545651 4.323522590525023e-05 0.01168269780766036
16.96652672485178 4.142816699384662e-05 0.01119440792966057
17.06858857441703 3.968672018156572e-05 0.01072384725997477
17.17126437528214 3.80090085945468e-05 0.01027050864385407
17.27455782066058 3.63931831840596e-05 0.009833892445247171
17.37847262598229 3.483742528839173e-05 0.009413507239054408
17.48301252902732 3.3339946612285e-05 0.009008869805571128
17.58818129006027 3.189898883928971e-05 0.00861950502574101
17.69398269196554 3.051282547452938e-05 0.008244946379094084
17.80042054038342 2.917976304227548e-05 0.007884736267346388
17.90749866384694 2.789813978122707e-05 0.007538425661848231
18.01522091391964 2.666632640171008e-05 0.007205574308188893
18.12359116533404 2.548272823852319e-05 0.006885751307922456
18.23261331613107 2.434578379103427e-05 0.006578534724083642
18.34229128780023 2.325396441616365e-05 0.006283511498228053
18.45262902542071 2.220577630396065e-05 0.006000277984257616
18.56363049780323 2.119976008438508e-05 0.00572843984216804
18.67529969763284 2.023448942719132e-05 0.00546761165972001
18.78764064161249 1.930857209294409e-05 0.005217417236436766
18.90065737060757 1.842065098884709e-05 0.004977489868902191
19.0143539497912 1.756940209225048e-05 0.004747471789666599
19.12873446879051 1.675353443022125e-05 0.004527014161726405
19.24380304183367 1.597179180778622e-05 0.004315777545516952
19.35956380789796 1.522295111368739e-05 0.004113431441106452
19.47602093085858 1.450582128145959e-05 0.00391965400746621
19.59317859963845 1.381924456282534e-05 0.003734132406557796
19.71104102835891 1.316209620917967e-05 0.003556562717266278
19.82961245649123 1.253328251930352e-05 0.003386649407868007
19.94889714900919 1.193174117512223e-05 0.003224105426756752
20.06889939654243 1.135644220364451e-05 0.003068652462371619
20.18962351553079 1.080638573609533e-05 0.002920020337686784
20.31107384837959 1.028060143703225e-05 0.00277794685595159
20.4332547636158 9.778149720449792e-06 0.002642178129297146
20.55617065604522 9.298120312151634e-06 0.00251246819027133
20.67982594691049 8.839630805384771e-06 0.002388578601553116
20.80422508405019 8.401827298237064e-06 0.002270278628185348
20.92937254205879 7.98388429861675e-06 0.002157345211899016
21.05527282244758 7.585002663427964e-06 0.002049562414252754
21.18193045380665 7.20440943350824e-06 0.001946721372030893
21.30934999196772 6.841358630954436e-06 0.00184862051269088
21.43753602016806 6.495129297028008e-06 0.001755065024180785
21.5664931492153 6.165024617634298e-06 0.001665866618632891
21.69622601765332 5.850372653109877e-06 0.001580843729561341
21.82673929192908 5.550525344672454e-06 0.001499821243392503
21.95803766656046 5.264856976763636e-06 0.001422630083970782
22.09012586430514 4.992764345731228e-06 0.001349107258138691
22.22300863633048 4.733666853039915e-06 0.001279095880923532
22.35669076238438 4.48700465851115e-06 0.001212444676519764
22.49117705096725 4.252238245943054e-06 0.001149007860914077
22.62647233950495 4.02884899015501e-06 0.001088645295107917
22.76258149452277 3.816337689024745e-06 0.001031222088455581
22.89950941182054 3.614223593348003e-06 0.0009766083365201905
23.03726101664865 3.422044754874304e-06 0.0009246792151172936
23.17584126388527 3.239357455590105e-06 0.0008753148261000565
23.31525513821456 3.065734804545824e-06 0.0008283998182044025
23.45550765430593 2.900766625029455e-06 0.0007838233565619165
23.59660385699449 2.744059633969517e-06 0.0007414791711767612
23.73854882146243 2.595235980414032e-06 0.0007012651620044502
23.88134765342164 2.453932715338566e-06 0.0006630832556873622
24.02500548929732 2.319802132382993e-06 0.0006268394976260681
24.16952749641275 2.192510801997965e-06 0.0005924437909936494
24.31491887317515 2.071738658776389e-06 0.0005598096501212685
24.46118484926266 1.957179095480372e-06 0.0005288542259054236
24.60833068581249 1.848538699255797e-06 0.0004994982345298339
24.7563616756101 1.745536105890145e-06 0.0004716656478715993
24.90528314327963 1.647901760500816e-06 0.0004452836288361962
25.05510044547539 1.555378090515166e-06 0.0004202825780988438
25.20581897107455 1.467718469035301e-06 0.0003965958539927302
25.357444141371 1.38468669552539e-06 0.0003741596321842397
25.5099814102703 1.306057160005666e-06 0.0003529129500402226
25.66343626448592 1.231614277715247e-06 0.0003327975538668308
25.81781422373652 1.161151721735035e-06 0.000313757691554646
25.97312084094457 1.094472376159628e-06 0.0002957400999251448
26.12936170243603 1.031388251624897e-06 0.0002786939819051953
26.28654242814131 9.717196311835774e-07 0.0002625707757319791
26.44466867179741 9.152948054165992e-07 0.000247324083376766
26.6037461211513 8.619501915281166e-07 0.0002329097027258767
26.76378049816449 8.115296696394006e-07 0.0002192854482390079
26.92477755921884 7.638841310029514e-07 0.0002064110288710441
27.08674309532363 7.188715271437372e-07 0.0001942480613506346
27.24968293232387 6.763565760891225e-07 0.0001827599907998521
27.41360293110984 6.36210171095427e-07 0.0001719119309647273
27.57850898782788 5.98309274981468e-07 0.0001616706356628531
27.74440703409252 5.625369166610019e-07 0.0001520044978464065
27.91130303719981 5.287816049849024e-07 0.0001428833912149879
28.07920300034196 4.969370886111504e-07 0.000134278605329494
28.24811296282329 4.669024179320209e-07 0.0001261628623456171
28.41803900027744 4.385815575729778e-07 0.0001185102123062086
28.58898722488593 4.118830266279257e-07 0.0001112959359283526
28.76096378559799 3.867198851112801e-07 0.0001044965409425463
28.93397486835177 3.630096006691921e-07 9.808972607640844e-05
29.1080266962968 3.406736254759106e-07 9.205426672679469e-05
29.28312553001787 3.196372816652174e-07 8.636998400194065e-05
29.4592776677602 2.998297793853302e-07 8.101774960012234e-05
29.63648944565603 2.811838463003538e-07 7.597938569632272e-05
29.81476723795246 2.636355310303701e-07 7.123761182929001e-05
29.99411745724076 2.471242234538105e-07 6.677605038749229e-05
30.17454655468706 2.315924476489986e-07 6.257917065933725e-05
30.35606102026435 2.169855956917849e-07 5.863221690196976e-05
30.53866738298595 2.032518880991202e-07 5.492119765263148e-05
30.72237221114033 1.903423230173389e-07 5.143287199870074e-05
30.90718211252742 1.782103933439663e-07 4.815467314047325e-05
31.09310373469621 1.668119870741768e-07 4.50746814635309e-05
31.28014376518396 1.561054011366723e-07 4.218162827736906e-05
31.46830893175665 1.460511256867668e-07 3.946483752869483e-05
31.65760600265105 1.366116942157599e-07 3.691418529910856e-05
31.84804178681812 1.277516801777709e-07 3.452009889363231e-05
32.03962313416796 1.194375959967292e-07 3.227352955113782e-05
32.23235693581619 1.116377084952447e-07 3.016590257092293e-05
32.42625012433181 1.043219950545187e-07 2.818910546657237e-05
32.62130967398656 9.746212847767909e-08 2.633548387584177e-05
32.81754260100581 9.103130025115414e-08 2.459779380367448e-05
33.01495596382091 8.500414277862198e-08 2.296918060884382e-05
33.21355686332307 7.935673415172488e-08 2.144318029305962e-05
33.4133524431188 7.406648186171274e-08 2.001368807840254e-05
33.61434988978685 6.911201557793396e-08 1.867492943473369e-05
33.81655643313671 6.447317372231337e-08 1.742145645195089e-05
34.01997934646867 6.013095884274008e-08 1.624813578132105e-05
34.22462594683541 5.606741719005239e-08 1.515011609567795e-05
34.43050359530524 5.226560105728139e-08 1.412281791301579e-05
34.63761969722685 4.870956532790543e-08 1.316193266378439e-05
34.84598170249565 4.53842647437082e-08 1.22633949313819e-05
35.0555971058218 4.227549717497556e-08 1.142336712305378e-05
35.26647344699975 3.936990192889478e-08 1.063823901280112e-05
35.47861831117944 3.665490161482844e-08 9.904612032651851e-06
35.69203932913916 3.411862991924996e-08 9.219279756546695e-06
35.90674417756002 3.174991640623381e-08 8.57922379324181e-06
36.12274057930207 2.95382687922442e-08 7.981608996735426e-06
36.34003630368208 2.747379897448511e-08 7.423763478204522e-06
36.55863916675303 2.554719463624189e-08 6.903170933413637e-06
36.77855703158521 2.374971794157337e-08 6.417470290004381e-06
36.9997978085491 2.20731500971037e-08 5.964440727399479e-06
37.22236945559986 2.050975219095253e-08 5.541991094992792e-06
37.4462799785636 1.905226062894235e-08 5.14815867895557e-06
37.67153743142533 1.769386022509371e-08 4.78110193095231e-06
37.89814991661868 1.642813828405619e-08 4.439088060640345e-06
38.12612558531732 1.52490716059709e-08 4.120489524221466e-06
38.35547263772817 1.415102006580766e-08 3.823782289498646e-06
38.58619932338635 1.312868396159755e-08 3.547534310836018e-06
38.81831394145193 1.217708420807896e-08 3.290400177234747e-06
39.05182484100842 1.129156082835404e-08 3.051120704759779e-06
39.2867404213631 1.046774507656612e-08 2.828515403739249e-06
39.52306913234914 9.70153387131901e-09 2.62147557035519e-06
39.76081947462954 8.989084840851713e-09 2.428962947787875e-06
40.00000000000288 8.326804810224161e-09 2.250006615309682e-06
