##########################################################################################
#
# SZ signal computed with SZpack v1.1.1
# Runmode: CNSN-basis
#
# General parameters:
# xmin= 0.1 xmax= 40 np= 1000
# Dtau= 0.01
# Te= 18keV (The ~ 0.0352251)
# betac= 0 muc= 1
# betao= 0 muo= 1
#
# Runmode specific parameters:
# eps= 0
# Te_order= 20 beta_order= 2
#
##########################################################################################
#
# Output format: x = (h nu/k T0) | x^3 Dn(x) | DI(x) in MJy/sr 
# Here a CMB temperature of T0 = 2.726 K is assumed.
#
##########################################################################################
0.1 -6.635268825997993e-06 -0.001792932474473565
0.1006015482792701 -6.715181615639803e-06 -0.001814525907902093
0.1012067151618632 -6.796054939804886e-06 -0.001836378889750556
0.1018155224154252 -6.877900300678249e-06 -0.001858494528052941
0.1024279919385451 -6.960729333657631e-06 -0.001880875966838978
0.1030441457615424 -7.044553809683046e-06 -0.001903526386763614
0.1036640060472596 -7.129385644796816e-06 -0.001926449007690248
0.1042875950918594 -7.215236895312718e-06 -0.00194964708738538
0.1049149353256267 -7.302119756422547e-06 -0.001973123921142083
0.1055460493137754 -7.390046571062375e-06 -0.001996882844175778
0.10618095975726 -7.479029831131525e-06 -0.002020927231953618
0.1068196894935924 -7.569082172277946e-06 -0.002045260498785427
0.1074622614976628 -7.660216379209273e-06 -0.002069886099258817
0.1081086988825668 -7.752445393785185e-06 -0.002094807530425847
0.1087590249004362 -7.845782308088014e-06 -0.00212002832993061
0.1094132629432757 -7.940240365638331e-06 -0.002145552076337702
0.1100714365438043 -8.035832972262758e-06 -0.002171382392068841
0.1107335693763015 -8.132573692588724e-06 -0.002197522942455705
0.1113996852574591 -8.230476246961529e-06 -0.002223977434906885
0.1120698081472377 -8.329554520148049e-06 -0.002250749621259736
0.1127439621497288 -8.42982256545689e-06 -0.002277843298893688
0.1134221715140214 -8.531294597878281e-06 -0.002305262308876571
0.1141044606350749 -8.633984998372941e-06 -0.002333010537123507
0.1147908540545956 -8.737908324643307e-06 -0.002361091917307441
0.1154813764619206 -8.843079303946465e-06 -0.002389510428917097
0.1161760526949047 -8.949512832887911e-06 -0.002418270097201259
0.1168749077408149 -9.057223989107091e-06 -0.00244737499632634
0.1175779667372284 -9.166228030009568e-06 -0.002476829249033803
0.118285254972937 -9.276540387699568e-06 -0.002506637025270871
0.118996797888857 -9.388176677080991e-06 -0.002536802544379522
0.119712621078944 -9.501152703372854e-06 -0.002567330077127255
0.1204327502911136 -9.615484453739289e-06 -0.002598223943445408
0.1211572114281675 -9.731188100319375e-06 -0.002629488513247859
0.1218860305487253 -9.848280013287583e-06 -0.002661128209960126
0.1226192338681618 -9.966776754374086e-06 -0.002693147508768463
0.12335684775955 -1.008669507480028e-05 -0.002725550936062023
0.1240988987546095 -1.020805192724833e-05 -0.002758343072667171
0.124845413544661 -1.033086446773488e-05 -0.002791528554353788
0.1255964189815867 -1.045515004836329e-05 -0.002825112069876833
0.1263519420787953 -1.058092622438771e-05 -0.002859098362885145
0.1271120100121947 -1.070821076538952e-05 -0.002893492234941457
0.1278766501211688 -1.08370216458147e-05 -0.002928298542965471
0.128645889909561 -1.096737704646152e-05 -0.002963522199635862
0.1294197570466637 -1.10992953692341e-05 -0.002999168177376856
0.1301982793682135 -1.123279523254368e-05 -0.003035241507115616
0.1309814848773924 -1.136789546692489e-05 -0.003071747277097682
0.1317694017458348 -1.150461512671583e-05 -0.003108690636043095
0.1325620583146414 -1.164297349589287e-05 -0.003146076794723021
0.1333594830953982 -1.178299007860783e-05 -0.003183911023402776
0.1341617047712022 -1.192468460482682e-05 -0.003222198653365524
0.1349687521976928 -1.206807704507141e-05 -0.003260945080895516
0.1357806544040905 -1.221318760069168e-05 -0.00330015576464974
0.13659744059424 -1.236003670338691e-05 -0.003339836225528429
0.1374191401476617 -1.250864503097516e-05 -0.003379992050936166
0.1382457826206078 -1.265903350589941e-05 -0.003420628894378252
0.1390773977471256 -1.281122328814042e-05 -0.003461752473545663
0.1399140154401271 -1.296523578600994e-05 -0.003503368573231496
0.140755665792465 -1.312109266657721e-05 -0.003545483048148372
0.1416023790780148 -1.327881584420288e-05 -0.00358810181983012
0.1424541857527642 -1.343842748443786e-05 -0.003631230877685322
0.1433111164559082 -1.35999500217535e-05 -0.00367487628378822
0.1441732020109516 -1.376340615088343e-05 -0.00371904417053917
0.1450404734268171 -1.392881882378452e-05 -0.003763740739843463
0.1459129618989614 -1.409621126569069e-05 -0.003808972267449259
0.1467906988104967 -1.426560697792116e-05 -0.003854745103706411
0.1476737157333199 -1.443702972784842e-05 -0.003901065670855689
0.148562044429248 -1.461050355822115e-05 -0.003947940465547944
0.1494557168511607 -1.478605280248625e-05 -0.003995376062984321
0.1503547651441497 -1.496370207192292e-05 -0.004043379113439719
0.151259221646675 -1.514347625741259e-05 -0.00409195634274105
0.152169118891728 -1.53254005493268e-05 -0.004141114557641186
0.1530844896080017 -1.550950043151727e-05 -0.004190860644195022
0.1540053667210681 -1.56958016751105e-05 -0.004241201566082669
0.1549317833545624 -1.58843303540635e-05 -0.004292144368812836
0.1558637728313743 -1.607511285333738e-05 -0.004343696181931412
0.156801368674847 -1.626817585590513e-05 -0.004395864215510825
0.1577446046099826 -1.646354635009137e-05 -0.00444865576213332
0.1586935145646554 -1.66612516495857e-05 -0.004502078202298822
0.1596481326708324 -1.686131938034133e-05 -0.004556139000884786
0.1606084932658007 -1.706377747963529e-05 -0.004610845706892247
0.1615746308934029 -1.726865421717973e-05 -0.004666205959150357
0.1625465803052792 -1.747597819338601e-05 -0.004722227485847326
0.1635243764621181 -1.768577832950161e-05 -0.004778918101865294
0.1645080545349132 -1.789808388186085e-05 -0.004836285712631036
0.1654976499062288 -1.811292445620819e-05 -0.004894338317986324
0.1664931981714723 -1.83303299920742e-05 -0.004953084007966093
0.1674947351401746 -1.855033076771656e-05 -0.005012530964133575
0.1685022968372784 -1.877295742397776e-05 -0.005072687466026946
0.1695159195044337 -1.899824095277272e-05 -0.005133561888048531
0.1705356396013016 -1.922621269264437e-05 -0.00519516269826388
0.1715614938068656 -1.945690435009789e-05 -0.005257498464166528
0.172593519020751 -1.969034800370115e-05 -0.005320577853785997
0.1736317523645521 -1.992657609027655e-05 -0.005384409631956655
0.1746762311831677 -2.016562141706956e-05 -0.00544900266360581
0.1757269930461439 -2.040751718254003e-05 -0.005514365919371774
0.1767840757490262 -2.065229695897234e-05 -0.005580508470904924
0.1778475173147181 -2.089999469448948e-05 -0.005647439491411911
0.1789173559948495 -2.115064473959673e-05 -0.00571516826282811
0.1799936302711521 -2.140428183935974e-05 -0.005783704173704033
0.1810763788568441 -2.166094112467081e-05 -0.005853056716845371
0.1821656406980222 -2.192065813274453e-05 -0.005923235494851167
0.1832614549750625 -2.218346881840292e-05 -0.005994250223163205
0.1843638611040305 -2.244940953635273e-05 -0.00606611072527712
0.1854728987380978 -2.271851705060184e-05 -0.006138826935286821
0.1865886077689693 -2.299082856132678e-05 -0.006212408905144429
0.1877110283283176 -2.326638168733972e-05 -0.006286866799922641
0.1888402007892269 -2.354521446439253e-05 -0.006362210897356467
0.1899761657676448 -2.382736537312052e-05 -0.006438451595393979
0.1911189641238435 -2.411287333703703e-05 -0.006515599411654424
0.1922686369638894 -2.440177770889873e-05 -0.006593664979743945
0.1934252256411219 -2.469411828928062e-05 -0.0066726590542748
0.1945887717576404 -2.498993534598438e-05 -0.006752592516109722
0.1957593171658014 -2.528926959290402e-05 -0.006833476366651164
0.1969369039697233 -2.559216219614858e-05 -0.006915321729495726
0.1981215745268011 -2.589865480574491e-05 -0.006998139859000638
0.19931337144923 -2.620878954042551e-05 -0.007081942136173252
0.2005123376055381 -2.652260898117722e-05 -0.007166740066927812
0.2017185161221286 -2.684015619922136e-05 -0.007252545289646042
0.2029319503848305 -2.716147476181996e-05 -0.00733936957674605
0.2041526840404598 -2.748660871341971e-05 -0.007427224829587209
0.205380760998389 -2.781560259128305e-05 -0.00751612308269385
0.2066162254321268 -2.814850145329193e-05 -0.007606076511268199
0.2078591217809067 -2.848535085463554e-05 -0.007697097424891107
0.2091094947512857 -2.882619684993387e-05 -0.007789198268095862
0.2103673893187526 -2.917108602816269e-05 -0.007882391629805356
0.2116328507293451 -2.95200655025138e-05 -0.007976690240592192
0.2129059245012778 -2.987318289819795e-05 -0.008072106969382894
0.2141866564265795 -3.0230486379031e-05 -0.008168654830641801
0.2154750925727398 -3.059202466270705e-05 -0.008266346988498078
0.2167712792843669 -3.095784699684062e-05 -0.008365196750271994
0.2180752631848539 -3.132800317079325e-05 -0.008465217569670632
0.2193870911780562 -3.17025435511642e-05 -0.008566423056377911
0.2207068104499787 -3.208151905853301e-05 -0.008668826969770137
0.2220344684704725 -3.246498116454901e-05 -0.008772443218129554
0.2233701129949433 -3.285298192831394e-05 -0.008877285868475384
0.2247137920660681 -3.324557399403339e-05 -0.008983369145929209
0.2260655540155243 -3.364281057234254e-05 -0.009090707428668965
0.2274254474657272 -3.404474546406538e-05 -0.009199315254348958
0.2287935213315797 -3.445143308600102e-05 -0.009309207327067678
0.2301698248222314 -3.486292844262999e-05 -0.009420398509722466
0.2315544074428487 -3.527928713344353e-05 -0.009532903825989982
0.2329473189963953 -3.570056539430988e-05 -0.009646738471503902
0.2343486095854241 -3.612682007753852e-05 -0.009761917808468008
0.2357583296138787 -3.655810864259873e-05 -0.00987845736314826
0.237176529788907 -3.699448919211288e-05 -0.009996372835598595
0.2386032611226849 -3.743602047976276e-05 -0.01011568010179734
0.2400385749342508 -3.788276188482223e-05 -0.01023639520676562
0.2414825228513524 -3.833477343176445e-05 -0.01035853436986544
0.2429351568123028 -3.87921158266634e-05 -0.01048211399463588
0.2443965290678495 -3.925485042629995e-05 -0.01060715066044514
0.2458666921830531 -3.97230392400772e-05 -0.01073366112300808
0.2473456990391787 -4.019674497501883e-05 -0.01086166232654538
0.2488336028355976 -4.067603102267254e-05 -0.01099117140024461
0.250330457091701 -4.116096144225576e-05 -0.01112220565370609
0.2518363156488252 -4.165160099435394e-05 -0.01125478258604849
0.2533512326721881 -4.21480151610014e-05 -0.011388919891335
0.2548752626528374 -4.265027011371005e-05 -0.01152463544993425
0.2564084604096108 -4.315843272784753e-05 -0.01166194733240549
0.2579508810911079 -4.367257062841454e-05 -0.01180087381186815
0.2595025801776736 -4.419275215956934e-05 -0.01194143335576704
0.261063613483394 -4.47190463798047e-05 -0.01208364462456907
0.2626340371581039 -4.52515231081691e-05 -0.01222752648425278
0.2642139076894062 -4.579025292136552e-05 -0.01237309800552444
0.2658032819047042 -4.633530712851056e-05 -0.01252037845699761
0.2674022169732455 -4.688675780067305e-05 -0.01266938731317484
0.2690107704081783 -4.744467780414607e-05 -0.01282014426343823
0.2706290000686201 -4.800914076312635e-05 -0.01297266920196488
0.2722569641617388 -4.85802210680049e-05 -0.01312698222996718
0.2738947212448469 -4.915799392788806e-05 -0.0132831036698846
0.2755423302275071 -4.974253534475813e-05 -0.01344105405840161
0.2771998503736515 -5.033392210027292e-05 -0.01360085414288071
0.2788673413037137 -5.093223180073358e-05 -0.01376252489351335
0.2805448629967726 -5.153754288725728e-05 -0.01392608750606869
0.2822324757927104 -5.214993460192609e-05 -0.01409156339274659
0.283930240394383 -5.27694870114927e-05 -0.01425897418858322
0.285638217869803 -5.339628105353373e-05 -0.01442834176392225
0.2873564696543368 -5.403039849618123e-05 -0.01459968821353378
0.2890850575529139 -5.467192193918489e-05 -0.0147730358569014
0.2908240437422505 -5.532093487006697e-05 -0.01494840725339591
0.2925734907730859 -5.597752164725001e-05 -0.01512582519771625
0.294333461572432 -5.66417674771154e-05 -0.01530531271369043
0.2961040194458372 -5.731375845522157e-05 -0.01548689306541319
0.2978852280796634 -5.79935815915584e-05 -0.01567058976407008
0.2996771515433765 -5.868132476868002e-05 -0.01585642655662437
0.3014798542918515 -5.937707675828432e-05 -0.01604442743029711
0.3032934011676903 -6.008092727813543e-05 -0.01623461662794825
0.3051178574035545 -6.079296695282155e-05 -0.01642701863747291
0.3069532886245115 -6.151328730598005e-05 -0.01662165818970053
0.3087997608503953 -6.224198081682434e-05 -0.01681856027366913
0.3106573404981812 -6.297914091614824e-05 -0.01701775013554563
0.3125260943843745 -6.372486195286233e-05 -0.01721925326958356
0.3144060897274139 -6.447923922909913e-05 -0.01742309542760893
0.3162973941500897 -6.524236904122078e-05 -0.01762930263010099
0.3182000756819758 -6.601434863165536e-05 -0.01783790115317782
0.3201142027618771 -6.679527619734815e-05 -0.01804891753087999
0.3220398442402905 -6.758525095364847e-05 -0.01826237857243352
0.3239770693818822 -6.838437310132242e-05 -0.01847831135333636
0.3259259478679787 -6.919274380807286e-05 -0.01869674321036485
0.3278865497990735 -7.001046526217035e-05 -0.01891770175606547
0.3298589456973481 -7.083764068437494e-05 -0.01914121488197622
0.3318432065092091 -7.167437428399708e-05 -0.0193673107467538
0.3338394036078401 -7.252077128586637e-05 -0.01959601778346082
0.3358476087957689 -7.337693798592253e-05 -0.01982736471458726
0.3378678943074497 -7.424298169999931e-05 -0.02006138053821117
0.3399003328118625 -7.511901076283099e-05 -0.02029809452773024
0.3419449974151257 -7.600513459462146e-05 -0.02053753624984964
0.3440019616631268 -7.690146367932348e-05 -0.02077973555871272
0.3460712995441669 -7.780810953409714e-05 -0.02102472258764836
0.3481530854916227 -7.872518475686477e-05 -0.0212725277620209
0.3502473943866234 -7.965280305579718e-05 -0.0215231818071977
0.3523543015607447 -8.059107919602748e-05 -0.02177671573415047
0.3544738827987177 -8.154012901703776e-05 -0.02203316084415349
0.3566062143411555 -8.250006949931662e-05 -0.02229254874679521
0.3587513728872951 -8.347101871511235e-05 -0.02255491134667118
0.3609094355977566 -8.445309581621519e-05 -0.02282028084008267
0.3630804800973185 -8.544642109885797e-05 -0.02308868973257362
0.3652645844777097 -8.645111599735302e-05 -0.02336017083721127
0.3674618273004187 -8.746730304100495e-05 -0.02363475726294343
0.369672287599519 -8.84951058927225e-05 -0.02391248242503191
0.3718960448845125 -8.953464939576001e-05 -0.02419338005768264
0.374133179143189 -9.058605951360154e-05 -0.02447748419780157
0.3763837708445035 -9.164946333672661e-05 -0.02476482918682295
0.3786479009414707 -9.272498915488451e-05 -0.02505544969023865
0.3809256508740766 -9.381276641587768e-05 -0.02534938068646098
0.3832171025722083 -9.491292570027857e-05 -0.02564665745999084
0.3855223384586003 -9.602559878046171e-05 -0.02594731561736894
0.3878414414518001 -9.715091863215024e-05 -0.02625139109029579
0.3901744949691499 -9.828901937944166e-05 -0.02655892012077701
0.3925215829297878 -9.944003632220778e-05 -0.02686993926852711
0.3948827897576659 -0.0001006041059972755 -0.0271844854275013
0.3972582003845871 -0.0001017813661157124 -0.02750259580894926
0.3996479002532602 -0.000102971955557668 -0.02782430794002129
0.402051975320373 -0.000104176014444441 -0.02814965968324159
0.4044705120596843 -0.0001053936841104693 -0.02847868922893981
0.4069035974651345 -0.000106625107064031 -0.02881143508463176
0.4093513190539743 -0.0001078704270365313 -0.02914793608833758
0.4118137648699132 -0.0001091297890123157 -0.02948823141663746
0.4142910234862858 -0.0001104033391638342 -0.0298323605671523
0.4167831840092382 -0.0001116912248664333 -0.03018036336254059
0.4192903360809331 -0.0001129935947682696 -0.03053227996939008
0.4218125698827739 -0.0001143105987309122 -0.03088815088216761
0.4243499761386489 -0.0001156423878106711 -0.03124801691817405
0.4269026461181943 -0.0001169891143248079 -0.03161191923543508
0.429470671640077 -0.0001183509318400477 -0.03197989932959698
0.4320541450752978 -0.000119727995119626 -0.03235199901961815
0.4346531593505136 -0.0001211204601596403 -0.03272826045759166
0.43726780795138 -0.0001225284842346178 -0.03310872614105825
0.4398981849259138 -0.0001239522258264402 -0.03349343889380087
0.4425443848878763 -0.0001253918446257481 -0.03388244186622431
0.4452065030201759 -0.0001268475016028927 -0.03427577855452707
0.4478846350782926 -0.0001283193589580632 -0.03467349278722524
0.4505788773937215 -0.0001298075800878977 -0.03507562871613038
0.4532893268774382 -0.000131312329640685 -0.03548223083126565
0.4560160810233846 -0.0001328337735220852 -0.03589334396241167
0.458759237911976 -0.0001343720788304083 -0.0363090132616179
0.4615188962136283 -0.0001359274138778445 -0.03672928420893942
0.464295155192308 -0.0001374999482460543 -0.03715420262745807
0.4670881147091019 -0.0001390898527140393 -0.03758381466379215
0.4698978752258099 -0.0001406972992453649 -0.03801816678464386
0.4727245378085577 -0.0001423224610524388 -0.03845730579416828
0.4755682041314329 -0.0001439655125601882 -0.03890127882415829
0.4784289764801414 -0.0001456266293582592 -0.03935013332112845
0.4813069577556875 -0.0001473059882408888 -0.03980391705708874
0.4842022514780743 -0.0001490037672270899 -0.04026267813499895
0.487114961790028 -0.000150720145487669 -0.04072646496904779
0.4900451934607434 -0.0001524553033504814 -0.04119532628607313
0.4929930518896525 -0.0001542094223570481 -0.04166931114086034
0.4959586431102161 -0.0001559826851955052 -0.04214846889802456
0.4989420737937372 -0.000157775275673068 -0.04263284922457011
0.5019434512531983 -0.0001595873787666299 -0.04312250210356293
0.504962883447121 -0.0001614191806005988 -0.04361747782814165
0.5080004789834501 -0.0001632708683868888 -0.04411782698530276
0.5110563471234592 -0.0001651426304464537 -0.04462360046171901
0.5141305977856812 -0.0001670346562372162 -0.04513484945128642
0.5172233415498623 -0.0001689471362778315 -0.04565162543452415
0.520334689660939 -0.0001708802621371034 -0.04617398017571459
0.52346475403304 -0.0001728342264810951 -0.04670196573563337
0.5266136472535116 -0.000174809223015818 -0.04723563445606305
0.5297814825869668 -0.0001768054464456446 -0.04777503894855592
0.5329683739793606 -0.0001788230925044601 -0.04832023210285134
0.5361744360620875 -0.0001808623579438467 -0.04887126708368317
0.5393997841561053 -0.0001829234404650411 -0.04942819731239376
0.5426445342760833 -0.0001850065387208592 -0.04999107646745402
0.5459088031345746 -0.0001871118523407379 -0.0505599584912301
0.5491927081462149 -0.000189239581856977 -0.05113489757005291
0.5524963674319456 -0.0001913899286790945 -0.05171594812728871
0.5558198998232626 -0.0001935630951217132 -0.05230316483087438
0.5591634248664905 -0.0001957592843571933 -0.05289660258051812
0.5625270628270829 -0.0001979787003631524 -0.05349631649351878
0.565910934693948 -0.0002002215479301987 -0.05410236190685537
0.5693151621838011 -0.0002024880326515142 -0.05471479437437239
0.5727398677455418 -0.0002047783608526086 -0.05533366964779844
0.5761851745646592 -0.0002070927395743466 -0.05595904367215991
0.5796512065676627 -0.0002094313765815584 -0.0565909725881078
0.5831380884265391 -0.0002117944802963063 -0.05722951271388534
0.5866459455632378 -0.0002141822597593411 -0.05787472053491319
0.5901749041541815 -0.0002165949246308685 -0.05852665270399641
0.5937250911348052 -0.0002190326851473648 -0.05918536602965555
0.5972966342041217 -0.0002214957520640167 -0.05985091746057328
0.6008896618293151 -0.0002239843366375098 -0.0605233640809434
0.6045043032503616 -0.0002264986506028712 -0.06120276310421371
0.6081406884846782 -0.0002290389061075803 -0.06188917185528164
0.6117989483317994 -0.0002316053156781022 -0.06258264776145131
0.6154792143780822 -0.0002341980921984139 -0.06328324834663111
0.619181619001439 -0.000236817448850001 -0.06399103121511986
0.6229062953760992 -0.0002394635990654135 -0.06470605403905717
0.6266533774773996 -0.0002421367564966791 -0.06542837454988824
0.6304230000866031 -0.000244837134963537 -0.06615805052437607
0.6342152987957473 -0.0002475649483989252 -0.0668951397698713
0.6380304100125211 -0.0002503204108081722 -0.06763970011328542
0.6418684709651717 -0.0002531037362149828 -0.06839178938649544
0.6457296197074404 -0.0002559151386048836 -0.06915146541106219
0.6496139951235281 -0.0002587548318797169 -0.06991878598593385
0.6535217369330918 -0.0002616230297950409 -0.07069380887053089
0.6574529856962692 -0.0002645199458983633 -0.07147659176805592
0.6614078828187353 -0.000267445793483569 -0.07226719231317948
0.6653865705567885 -0.0002704007855253263 -0.07306566805431582
0.6693891920224675 -0.0002733851345987505 -0.07387207643191497
0.673415891188699 -0.0002763990528371886 -0.07468647476705567
0.6774668128944764 -0.0002794427518720649 -0.07550892024519089
0.6815421028500694 -0.0002825164427289742 -0.07633946988807083
0.6856419076422656 -0.0002856203357797171 -0.07717818054078247
0.6897663747396426 -0.0002887546406928372 -0.07802510885838382
0.693915652497873 -0.0002919195663228358 -0.07888031127596853
0.6980898901650602 -0.0002951153206284163 -0.07974384398657461
0.702289237887107 -0.0002983421106400395 -0.08061576293241718
0.7065138467131162 -0.0003016001423629904 -0.0814961237786961
0.7107638686008243 -0.0003048896206425679 -0.0823849818771685
0.7150394564220665 -0.0003082107491419272 -0.0832823922601616
0.7193407639682761 -0.0003115637302698066 -0.08418840962104342
0.7236679459560159 -0.0003149487650110379 -0.08510308826842466
0.728021158032544 -0.000318366052875664 -0.08602648211240972
0.7324005567814114 -0.0003218157918588875 -0.08695864465377422
0.736806299728095 -0.0003252981782803582 -0.08789962894053843
0.7412385453456634 -0.0003288134066539324 -0.08884948753277476
0.7456974530604773 -0.000332361669682773 -0.08980827250128362
0.7501831832579239 -0.0003359431581383221 -0.09077603539489032
0.754695897288186 -0.0003395580606428831 -0.0917528271816961
0.7592357574720454 -0.0003432065636687943 -0.09273869824885476
0.7638029271067222 -0.0003468888514659274 -0.0937336983829819
0.7683975704717476 -0.0003506051058169268 -0.0947378767040175
0.7730198528348741 -0.0003543555059583536 -0.09575128164391802
0.7776699404580188 -0.0003581402285687625 -0.09677396094343471
0.7823480006032453 -0.0003619594475628701 -0.0978059615964952
0.7870542015387785 -0.0003658133338754149 -0.09884732979179986
0.7917887125450584 -0.0003697020554975114 -0.09989811092264507
0.7965517039208285 -0.0003736257773428094 -0.1009583495507579
0.8013433469892614 -0.0003775846609239786 -0.1020280893188782
0.8061638141041211 -0.0003815788643602833 -0.103107372952805
0.8110132786559631 -0.0003856085423242042 -0.1041962422469737
0.8158919150783704 -0.0003896738457196741 -0.105294737977511
0.8207998988542287 -0.0003937749215356759 -0.106402899862675
0.8257374065220374 -0.0003979119128850875 -0.107520766573352
0.8307046156822607 -0.0004020849587657645 -0.108648375668498
0.8357017050037151 -0.0004062941937164315 -0.109785763502156
0.8407288542299962 -0.0004105397479016793 -0.1109329652464233
0.8457862441859444 -0.0004148217469817424 -0.1120900148562643
0.8508740567841485 -0.0004191403116694878 -0.1132569449498026
0.8559924750314897 -0.000423495557713871 -0.1144337868038511
0.8611416830357236 -0.0004278875958935857 -0.1156205703521956
0.8663218660121029 -0.0004323165316263218 -0.1168173240800123
0.8715332102900397 -0.0004367824647021141 -0.1180240749518143
0.8767759033198074 -0.000441285489396285 -0.1192408484419707
0.882050133679283 -0.0004458256942162325 -0.1204676684662854
0.8873560910807308 -0.0004504031613910975 -0.1217045572440988
0.8926939663776258 -0.0004550179669971479 -0.1229515353321684
0.8980639515715189 -0.0004596701808565154 -0.1242086215973057
0.9034662398189428 -0.0004643598659735115 -0.1254758330640623
0.9089010254383604 -0.0004690870784413056 -0.126753184889513
0.9143685039171535 -0.0004738518675170432 -0.1280406903835533
0.9198688719186553 -0.0004786542751812896 -0.1293383608898561
0.9254023272892237 -0.0004834943356902899 -0.1306462056648865
0.9309690690653579 -0.0004883720757812075 -0.1319642319333599
0.9365692974808579 -0.0004932875144285197 -0.1332924448224169
0.9422032139740265 -0.0004982406621459334 -0.1346308471729923
0.9478710211949153 -0.0005032315211159418 -0.1359794395748231
0.9535729230126136 -0.0005082600851559403 -0.1373382203572924
0.9593091245225821 -0.0005133263390471396 -0.1387071854080932
0.9650798320540293 -0.0005184302582932494 -0.1400863281080221
0.9708852531773335 -0.0005235718093143063 -0.1414756393833538
0.9767255967115094 -0.0005287509489864594 -0.1428751075814853
0.9826010727317186 -0.0005339676239542167 -0.1442847182850966
0.9885118925768263 -0.0005392217709306936 -0.1457044543932814
0.9944582688570029 -0.0005445133164957799 -0.1471342960670094
1.000440415461372 -0.0005498421762107873 -0.1485742204898927
1.006458547565703 -0.0005552082546854111 -0.1500242018862801
1.012512881640152 -0.0005606114456612705 -0.1514842115438306
1.018603635457047 -0.0005660516312630936 -0.1529542176111741
1.024731028098722 -0.0005715286815257637 -0.1544341849701135
1.030895279965397 -0.0005770424547402638 -0.1559240753291033
1.037096612783106 -0.000582592797012718 -0.1574238471040968
1.043335249611672 -0.0005881795412959983 -0.1589334551568748
1.04961141485273 -0.0005938025077571654 -0.1604528508943316
1.055925334257799 -0.0005994615036642236 -0.1619819822378762
1.062277234936404 -0.0006051563223361697 -0.1635207933397211
1.068667345364243 -0.0006108867430554401 -0.1650692245592249
1.075095895391404 -0.0006166525313243984 -0.1666272125321989
1.081563116250635 -0.0006224534380853635 -0.1681946899601482
1.088069240565661 -0.0006282891989321986 -0.1697715853972337
1.094614502359551 -0.0006341595346276689 -0.1713578233900685
1.101199137063137 -0.0006400641507256602 -0.1729533243756364
1.107823381523478 -0.0006460027363207143 -0.1745580043434012
1.114487474012384 -0.0006519749644080473 -0.1761717749325879
1.121191654234987 -0.0006579804919250316 -0.1777945434433914
1.127936163338358 -0.0006640189585828682 -0.1794262125212803
1.134721243920186 -0.0006700899865155535 -0.1810666800621429
1.141547140037501 -0.0006761931807623405 -0.1827158393426546
1.148414097215454 -0.0006823281285174961 -0.1843735788175527
1.155322362456149 -0.0006884943979620684 -0.1860397818039652
1.162272184247527 -0.0006946915389413137 -0.1877143266644605
1.169263812572304 -0.0007009190827054428 -0.1893970867369935
1.176297498916961 -0.0007071765404158323 -0.1910879299312653
1.183373496280794 -0.0007134634033836606 -0.1927867187932056
1.19049205918501 -0.0007197791433436599 -0.1944933105789438
1.197653443681885 -0.0007261232112377928 -0.1962075569261436
1.204857907363973 -0.0007324950364903611 -0.1979293036581281
1.212105709373372 -0.0007388940277552659 -0.1996583909857986
1.219397110411042 -0.0007453195722645099 -0.2013946533315923
1.22673237274619 -0.0007517710342625516 -0.2031379189064247
1.234111760225694 -0.0007582477557814943 -0.2048880099191558
1.241535538283603 -0.0007647490565755051 -0.2066447425588691
1.249003973950675 -0.0007712742324577093 -0.2084079265454796
1.256517335863991 -0.0007778225552820886 -0.2101773651248428
1.264075894276612 -0.0007843932735250524 -0.2119528552259019
1.271679921067302 -0.0007909856111125744 -0.2137341871437663
1.279329689750306 -0.0007975987662340571 -0.2155211442192023
1.287025475485191 -0.0008042319123631812 -0.2173135031144799
1.294767555086741 -0.0008108841977751917 -0.2191110336829368
1.302556207034913 -0.0008175547436404632 -0.2209134984538365
1.310391711484858 -0.0008242426447693902 -0.2227206528336469
1.318274350276994 -0.0008309469698374031 -0.2245322451668422
1.326204406947145 -0.0008376667596590085 -0.2263480162695271
1.334182166736741 -0.0008444010267773343 -0.228167699318527
1.342207916603075 -0.000851148756412586 -0.2299910201076724
1.350281945229628 -0.0008579089054367996 -0.2318176967707645
1.358404543036452 -0.0008646804006942988 -0.2336474393277418
1.366576002190616 -0.0008714621402532236 -0.235479950022859
1.374796616616712 -0.0008782529931727658 -0.2373149232617902
1.383066682007434 -0.0008850517973743219 -0.2391520450363889
1.391386495834208 -0.0008918573601928893 -0.2409909930736818
1.399756357357896 -0.0008986684589906688 -0.2428314370016714
1.408176567639557 -0.0009054838395022625 -0.2446730379021884
1.416647429551278 -0.0009123022149272262 -0.2465154480656879
1.425169247787069 -0.0009191222672702714 -0.2483583113533884
1.433742328873819 -0.0009259426465670946 -0.2502012629880815
1.442366981182327 -0.0009327619687713937 -0.2520439289831774
1.45104351493839 -0.000939578817122758 -0.2538859265123257
1.459772242233963 -0.0009463917422630888 -0.2557268639408735
1.468553477038385 -0.0009531992600488354 -0.2575663402347049
1.477387535209671 -0.0009599998517503395 -0.2594039450141055
1.486274734505876 -0.0009667919651290365 -0.2612392588448366
1.495215394596523 -0.000973574013003449 -0.2630718528506475
1.504209837074101 -0.0009803443718104528 -0.2649012883245132
1.513258385465633 -0.0009871013833085876 -0.2667271171888885
1.522361365244312 -0.0009938433541458211 -0.2685488818789139
1.531519103841213 -0.001000568553488348 -0.2703661147016868
1.540731930657063 -0.001007275214320396 -0.2721783381874851
1.550000177074097 -0.001013961534019373 -0.2739850652451795
1.55932417646797 -0.001020625672303606 -0.2757857986076877
1.568704264219756 -0.001027265750967061 -0.2775800307602901
1.578140777728008 -0.001033879855450249 -0.2793672443651113
1.587634056420891 -0.001040466033772896 -0.2811469119727114
1.597184441768398 -0.00104702229464129 -0.2829184955106695
1.606792277294626 -0.001053546609413211 -0.2846814468145311
1.616457908590138 -0.00106003691209783 -0.2864352076277812
1.626181683324388 -0.001066491096974373 -0.2881792089583783
1.635963951258232 -0.001072907019640453 -0.2899128713620259
1.645805064256506 -0.001079282498125311 -0.2916356052429834
1.655705376300682 -0.001085615311180124 -0.2933468103920886
1.665665243501602 -0.001091903197530395 -0.2950458757847412
1.675685024112287 -0.001098143857905331 -0.296732180129268
1.685765078540822 -0.001104334954455358 -0.2984050917095271
1.695905769363321 -0.001110474108626424 -0.3000639678105189
1.70610746133697 -0.001116558903209922 -0.3017081552723003
1.716370521413142 -0.001122586882861821 -0.3033369906302604
1.726695318750602 -0.001128555551992426 -0.3049497995449075
1.737082224728785 -0.001134462375449838 -0.3065458969865484
1.747531612961148 -0.001140304780185522 -0.3081245876853464
1.758043859308618 -0.001146080154078488 -0.3096851658135983
1.768619341893104 -0.001151785844829266 -0.3112269146868756
1.779258441111101 -0.001157419162334072 -0.3127491074055507
1.789961539647373 -0.001162977378661037 -0.3142510068483765
1.800729022488719 -0.00116845772604606 -0.3157318651309382
1.811561276937818 -0.001173857398818865 -0.3171909241261007
1.822458692627162 -0.001179173554497974 -0.3186274157598813
1.83342166153307 -0.001184403312228955 -0.3200405615894469
1.844450577989788 -0.001189543753120627 -0.3214295728939595
1.855545838703674 -0.001194591922388285 -0.3227936512537027
1.866707842767465 -0.00119954482885243 -0.324131988414633
1.877936991674634 -0.001204399443768125 -0.3254437659720562
1.88923368933383 -0.001209152703354877 -0.3267281560542331
1.90059834208341 -0.001213801509369075 -0.3279843214770605
1.912031358706049 -0.001218342727615559 -0.3292114153418774
1.923533150443451 -0.001222773189631294 -0.3304085814904153
1.935104131011135 -0.001227089694321757 -0.3315749549469701
1.946744716613318 -0.001231289007180192 -0.3327096617074349
1.958455325957888 -0.001235367860476979 -0.3338118187904711
1.970236380271462 -0.001239322955707276 -0.3348805348988902
1.982088303314539 -0.001243150963821795 -0.3359149104820131
1.994011521396743 -0.001246848524442051 -0.3369140375236211
2.006006463392153 -0.001250412248327018 -0.3378770002084756
2.018073560754737 -0.001253838718520603 -0.3388028752323816
2.030213247533863 -0.001257124489737014 -0.3396907316361056
2.042425960389917 -0.001260266089863395 -0.340539631211407
2.05471213861001 -0.00126326002197783 -0.3413486290463261
2.067072224123773 -0.001266102764488133 -0.3421167735626899
2.079506661519261 -0.001268790771578559 -0.3428431066368161
2.092015898058938 -0.001271320475706676 -0.3435266642742006
2.104600383695769 -0.001273688288525017 -0.3441664768585594
2.117260571089404 -0.001275890600998798 -0.3447615691836373
2.129996915622458 -0.001277923785672039 -0.3453109610655417
2.142809875416892 -0.00127978419825895 -0.345813667772755
2.155699911350493 -0.001281468178157572 -0.3462687001649272
2.16866748707345 -0.00128297205006688 -0.3466750651298374
2.181713069025031 -0.001284292126096364 -0.3470317661534286
2.194837126450363 -0.001285424706825392 -0.3473378036060607
2.208040131417308 -0.001286366082577006 -0.3475921750867061
2.221322558833443 -0.001287112535687088 -0.3477938760361078
2.234684886463145 -0.001287660341973186 -0.3479419001336722
2.248127594944775 -0.001288005772181403 -0.3480352396884389
2.261651167807962 -0.001288145094146876 -0.348072886222868
2.275256091491004 -0.001288074574530572 -0.3480538309421438
2.288942855358358 -0.001287790480549081 -0.3479770652015876
2.302711951718243 -0.001287289082241297 -0.3478415811191417
2.316563875840352 -0.001286566654281375 -0.3476463720652544
2.330499125973664 -0.001285619477799387 -0.3473904331548429
2.344518203364364 -0.001284443843093666 -0.347072761980203
2.358621612273878 -0.001283036051500518 -0.3466923591162292
2.372809859997005 -0.00128139241712041 -0.3462482285868511
2.387083456880169 -0.001279509269822958 -0.3457393786770193
2.401442916339774 -0.001277382957690398 -0.3451648225929617
2.415888754880671 -0.001275009848435858 -0.3445235788454186
2.430421492114737 -0.001272386332219271 -0.3438146720105371
2.445041650779565 -0.001269508825264089 -0.3430371337071521
2.459749756757268 -0.001266373770970379 -0.3421900028975597
2.474546339093393 -0.001262977642182227 -0.3412723265001976
2.489431930015952 -0.0012593169457824 -0.3402831606311792
2.504407064954564 -0.001255388224269477 -0.339221571030456
2.519472282559719 -0.001251188057252967 -0.3380866334658156
2.534628124722145 -0.00124671306596926 -0.3368774349531483
2.549875136592308 -0.001241959916667667 -0.3355930746713979
2.565213866600017 -0.001236925321137991 -0.334232664105118
2.580644866474148 -0.00123160604024822 -0.3327953280004001
2.596168691262497 -0.001225998889600003 -0.3312802058930538
2.611785899351737 -0.0012201007396743 -0.3296864521479648
2.627497052487508 -0.001213908518061435 -0.3280132365616809
2.64330271579462 -0.001207419216042328 -0.3262597461407449
2.659203457797384 -0.001200629890341229 -0.3244251855753034
2.675199850440056 -0.001193537663714075 -0.3225087773980903
2.691292469107416 -0.001186139730607749 -0.3205097635136271
2.707481892645458 -0.001178433362292662 -0.3184274065851128
2.723768703382218 -0.001170415905934721 -0.3162609897836554
2.740153487148712 -0.001162084788293256 -0.3140098177875012
2.756636833300016 -0.001153437523811642 -0.3116732189682189
2.77321933473646 -0.001144471713869292 -0.3092505451885806
2.789901587924954 -0.001135185048284687 -0.3067411722086982
2.806684192920446 -0.00112557531356842 -0.3041445019161002
2.823567753387507 -0.00111564039561349 -0.3014599630526811
2.840552876622036 -0.001105378278613098 -0.2986870109222778
2.857640173573115 -0.001094787051186739 -0.295825129046015
2.874830258864976 -0.00108386491396631 -0.2928738312121677
2.892123750819116 -0.001072610176830184 -0.2898326607287716
2.909521271476531 -0.001061021262062472 -0.2867011912772966
2.927023446620097 -0.001049096714711947 -0.2834790297117569
2.944630905797074 -0.001036835201502461 -0.2801658157642923
2.962344282341753 -0.001024235510732215 -0.2767612220179491
2.980164213398238 -0.001011296561460189 -0.2732649563889686
2.998091339943359 -0.000998017407992027 -0.2696767633389297
3.016126306809736 -0.0009843972364406792 -0.2659964229453904
3.034269762708964 -0.0009704353704227047 -0.2622237524411008
3.052522360254954 -0.0009561312813760326 -0.2583586090019904
3.070884755987404 -0.0009414845839765247 -0.2544008885086665
3.089357610395416 -0.0009264950379223049 -0.2503505260285622
3.107941587941251 -0.0009111625598043 -0.2462074990235046
3.126637357084233 -0.0008954872225476705 -0.2419718271987826
3.14544559030479 -0.0008794692528174346 -0.2376435718021137
3.164366964128648 -0.0008631090400520852 -0.2332228380646407
3.183402159151157 -0.0008464071433842725 -0.2287097770709862
3.202551860061779 -0.0008293642854421081 -0.2241045840842876
3.221816755668715 -0.0008119813566626355 -0.2194074997117505
3.241197538923678 -0.0007942594278445309 -0.2146188132965457
3.260694906946819 -0.0007761997443491459 -0.2097388613508579
3.280309561051807 -0.0007578037255752439 -0.2047680274139536
3.300042206771049 -0.0007390729770907357 -0.1997067453303268
3.319893553881069 -0.0007200092914981738 -0.1945554994835668
3.339864316428041 -0.0007006146426773861 -0.189314823240646
3.359955212753471 -0.0006808911934114439 -0.1839853010125514
3.380166965520037 -0.0006608413047916907 -0.1785675707956409
3.400500301737581 -0.0006404675273542606 -0.17306232177662
3.42095595278926 -0.0006197726031374288 -0.1674702948884635
3.441534654457853 -0.0005987594791164682 -0.1617922864406816
3.46223714695223 -0.0005774313012600175 -0.156029146513276
3.483064174933973 -0.0005557914108429154 -0.1501817779604223
3.504016487544163 -0.0005338433553044193 -0.1442511393444955
3.525094838430328 -0.0005115908910596707 -0.1382382456957636
3.546299985773546 -0.0004890379743741207 -0.1321441660465435
3.567632692315724 -0.0004661887664187092 -0.1259700247971729
3.589093725387028 -0.0004430476443103485 -0.1197170046992874
3.610683856933487 -0.0004196191903154119 -0.1133863439384683
3.632403863544755 -0.0003959081909002836 -0.106979335877689
3.654254526482051 -0.0003719196492065364 -0.1004973324282638
3.676236631706256 -0.0003476587799769411 -0.09394174267879263
3.698350969906183 -0.0003231310022686554 -0.08731403092617349
3.720598336527025 -0.000298341947520122 -0.08061571885537901
3.742979531798957 -0.0002732974642072042 -0.07384838679760246
3.765495360765927 -0.0002480036055193816 -0.06701367040021196
3.788146633314612 -0.0002224666310558532 -0.06011326108505876
3.810934164203546 -0.0001966930181153722 -0.05314890909913146
3.833858773092431 -0.0001706894499287327 -0.04612242033482715
3.856921284571616 -0.000144462811168024 -0.03903565511649567
3.880122528191761 -0.0001180201976120564 -0.03189053081215846
3.903463338493672 -9.136891244013313e-05 -0.02468902083203945
3.926944555038322 -6.45164556496669e-05 -0.01743315176907292
3.950567022437048 -3.747052816475678e-05 -0.01012500450909223
3.974331590381932 -1.023903685737228e-05 -0.002766715587616507
3.998239113676364 1.716991929477496e-05 0.004639526550465281
4.02229045226579 4.474805115054239e-05 0.01209148207573103
4.046486471268643 7.248687111122297e-05 0.01958685753304711
4.070828041007458 0.000100377703924344 0.02712330876088961
4.095316037040186 0.0001284116944611167 0.03469844299290838
4.119951340191675 0.0001565798025053959 0.04230981744983885
4.144734836585366 0.0001848728056683795 0.04995494012709026
4.169667417675155 0.0002132813121685187 0.05763127324803689
4.194749980277468 0.0002417957610682225 0.06533623332797855
4.219983426603512 0.0002704064188434424 0.07306719024719967
4.24536866429173 0.000299103393431045 0.08082147104674461
4.270906606440451 0.0003278766395302433 0.08859636136093067
4.296598171640729 0.0003567159548601633 0.0963891044060958
4.322444284009386 0.0003856109898238035 0.1041969035919212
4.348445873222255 0.0004145512576144094 0.1120169252522997
4.374603874547618 0.0004435261341141962 0.1198462986179696
4.400919228879844 0.0004725248614317965 0.1276821167723772
4.42739288277324 0.0005015365611228497 0.1355214402240446
4.454025788476091 0.0005305502383396952 0.1433612980278694
4.480818903964917 0.0005595547823875289 0.1511986879354047
4.50777319297893 0.0005885389794328004 0.1590305798288265
4.534889625054696 0.0006174915201759694 0.1668539177942086
4.562169175561013 0.0006464010017838724 0.1746656206436722
4.589612825733993 0.0006752559369729018 0.1824625843697741
4.617221562712357 0.0007040447645635359 0.1902416849974725
4.644996379572944 0.000732755854134155 0.1979997798416463
4.672938275366425 0.0007613775123074549 0.2057337092057625
4.701048255153248 0.000789897994353568 0.2134402995171845
4.729327330039782 0.0008183055110025155 0.2211163651679814
4.757776517214689 0.0008465882346865804 0.2287587102016953
4.786396839985513 0.0008747343102620581 0.2363641312104924
4.815189327815487 0.0009027318632026609 0.2439294195491226
4.844155016360561 0.0009305690070385362 0.2514513633450359
4.873294947506656 0.0009582338534103161 0.2589267502151114
4.902610169407141 0.0009857145206692366 0.2663523695895171
4.932101736520533 0.001012999141834894 0.2737250148619952
4.961770709648425 0.001040075875654397 0.2810414863781832
4.991618155973645 0.00106693291491377 0.2882985936814579
5.021645149098641 0.00109355849398295 0.295493157551689
5.051852769084097 0.001119940900957705 0.3026220132861365
5.082242102487784 0.001146068487054458 0.3096820132380491
5.112814242403641 0.00117192967278367 0.3166700284847895
5.1435702885011 0.00119751295937893 0.3235829519161183
5.174511347064628 0.001222806941790375 0.3304177017451762
5.205638531033534 0.001247800313014049 0.3371712226783327
5.23695296004199 0.001272481873117494 0.3438404883540125
5.26845576045931 0.001296840545939235 0.3504225058551058
5.300148065430462 0.001320865383608569 0.3569143169302698
5.332031014916829 0.001344545572318563 0.3633129995538671
5.364105755737212 0.001367870448945968 0.3696156724168727
5.39637344160908 0.001390829510741552 0.3758194975453226
5.42883523319007 0.001413412416842717 0.3819216807090433
5.461492298119737 0.001435609001128491 0.3879194748952298
5.494345811061548 0.001457409289609186 0.3938101850073481
5.52739695374514 0.001478803499011386 0.3995911674827826
5.560646915008824 0.001499782044304813 0.4052598323266886
5.594096890842349 0.001520335560016246 0.4108136488712787
5.627748084429916 0.001540454901986896 0.4162501462506886
5.661601706193463 0.00156013114865203 0.4215669137467461
5.695658973836199 0.001579355619401042 0.4267616057500933
5.729921112386407 0.001598119886349441 0.431831944941123
5.764389354241504 0.001616415769212754 0.4367757209048446
5.799064939212376 0.00163423534660551 0.4415907931840089
5.833949114567966 0.001651570977793552 0.4462750971568572
5.869043135080146 0.001668415295589587 0.4508266421174069
5.904348263068843 0.001684761209832822 0.4552435122156953
5.939865768447451 0.001700601930610436 0.4595238727325099
5.975596928768503 0.001715930969214032 0.4636659703378337
6.01154302926963 0.001730742132736483 0.467668131630846
6.047705362919785 0.001745029540811197 0.4715287676630807
6.084085230465758 0.001758787640420293 0.4752463779397795
6.120683940478954 0.00177201119351583 0.4788195470749949
6.15750280940247 0.001784695284149819 0.4822469467182076
6.194543161598441 0.001796835342478292 0.4855273420405252
6.231806329395683 0.001808427133793708 0.4886595887711018
6.269293653137611 0.001819466755828813 0.4916426324686081
6.307006481230453 0.001829950660311929 0.4944755143457386
6.344946170191752 0.001839875654980075 0.4971573718131817
6.383114084699157 0.001849238890598633 0.499687434972173
6.421511597639515 0.001858037873007358 0.5020650298694757
6.460140090158249 0.001866270480300538 0.5042895831396758
6.499000951709037 0.001873934944352718 0.5063606170132009
6.538095580103793 0.001881029852025755 0.5082777496424833
6.577425381562945 0.001887554167835578 0.5100407012267988
6.616991770766014 0.001893507221868047 0.5116492907469837
6.656796170902505 0.001898888699876356 0.5131034332896275
6.696840013723089 0.001903698659777026 0.5144031445044976
6.737124739591115 0.001907937535478588 0.5155485416390959
6.777651797534409 0.001911606117182661 0.516539838215765
6.818422645297399 0.001914705556809522 0.5173773454977452
6.859438749393552 0.00191723738509091 0.5180614771078625
6.900701585158119 0.001919203489774214 0.5185927431390289
6.942212636801205 0.001920606110231108 0.5189717486974282
6.983973397461158 0.001921447855130946 0.5191991986780874
7.025985369258271 0.001921731691480587 0.5192758948033014
7.068250063348816 0.001921460928197333 0.5192027311838351
7.110768999979402 0.001920639225307903 0.5189806968046018
7.153543708541653 0.001919270598729296 0.5186108768165105
7.196575727627224 0.001917359396402701 0.5180944460875528
7.239866605083138 0.001914910296807797 0.5174326688013458
7.28341789806747 0.001911928322396609 0.5166269020871289
7.327231173105349 0.001908418818025427 0.5156785901918002
7.37130800614531 0.001904387439572925 0.5145892614043871
7.41564998261598 0.001899840164064293 0.5133605307917164
7.460258697483103 0.00189478328072086 0.511994097779908
7.505135755306914 0.001889223370404549 0.5104917406000126
7.550282770299852 0.001883167307052783 0.5088553166757389
7.59570136638462 0.001876622261177151 0.5070867635688381
7.641393177252606 0.001869595675435431 0.5051880923783597
7.687359846422636 0.001862095257420499 0.5031613857921233
7.733603027300095 0.001854128986509982 0.5010087999375825
7.780124383236402 0.001845705095048213 0.4987325592969518
7.826925587588838 0.001836832053196366 0.496334952613526
7.874008323780734 0.001827518570964568 0.4938183334407811
7.921374285362025 0.001817773590312939 0.4911851180079769
7.969025176070168 0.001807606264093509 0.4884377795300003
8.016962709891423 0.001797025951169181 0.485578846888448
8.065188611122505 0.001786042215929853 0.4826109045008766
8.113704614432605 0.001774664806868022 0.4795365865316633
8.162512464925786 0.00176290364593335 0.4763585740154768
8.211613918203758 0.001750768827740728 0.4730795946432866
8.26101074042902 0.001738270604260733 0.4697024186255327
8.310704708388393 0.001725419369253385 0.4662298544859327
8.360697609556926 0.001712225653521886 0.4626647477789835
8.410991242162195 0.001698700116271757 0.4590099787550907
8.461587415248985 0.001684853527272475 0.4552684575404221
8.512487948744354 0.001670696758369526 0.4514431218433568
8.563694673523104 0.001656240777329245 0.4475369352912851
8.615209431473632 0.001641496631623741 0.4435528830490924
8.667034075564182 0.001626475437408154 0.4394939688406769
8.719170469909495 0.001611188372194058 0.4353632129692105
8.771620489837867 0.001595646662075671 0.4311636488655032
8.824386021958594 0.001579861569391752 0.4268983197540913
8.877468964229841 0.001563844384047129 0.4225702763082074
8.930871226026907 0.001547606412324324 0.4181825736265424
8.984594728210904 0.00153115896502362 0.4137382680285412
9.038641403197854 0.001514513348543751 0.4092404146442964
9.09301319502819 0.001497680853425447 0.4046920643188692
9.147712059436689 0.001480672743347348 0.4000962606388491
9.202739963922818 0.001463500247094621 0.3954560377621733
9.258098887821502 0.001446174547434497 0.3907744174121582
9.313790822374321 0.001428706768623219 0.3860544055017213
9.369817770801134 0.00141110797111774 0.3812989907044148
9.426181748372137 0.00139338914235597 0.3765111419631342
9.482884782480346 0.001375561180363393 0.3716938040604207
9.539928912714528 0.001357634890827761 0.3668498968280087
9.597316190932558 0.001339620980596187 0.361982313389657
9.655048681335227 0.001321530041923728 0.3570939159049201
9.713128460540494 0.001303372547351587 0.3521875341851751
9.771557617658175 0.001285158843128254 0.3472659639159317
9.830338254365088 0.001266899137128424 0.3423319633923718
9.889472484980656 0.001248603503461464 0.3373882547646159
9.948962436542953 0.001230281860285805 0.3324375180428953
10.00881024888521 0.001211943960616727 0.3274823886136998
10.06901807471279 0.001193599401565381 0.3225254597362763
10.12958807968063 0.00117525760860845 0.3175692782920972
10.1905224424711 0.001156927832795536 0.3126163440302588
10.25182335487242 0.001138619140869759 0.3076691068979455
10.31349302185747 0.001120340407741074 0.3027299650066259
10.3755336616631 0.001102100320723858 0.2978012657771004
10.43794750586993 0.001083907370760919 0.2928853035681208
10.50073679948262 0.001065769838728946 0.2879843159759508
10.56390380101059 0.001047695802833772 0.2831004858326582
10.62745078254932 0.001029693135993641 0.2782359404990419
10.69138002986203 0.001011769489892966 0.2733927475557567
10.7556938424619 0.0009939322985795989 0.2685729157753431
10.82039453369479 0.0009761887826744031 0.2637783962597033
10.88548443082247 0.0009585459376226175 0.2590110792654753
10.95096587510631 0.0009410105279394013 0.2542727926491063
11.01684122189147 0.0009235890974655721 0.2495653046380816
11.08311284069168 0.0009062879646676628 0.2448903225609408
11.14978311527443 0.0008891132092545615 0.2402494892309275
11.21685444374672 0.0008720706835333356 0.235644386014474
11.28432923864131 0.0008551660146774578 0.2310765334441049
11.35220992700354 0.0008384045916389307 0.2265473876819293
11.42049895047856 0.0008217915692968658 0.222058341640639
11.48919876539923 0.0008053318779684859 0.2176107275535
11.55831184287442 0.0007890302161524493 0.2132058150135078
11.62784066887791 0.0007728910444964083 0.2088448093433469
11.69778774433782 0.0007569186000590609 0.2045288554491748
11.76815558522656 0.0007411168962095512 0.2002590377934389
11.83894672265132 0.0007254897113131326 0.1960363773376016
11.91016370294514 0.0007100406009601765 0.1918618348465708
11.98180908775847 0.0006947729046561636 0.1877363126964193
12.05388545415131 0.0006796897371150582 0.1836606525217456
12.12639539468595 0.0006647939914821899 0.1796356360865373
12.19934151752018 0.000650088352303171 0.1756619887885338
12.27272644650111 0.0006355752930526688 0.1717403789914702
12.34655282125957 0.0006212570706590056 0.1678714165455557
12.42082329730504 0.0006071357403904918 0.1640556568099467
12.49554054612116 0.0005932131602902514 0.1602936018510919
12.57070725526186 0.0005794909846175711 0.1565856986705031
12.64632612844798 0.0005659706661520015 0.152932339827352
12.72239988566455 0.0005526534835794399 0.1493338708385319
12.79893126325863 0.0005395405442786876 0.1457905909316197
12.87592301403773 0.0005266326986400969 0.1423027298927053
12.95337790736882 0.0005139306609787169 0.138870480738633
13.03129872927796 0.0005014350374846279 0.1354940072695302
13.10968828255048 0.0004891461868512254 0.1321734064088305
13.18854938683184 0.0004770643119536102 0.1289087329759191
13.26788487872902 0.0004651894776684543 0.1257000045012825
13.34769761191256 0.0004535215815839406 0.1225471933119693
13.42799045721921 0.0004420603705584542 0.1194502310059548
13.50876630275517 0.000430805451213883 0.1164090112875619
13.59002805400002 0.0004197562883474379 0.1134233895383154
13.67177863391118 0.0004089122068658235 0.1104931833395787
13.7540209830291 0.0003982724044150916 0.107618175885298
13.83675805958297 0.0003878359549172593 0.1047981169376407
13.91999283959716 0.000377601806825868 0.1020327223556259
14.00372831699829 0.0003675687939280336 0.09932167701397253
14.08796750372286 0.0003577356421306566 0.0966646366368189
14.17271342982564 0.0003481009688616738 0.09406122763593289
14.25796914358864 0.0003386632891151098 0.09151104874416041
14.34373771163077 0.0003294210244588273 0.08901367344943212
14.43002221901811 0.0003203725049109027 0.08656865050178346
14.51682576937491 0.0003115159709757953 0.08417550446355297
14.60415148499523 0.0003028495831636913 0.081833738281628
14.69200250695523 0.0002943714261985187 0.07954283442450269
14.78038199522615 0.0002860795095798754 0.07730225503411807
14.86929312878798 0.0002779717748949351 0.07511144390163035
14.95873910574384 0.0002700461019175841 0.07296982811547371
15.04872314343496 0.0002623003101609168 0.07087681848086415
15.13924847855642 0.0002547321628546249 0.06883181059453945
15.2303183672736 0.0002473393739819225 0.06683418674622439
15.3219360853393 0.0002401196111578836 0.06488331669639344
15.41410492821153 0.000233070497662611 0.06297855822565838
15.50682821117208 0.0002261896188686247 0.06111925887152873
15.60010926944577 0.0002194745260029656 0.05930475694497944
15.69395145832038 0.0002129227380759112 0.05753438205161363
15.7883581532674 0.0002065317464955846 0.0558074563385878
15.88333275006339 0.0002002990193698398 0.05412329565703478
15.97887866491215 0.0001942220038567397 0.05248121019719239
16.07499933456759 0.000188298129310688 0.05088050533852737
16.17169821645737 0.0001825248114556087 0.04932048277738076
16.26897878880723 0.0001768994549403858 0.04780044121747943
16.36684455076612 0.0001714194559586302 0.04631967707783
16.46529902253208 0.0001660822057252015 0.04487748543211826
16.56434574547881 0.000160885092951526 0.04347316067757107
16.66398828228309 0.0001558255063305076 0.04210599720641036
16.76423021705294 0.000150900837448074 0.04077529019258915
16.86507515545651 0.0001461084828971533 0.03948033616301455
16.96652672485178 0.0001414458464348934 0.03822043358045522
17.06858857441703 0.000136910341834415 0.03699488361412074
17.17126437528214 0.0001324993944921075 0.03580299057397306
17.27455782066058 0.0001282104430447448 0.03464406234769121
17.37847262598229 0.0001240409421622563 0.03351741115531313
17.48301252902732 0.0001199883640715353 0.03242235396098749
17.58818129006027 0.0001160501994558102 0.03135821271599516
17.69398269196554 0.0001122239597309136 0.03032431497382552
17.80042054038342 0.0001085071791389166 0.02931999445590254
17.90749866384694 0.0001048974148770813 0.0283445910864294
18.01522091391964 0.0001013922485166565 0.02739745137576476
18.12359116533404 9.798928870305013e-05 0.02647792915004306
18.23261331613107 9.468617098781082e-05 0.02558538550577395
18.34229128780023 9.148055831846179e-05 0.02471918894220136
18.45262902542071 8.837014354309289e-05 0.02387871603807565
18.56363049780323 8.535264998474233e-05 0.02306335160685869
18.67529969763284 8.242583089831696e-05 0.02227248854997692
18.78764064161249 7.958747109823931e-05 0.02150552829663193
18.90065737060757 7.683538876194468e-05 0.02076188129112789
19.0143539497912 7.416743414921156e-05 0.02004096664681861
19.12873446879051 7.158149014832661e-05 0.01934221229368819
19.24380304183367 6.907547469304413e-05 0.01866505563144357
19.35956380789796 6.664733974360892e-05 0.01800894325417423
19.47602093085858 6.42950707446041e-05 0.01737333080385594
19.59317859963845 6.201668854201526e-05 0.01675768348836534
19.71104102835891 5.981024971372408e-05 0.0161614761707835
19.82961245649123 5.767384498642835e-05 0.01558419294162794
19.94889714900919 5.560560009356143e-05 0.01502532735067316
20.06889939654243 5.360367746857918e-05 0.01448438286449792
20.18962351553079 5.1666274251903e-05 0.01396087232793638
20.31107384837959 4.979162207191178e-05 0.01345431790489936
20.4332547636158 4.797798900695976e-05 0.0129642516085361
20.55617065604522 4.622367844261397e-05 0.01249021499244548
20.67982594691049 4.452702776641461e-05 0.01203175879798409
20.80422508405019 4.288640960349202e-05 0.01158844328814524
20.92937254205879 4.130023225057241e-05 0.01115983836483284
21.05527282244758 3.976693754335717e-05 0.01074552299260055
21.18193045380665 3.828500104385016e-05 0.01034508524927006
21.30934999196772 3.685293357858393e-05 0.009958122741578944
21.43753602016806 3.546927915285777e-05 0.009584242041581778
21.5664931492153 3.413261416664605e-05 0.009223058474778771
21.69622601765332 3.284154883966257e-05 0.008874196505185951
21.82673929192908 3.159472635052746e-05 0.008537289502727301
21.95803766656046 3.039082110027486e-05 0.008211979274012873
22.09012586430514 2.922853932941796e-05 0.007897916229077458
22.22300863633048 2.810661972694398e-05 0.007594759545938619
22.35669076238438 2.702383118879313e-05 0.007302176564909751
22.49117705096725 2.597897252730449e-05 0.007019842710088701
22.62647233950495 2.497087374087919e-05 0.006747441832436623
22.76258149452277 2.399839425247233e-05 0.006484665733796513
22.89950941182054 2.306042177405523e-05 0.006231213860056714
23.03726101664865 2.215587321576209e-05 0.005986793546813703
23.17584126388527 2.128369423382104e-05 0.005751119897217419
23.31525513821456 2.044285736724753e-05 0.005523915278482549
23.45550765430593 1.963236218129707e-05 0.005304909360651253
23.59660385699449 1.885123597145413e-05 0.005093839306819754
23.73854882146243 1.809853173456579e-05 0.00489044922491332
23.88134765342164 1.737332758344113e-05 0.004694490009503706
24.02500548929732 1.667472768924839e-05 0.004505719596456639
24.16952749641275 1.600186101373938e-05 0.004323902620363025
24.31491887317515 1.535388002251397e-05 0.00414881006684695
24.46118484926266 1.472996116451699e-05 0.003980219402131719
24.60833068581249 1.412930478079766e-05 0.003817914548385531
24.7563616756101 1.355113334287152e-05 0.003661685407704869
24.90528314327963 1.299469128649247e-05 0.00351132781719763
25.05510044547539 1.24592456842466e-05 0.003366643730726381
25.20581897107455 1.194408461543864e-05 0.003227440778431321
25.357444141371 1.144851642665438e-05 0.003093532066925017
25.5099814102703 1.097187035507152e-05 0.002964736347718777
25.66343626448592 1.051349574652419e-05 0.002840877805933922
25.81781422373652 1.007276077773986e-05 0.002721785715034249
25.97312084094457 9.649052618448714e-06 0.002607294480630003
26.12936170243603 9.241777577639718e-06 0.002497243679998099
26.28654242814131 8.850359585997126e-06 0.002391477652017511
26.44466867179741 8.474239858828448e-06 0.002289845406088209
26.6037461211513 8.1128774406212e-06 0.002192200769277186
26.76378049816449 7.765748031382349e-06 0.002098402069180729
26.92477755921884 7.43234319668338e-06 0.002008311920468726
27.08674309532363 7.112170722604224e-06 0.001921797320794956
27.24968293232387 6.804754220747773e-06 0.001838729544067072
27.41360293110984 6.509631968988599e-06 0.001758983827202435
27.57850898782788 6.226356866391191e-06 0.001682439357946461
27.74440703409252 5.954496686126051e-06 0.001608979343213705
27.91130303719981 5.693632870143348e-06 0.001538490683393636
28.07920300034196 5.443360115413901e-06 0.001470863860547782
28.24811296282329 5.203286757839269e-06 0.001405993042147034
28.41803900027744 4.973034010312427e-06 0.001343775875186124
28.58898722488593 4.752235201272171e-06 0.001284113280431522
28.76096378559799 4.540535928220169e-06 0.001226909493903658
28.93397486835177 4.337593924421739e-06 0.001172072030857808
29.1080266962968 4.143078079910204e-06 0.001119511421247251
29.28312553001787 3.956668281856964e-06 0.001069141166589265
29.4592776677602 3.77805567105338e-06 0.001020877809269739
29.63648944565603 3.606941760007929e-06 0.0009746406942420105
29.81476723795246 3.443038001503989e-06 0.0009303518524457948
29.99411745724076 3.286066023074847e-06 0.0008879360641652587
30.17454655468706 3.135757185351831e-06 0.0008473207396891715
30.35606102026435 2.991851902438857e-06 0.0008084357356676247
30.53866738298595 2.854099660651448e-06 0.0007712133601755463
30.72237221114033 2.722259032971272e-06 0.0007355883766184991
30.90718211252742 2.596096903994599e-06 0.0007014977943040775
31.09310373469621 2.475388261830826e-06 0.0006688808122102908
31.28014376518396 2.359916400429886e-06 0.0006376788736569548
31.46830893175665 2.249472327549302e-06 0.0006078355063309985
31.65760600265105 2.143854353979784e-06 0.000579296211290093
31.84804178681812 2.042868210394402e-06 0.0005520084945367559
32.03962313416796 1.946326827026987e-06 0.0005259218074847047
32.23235693581619 1.85404976493673e-06 0.0005009873932794518
32.42625012433181 1.765863156840565e-06 0.0004771582708104754
32.62130967398656 1.681599783166662e-06 0.0004543892552618225
32.81754260100581 1.601098497387525e-06 0.0004326368028299373
33.01495596382091 1.524204008858707e-06 0.000411858952043972
33.21355686332307 1.450767016428926e-06 0.0003920153598689072
33.4133524431188 1.380643843985859e-06 0.0003730672032254764
33.61434988978685 1.313696076691752e-06 0.0003549770806964846
33.81655643313671 1.249790596497607e-06 0.0003377090221231867
34.01997934646867 1.188799497539311e-06 0.0003212284657442654
34.22462594683541 1.130599637328712e-06 0.0003055021369220551
34.43050359530524 1.07507254263984e-06 0.0002904980227118258
34.63761969722685 1.022104491796525e-06 0.0002761853940969238
34.84598170249565 9.715861185233795e-07 0.0002625346989443615
35.0555971058218 9.234122074653673e-07 0.0002495175067516517
35.26647344699975 8.774817674438762e-07 0.0002371065284415143
35.47861831117944 8.336978278211745e-07 0.0002252755613370091
35.69203932913916 7.919671360379664e-07 0.0002139994074324071
35.90674417756002 7.522001443098886e-07 0.0002032538697984185
36.12274057930207 7.143109965324641e-07 0.0001930157490437475
36.34003630368208 6.782171940642247e-07 0.0001832627530055188
36.55863916675303 6.43839493993876e-07 0.0001739734692597966
36.77855703158521 6.111019716337738e-07 0.0001651273820081013
36.9997978085491 5.799317681106384e-07 0.0001567048038732698
37.22236945559986 5.502589107698047e-07 0.0001486868273704414
37.4462799785636 5.220163425806113e-07 0.000141055332852761
37.67153743142533 4.95139821574713e-07 0.0001337929613383562
37.89814991661868 4.695676834449992e-07 0.0001268830503616007
38.12612558531732 4.452408044774607e-07 0.0001203096239568419
38.35547263772817 4.221026174750983e-07 0.0001140573969612404
38.58619932338635 4.000988778095145e-07 0.0001081117117989888
38.81831394145193 3.791775682408491e-07 0.00010245851276247
39.05182484100842 3.592889367459874e-07 9.708435623391188e-05
39.2867404213631 3.403853480092621e-07 9.197637055632034e-05
39.52306913234914 3.224211352317739e-07 8.712221599050781e-05
39.76081947462954 3.053526021918229e-07 8.251008527184771e-05
40.00000000000288 2.891379820948466e-07 7.81286924910137e-05
