##########################################################################################
#
# SZ signal computed with SZpack v1.1.1
# Runmode: CNSN-basis
#
# General parameters:
# xmin= 0.1 xmax= 40 np= 1000
# Dtau= 0.01
# Te= 2keV (The ~ 0.0039139)
# betac= 0 muc= 1
# betao= 0 muo= 1
#
# Runmode specific parameters:
# eps= 0
# Te_order= 20 beta_order= 2
#
##########################################################################################
#
# Output format: x = (h nu/k T0) | x^3 Dn(x) | DI(x) in MJy/sr 
# Here a CMB temperature of T0 = 2.726 K is assumed.
#
##########################################################################################
0.1 -7.762923487572801e-07 -0.000209763884218051
0.1006015482792701 -7.856439219540901e-07 -0.0002122907960450869
0.1012067151618632 -7.951079520793234e-07 -0.0002148480951381459
0.1018155224154252 -8.046857870663362e-07 -0.0002174361457256489
0.1024279919385451 -8.14378790490184e-07 -0.0002200553162625994
0.1030441457615424 -8.241883418417367e-07 -0.0002227059795046526
0.1036640060472596 -8.341158376509152e-07 -0.0002253885128116282
0.1042875950918594 -8.441626909205688e-07 -0.0002281032979945366
0.1049149353256267 -8.54330330963483e-07 -0.0002308507212715364
0.1055460493137754 -8.646202044442647e-07 -0.0002336311735494655
0.10618095975726 -8.750337755236148e-07 -0.0002364450504628244
0.1068196894935924 -8.855725252467266e-07 -0.0002392927522085144
0.1074622614976628 -8.962379521679356e-07 -0.0002421746837146254
0.1081086988825668 -9.070315733022707e-07 -0.0002450912548975575
0.1087590249004362 -9.179549233123169e-07 -0.0002480428804423006
0.1094132629432757 -9.290095546518924e-07 -0.0002510299798412578
0.1100714365438043 -9.401970388440322e-07 -0.0002540529777395728
0.1107335693763015 -9.515189660702878e-07 -0.0002571123038241534
0.1113996852574591 -9.629769448092444e-07 -0.0002602083927259942
0.1120698081472377 -9.745726028601559e-07 -0.000263341684296776
0.1127439621497288 -9.863075878286753e-07 -0.0002665126237401153
0.1134221715140214 -9.981835663215398e-07 -0.0002697216613939596
0.1141044606350749 -1.010202224451496e-06 -0.0002729692528670229
0.1147908540545956 -1.022365269104959e-06 -0.0002762558593813243
0.1154813764619206 -1.034674427098122e-06 -0.0002795819475441575
0.1161760526949047 -1.047131445153856e-06 -0.0002829479893418492
0.1168749077408149 -1.059738091276898e-06 -0.0002863544625113516
0.1175779667372284 -1.072496154605822e-06 -0.0002898018505002439
0.118285254972937 -1.085407444818753e-06 -0.0002932906423061486
0.118996797888857 -1.098473793087251e-06 -0.0002968213327344824
0.119712621078944 -1.111697052961091e-06 -0.0003003944226375346
0.1204327502911136 -1.125079099385737e-06 -0.0003040104186489776
0.1211572114281675 -1.138621829059969e-06 -0.0003076698332805009
0.1218860305487253 -1.152327161973274e-06 -0.0003113731853372339
0.1226192338681618 -1.166197040645433e-06 -0.0003151209997122726
0.12335684775955 -1.180233429885058e-06 -0.0003189138073214338
0.1240988987546095 -1.194438318199179e-06 -0.0003227521454841422
0.124845413544661 -1.208813718015577e-06 -0.0003266365579835085
0.1255964189815867 -1.223361664831529e-06 -0.0003305675948363086
0.1263519420787953 -1.238084218046347e-06 -0.0003345458125179476
0.1271120100121947 -1.252983462278797e-06 -0.0003385717743184409
0.1278766501211688 -1.268061506255189e-06 -0.000342646050041964
0.128645889909561 -1.283320482985932e-06 -0.0003467692160545591
0.1294197570466637 -1.298762551504072e-06 -0.0003509418557539091
0.1301982793682135 -1.314389896326086e-06 -0.0003551645594236388
0.1309814848773924 -1.330204726937631e-06 -0.0003594379240943569
0.1317694017458348 -1.346209279170324e-06 -0.0003637625539156798
0.1325620583146414 -1.362405815891119e-06 -0.0003681390603425084
0.1333594830953982 -1.378796625890213e-06 -0.0003725680618345289
0.1341617047712022 -1.395384024546826e-06 -0.0003770501840361126
0.1349687521976928 -1.412170355567679e-06 -0.0003815860602460749
0.1357806544040905 -1.429157989843691e-06 -0.0003861763311087419
0.13659744059424 -1.446349325395602e-06 -0.0003908216445992557
0.1374191401476617 -1.463746789234021e-06 -0.0003955226565261823
0.1382457826206078 -1.481352837185893e-06 -0.0004002800304846222
0.1390773977471256 -1.499169953061996e-06 -0.0004050944376312563
0.1399140154401271 -1.517200649930904e-06 -0.0004099665570285877
0.140755665792465 -1.535447471350725e-06 -0.0004148970759777724
0.1416023790780148 -1.553912990020412e-06 -0.0004198866896541859
0.1424541857527642 -1.572599808241468e-06 -0.0004249361012321827
0.1433111164559082 -1.591510560010908e-06 -0.0004300460224506403
0.1441732020109516 -1.610647910003754e-06 -0.0004352171733380168
0.1450404734268171 -1.630014553217455e-06 -0.000440450282116268
0.1459129618989614 -1.649613216867473e-06 -0.00044574608571306
0.1467906988104967 -1.669446660721813e-06 -0.0004511053298521617
0.1476737157333199 -1.689517675921119e-06 -0.0004565287687346213
0.148562044429248 -1.709829086080971e-06 -0.0004620171653366194
0.1494557168511607 -1.73038374910289e-06 -0.0004675712918988261
0.1503547651441497 -1.751184555660185e-06 -0.0004731919295172586
0.151259221646675 -1.772234429409616e-06 -0.0004788798682004736
0.152169118891728 -1.793536329341551e-06 -0.0004846359075046095
0.1530844896080017 -1.815093249075043e-06 -0.0004904608563429085
0.1540053667210681 -1.836908216128957e-06 -0.0004963555327887645
0.1549317833545624 -1.858984293761127e-06 -0.0005023207645726875
0.1558637728313743 -1.881324581937593e-06 -0.000508357389344203
0.156801368674847 -1.903932215803312e-06 -0.0005144662542586189
0.1577446046099826 -1.926810366552119e-06 -0.0005206482162120997
0.1586935145646554 -1.949962243793781e-06 -0.0005269041424812752
0.1596481326708324 -1.973391094012185e-06 -0.0005332349103066217
0.1606084932658007 -1.99710020045824e-06 -0.0005396414068635249
0.1615746308934029 -2.021092885647574e-06 -0.0005461245299371868
0.1625465803052792 -2.045372511160748e-06 -0.000552685187868643
0.1635243764621181 -2.069942476482609e-06 -0.0005593242992411392
0.1645080545349132 -2.094806220690594e-06 -0.0005660427933363343
0.1654976499062288 -2.119967224152786e-06 -0.000572841610593135
0.1664931981714723 -2.145429006686621e-06 -0.000579721702110155
0.1674947351401746 -2.171195128147359e-06 -0.0005866840298047289
0.1685022968372784 -2.197269191254397e-06 -0.0005937295671766152
0.1695159195044337 -2.223654840236086e-06 -0.0006008592989418108
0.1705356396013016 -2.250355760309108e-06 -0.0006080742208918712
0.1715614938068656 -2.277375680207008e-06 -0.0006153753405771514
0.172593519020751 -2.304718372672128e-06 -0.0006227636774397326
0.1736317523645521 -2.332387652828018e-06 -0.000630240262373628
0.1746762311831677 -2.360387379624422e-06 -0.0006378061381152353
0.1757269930461439 -2.38872145830446e-06 -0.0006454623599099999
0.1767840757490262 -2.417393838353747e-06 -0.0006532099949582427
0.1778475173147181 -2.446408513744451e-06 -0.0006610501224811057
0.1789173559948495 -2.475769526084399e-06 -0.0006689838345714812
0.1799936302711521 -2.505480963699028e-06 -0.0006770122359459426
0.1810763788568441 -2.535546960603624e-06 -0.0006851364436670315
0.1821656406980222 -2.565971698937413e-06 -0.0006933575878009777
0.1832614549750625 -2.596759410308944e-06 -0.0007016768117812411
0.1843638611040305 -2.627914373704373e-06 -0.0007100952718433019
0.1854728987380978 -2.659440916609746e-06 -0.0007186141373279158
0.1865886077689693 -2.691343418203582e-06 -0.0007272345915437896
0.1877110283283176 -2.723626307288339e-06 -0.0007359578312086399
0.1888402007892269 -2.756294062096566e-06 -0.0007447850663968089
0.1899761657676448 -2.789351213612257e-06 -0.0007537175214367388
0.1911189641238435 -2.822802345343675e-06 -0.0007627564348495849
0.1922686369638894 -2.856652091714535e-06 -0.0007719030589144931
0.1934252256411219 -2.890905140275831e-06 -0.0007811586602662634
0.1945887717576404 -2.925566234019652e-06 -0.0007905245205205722
0.1957593171658014 -2.960640168881094e-06 -0.0008000019355989573
0.1969369039697233 -2.996131794473466e-06 -0.0008095922159274787
0.1981215745268011 -3.032046017863222e-06 -0.0008192966874567551
0.19931337144923 -3.068387801774782e-06 -0.000829116691176881
0.2005123376055381 -3.105162163834178e-06 -0.0008390535829130531
0.2017185161221286 -3.142374179903657e-06 -0.0008491087342266196
0.2029319503848305 -3.180028984783732e-06 -0.0008592835326047845
0.2041526840404598 -3.218131769984058e-06 -0.0008695793808582696
0.205380760998389 -3.256687785591672e-06 -0.0008799976976261366
0.2066162254321268 -3.29570234358969e-06 -0.000890539918272541
0.2078591217809067 -3.335180815098608e-06 -0.0009012074941412961
0.2091094947512857 -3.375128630639849e-06 -0.000912001892627087
0.2103673893187526 -3.415551284303885e-06 -0.000922924598301751
0.2116328507293451 -3.456454332558405e-06 -0.0009339771125922265
0.2129059245012778 -3.497843392809483e-06 -0.0009451609533917647
0.2141866564265795 -3.539724146579248e-06 -0.0009564776559185757
0.2154750925727398 -3.582102341340591e-06 -0.0009679287732115891
0.2167712792843669 -3.62498378767901e-06 -0.000979515875363548
0.2180752631848539 -3.668374360714242e-06 -0.0009912405499051531
0.2193870911780562 -3.712280004344984e-06 -0.001003104402952039
0.2207068104499787 -3.756706728495327e-06 -0.001015109058460724
0.2220344684704725 -3.801660608781714e-06 -0.001027256158138625
0.2233701129949433 -3.847147790866708e-06 -0.001039547362620488
0.2247137920660681 -3.893174490198958e-06 -0.001051984351398137
0.2260655540155243 -3.939746989801705e-06 -0.001064568822222891
0.2274254474657272 -3.986871643123237e-06 -0.001077302491875798
0.2287935213315797 -4.034554877135702e-06 -0.001090187097004967
0.2301698248222314 -4.082803188976559e-06 -0.001103224393218054
0.2315544074428487 -4.131623146840024e-06 -0.001116416155323137
0.2329473189963953 -4.181021394939265e-06 -0.001129764178669563
0.2343486095854241 -4.231004651146209e-06 -0.001143270278510194
0.2357583296138787 -4.281579705900887e-06 -0.001156936289706704
0.237176529788907 -4.332753426535137e-06 -0.001170764067897889
0.2386032611226849 -4.384532758241577e-06 -0.001184755489761502
0.2400385749342508 -4.436924721049488e-06 -0.001198912452197095
0.2414825228513524 -4.489936412190768e-06 -0.001213236872965332
0.2429351568123028 -4.543575010481743e-06 -0.001227730691872009
0.2443965290678495 -4.597847772650647e-06 -0.00124239586977569
0.2458666921830531 -4.652762033587856e-06 -0.001257234388655327
0.2473456990391787 -4.708325211761407e-06 -0.001272248253073598
0.2488336028355976 -4.764544807677096e-06 -0.001287439489760811
0.250330457091701 -4.82142840188183e-06 -0.001302810147075378
0.2518363156488252 -4.87898365902915e-06 -0.001318362296102375
0.2533512326721881 -4.937218330319228e-06 -0.001334098031312858
0.2548752626528374 -4.996140249691304e-06 -0.001350019469535011
0.2564084604096108 -5.055757335573921e-06 -0.001366128750427085
0.2579508810911079 -5.116077596413552e-06 -0.001382428037971298
0.2595025801776736 -5.177109127047404e-06 -0.001398919519493722
0.261063613483394 -5.238860108150922e-06 -0.001415605405514993
0.2626340371581039 -5.301338811825134e-06 -0.001432487931260083
0.2642139076894062 -5.364553601284355e-06 -0.00144956935657391
0.2658032819047042 -5.42851292785192e-06 -0.001466851965109549
0.2674022169732455 -5.493225334545319e-06 -0.001484338065296979
0.2690107704081783 -5.558699460120396e-06 -0.001502029991435881
0.2706290000686201 -5.624944034615045e-06 -0.001519930102491483
0.2722569641617388 -5.691967880379109e-06 -0.001538040782372856
0.2738947212448469 -5.759779918443485e-06 -0.00155636444165392
0.2755423302275071 -5.828389165448285e-06 -0.001574903516743403
0.2771998503736515 -5.897804732085972e-06 -0.001593660469464151
0.2788673413037137 -5.968035828566035e-06 -0.00161263778852975
0.2805448629967726 -6.039091765890137e-06 -0.001631837989889095
0.2822324757927104 -6.110981951805716e-06 -0.001651263615632991
0.283930240394383 -6.183715893708249e-06 -0.001670917234778394
0.285638217869803 -6.25730320426964e-06 -0.001690801444789258
0.2873564696543368 -6.331753596617668e-06 -0.001710918870273975
0.2890850575529139 -6.407076884504376e-06 -0.001731272163030865
0.2908240437422505 -6.48328298915255e-06 -0.001751864003898185
0.2925734907730859 -6.560381937268245e-06 -0.00177269710221709
0.294333461572432 -6.638383858307608e-06 -0.001793774195093092
0.2961040194458372 -6.717298989520796e-06 -0.001815098048758988
0.2978852280796634 -6.797137679074657e-06 -0.001836671459418654
0.2996771515433765 -6.877910381028327e-06 -0.00185849725188938
0.3014798542918515 -6.959627657393474e-06 -0.00188057828015858
0.3032934011676903 -7.042300185109594e-06 -0.001902917429268601
0.3051178574035545 -7.125938751340202e-06 -0.001925517614045698
0.3069532886245115 -7.210554252579251e-06 -0.001948381778858573
0.3087997608503953 -7.296157701587869e-06 -0.001971512899492771
0.3106573404981812 -7.382760226980898e-06 -0.001994913983038958
0.3125260943843745 -7.470373069212658e-06 -0.00201858806680822
0.3144060897274139 -7.559007584913157e-06 -0.002042538219503768
0.3162973941500897 -7.648675251964538e-06 -0.002066767542592652
0.3182000756819758 -7.739387663698295e-06 -0.002091279168737777
0.3201142027618771 -7.831156529987636e-06 -0.002116076262093077
0.3220398442402905 -7.923993685127866e-06 -0.002141162020432887
0.3239770693818822 -8.01791108388915e-06 -0.002166539674085354
0.3259259478679787 -8.112920799324433e-06 -0.002192212485340109
0.3278865497990735 -8.209035029407078e-06 -0.002218183750241842
0.3298589456973481 -8.306266098584185e-06 -0.00224445679901002
0.3318432065092091 -8.404626452473672e-06 -0.002271034994605984
0.3338394036078401 -8.504128661244324e-06 -0.00229792173364627
0.3358476087957689 -8.604785426533735e-06 -0.002325120448271928
0.3378678943074497 -8.70660957525608e-06 -0.002352634604475307
0.3399003328118625 -8.809614059558062e-06 -0.002380467702088145
0.3419449974151257 -8.913811965100908e-06 -0.002408623277019474
0.3440019616631268 -9.019216508496669e-06 -0.002437104900562872
0.3460712995441669 -9.125841033637568e-06 -0.002465916178404609
0.3481530854916227 -9.233699017649985e-06 -0.002495060752232486
0.3502473943866234 -9.34280407464999e-06 -0.002524542300750632
0.3523543015607447 -9.453169949274296e-06 -0.002554364537931479
0.3544738827987177 -9.564810518921162e-06 -0.00258453121362129
0.3566062143411555 -9.677739802112873e-06 -0.002615046115799799
0.3587513728872951 -9.791971952530772e-06 -0.002645913068968407
0.3609094355977566 -9.907521257603765e-06 -0.002677135933768773
0.3630804800973185 -1.002440214667154e-05 -0.002708718609188625
0.3652645844777097 -1.014262919033903e-05 -0.002740665032387322
0.3674618273004187 -1.026221709524648e-05 -0.002772979177282661
0.369672287599519 -1.038318070898465e-05 -0.002805665055879029
0.3718960448845125 -1.05055350260623e-05 -0.002838726719879892
0.374133179143189 -1.062929518056455e-05 -0.002872168258703993
0.3763837708445035 -1.075447644711647e-05 -0.002905993799745717
0.3786479009414707 -1.088109425005451e-05 -0.002940207510853339
0.3809256508740766 -1.100916415844654e-05 -0.002974813598983368
0.3832171025722083 -1.113870188306631e-05 -0.003009816309383015
0.3855223384586003 -1.126972328393186e-05 -0.003045219927627153
0.3878414414518001 -1.140224437193917e-05 -0.003081028780059763
0.3901744949691499 -1.153628130212743e-05 -0.003117247231974127
0.3925215829297878 -1.167185037726761e-05 -0.003153879688582487
0.3948827897576659 -1.180896805575101e-05 -0.003190930597147649
0.3972582003845871 -1.194765094388771e-05 -0.003228404444901914
0.3996479002532602 -1.208791579541446e-05 -0.003266305758914114
0.402051975320373 -1.222977952078185e-05 -0.003304639108599121
0.4044705120596843 -1.237325918383909e-05 -0.003343409104822018
0.4069035974651345 -1.251837199704503e-05 -0.003382620398604078
0.4093513190539743 -1.266513532790075e-05 -0.003422277682860914
0.4118137648699132 -1.281356670297387e-05 -0.003462385693489906
0.4142910234862858 -1.296368379988365e-05 -0.003502949207204478
0.4167831840092382 -1.311550444937435e-05 -0.003543973042094335
0.4192903360809331 -1.326904664447202e-05 -0.003585462060099744
0.4218125698827739 -1.342432853316788e-05 -0.003627421165034505
0.4243499761386489 -1.358136841624312e-05 -0.00366985530199817
0.4269026461181943 -1.374018475599091e-05 -0.003712769459732843
0.429470671640077 -1.390079617504015e-05 -0.003756168670305348
0.4320541450752978 -1.406322144980681e-05 -0.003800058007337693
0.4346531593505136 -1.422747951541242e-05 -0.003844442587336109
0.43726780795138 -1.439358947187542e-05 -0.003889327571364033
0.4398981849259138 -1.456157057524007e-05 -0.003934718162645026
0.4425443848878763 -1.473144223801098e-05 -0.003980619606680185
0.4452065030201759 -1.490322403867035e-05 -0.004027037193819829
0.4478846350782926 -1.507693571556289e-05 -0.004073976257611121
0.4505788773937215 -1.525259716284096e-05 -0.004121442173702398
0.4532893268774382 -1.543022843797919e-05 -0.004169440361873708
0.4560160810233846 -1.560984976292275e-05 -0.004217976286347098
0.458759237911976 -1.579148151596562e-05 -0.004267055453592013
0.4615188962136283 -1.597514423485688e-05 -0.004316683413164656
0.464295155192308 -1.616085862453478e-05 -0.004366865759797833
0.4670881147091019 -1.634864554804399e-05 -0.004417608130946677
0.4698978752258099 -1.653852602519394e-05 -0.004468916206426117
0.4727245378085577 -1.673052124150331e-05 -0.00452079571082779
0.4755682041314329 -1.692465254387197e-05 -0.004573252412350547
0.4784289764801414 -1.712094143462242e-05 -0.004626292121190366
0.4813069577556875 -1.731940957725134e-05 -0.004679920691094515
0.4842022514780743 -1.752007879968391e-05 -0.004734144020240881
0.487114961790028 -1.772297108497022e-05 -0.004788968048724046
0.4900451934607434 -1.79281085724326e-05 -0.004844398758865305
0.4929930518896525 -1.813551356590136e-05 -0.004900442177438053
0.4959586431102161 -1.834520852522532e-05 -0.004957104373373843
0.4989420737937372 -1.855721606301627e-05 -0.005014391456882686
0.5019434512531983 -1.877155895215057e-05 -0.005072309581480083
0.504962883447121 -1.898826012343959e-05 -0.005130864943357545
0.5080004789834501 -1.920734265796082e-05 -0.005190063779310361
0.5110563471234592 -1.942882979062881e-05 -0.005249912367702518
0.5141305977856812 -1.965274491486358e-05 -0.005310417029728161
0.5172233415498623 -1.98791115726976e-05 -0.005371584126738377
0.520334689660939 -2.010795345392489e-05 -0.005433420060011257
0.52346475403304 -2.033929440356836e-05 -0.005495931272769685
0.5266136472535116 -2.057315841467428e-05 -0.005559124248234304
0.5297814825869668 -2.080956962313461e-05 -0.005623005508224447
0.5329683739793606 -2.104855231299634e-05 -0.005687581614592782
0.5361744360620875 -2.129013091582913e-05 -0.005752859169054444
0.5393997841561053 -2.153433000179032e-05 -0.005818844810772696
0.5426445342760833 -2.178117428078835e-05 -0.005885545216673282
0.5459088031345746 -2.203068860736514e-05 -0.005952967102763729
0.5491927081462149 -2.228289797095181e-05 -0.006021117221500305
0.5524963674319456 -2.253782749303438e-05 -0.006090002361022155
0.5558198998232626 -2.279550243263793e-05 -0.006159629346633206
0.5591634248664905 -2.305594818060405e-05 -0.006230005039255844
0.5625270628270829 -2.331919025276876e-05 -0.006301136333587517
0.565910934693948 -2.358525429251348e-05 -0.006373030158790021
0.5693151621838011 -2.38541660709168e-05 -0.006445693478530534
0.5727398677455418 -2.412595147721443e-05 -0.006519133288403759
0.5761851745646592 -2.440063651756012e-05 -0.006593356615597106
0.5796512065676627 -2.467824731850094e-05 -0.006668370519829772
0.5831380884265391 -2.49588101180656e-05 -0.006744182090944685
0.5866459455632378 -2.524235126108663e-05 -0.006820798447644488
0.5901749041541815 -2.552889720166071e-05 -0.006898226738156374
0.5937250911348052 -2.581847449842883e-05 -0.00697647413895671
0.5972966342041217 -2.611110980670366e-05 -0.007055547852643752
0.6008896618293151 -2.640682987796418e-05 -0.007135455107801101
0.6045043032503616 -2.670566155922358e-05 -0.00721620315882689
0.6081406884846782 -2.700763178368068e-05 -0.007297799283407685
0.6117989483317994 -2.731276756726885e-05 -0.007380250781585966
0.6154792143780822 -2.762109600901513e-05 -0.007463564975857152
0.619181619001439 -2.793264428313296e-05 -0.007547749209032971
0.6229062953760992 -2.824743963295571e-05 -0.007632810842602215
0.6266533774773996 -2.85655093696124e-05 -0.007718757256372911
0.6304230000866031 -2.88868808669867e-05 -0.007805595847110178
0.6342152987957473 -2.9211581553692e-05 -0.007893334026367781
0.6380304100125211 -2.953963890953642e-05 -0.007981979219532946
0.6418684709651717 -2.987108046197493e-05 -0.008071538864867668
0.6457296197074404 -3.020593377764913e-05 -0.008162020411222671
0.6496139951235281 -3.054422645712678e-05 -0.00825343131661593
0.6535217369330918 -3.088598613067257e-05 -0.008345779047089922
0.6574529856962692 -3.123124045057402e-05 -0.008439071074637953
0.6614078828187353 -3.158001708459498e-05 -0.008533314875435233
0.6653865705567885 -3.193234371049552e-05 -0.008628517928358077
0.6693891920224675 -3.22882480084293e-05 -0.008724687712929573
0.673415891188699 -3.264775765384826e-05 -0.008821831707402347
0.6774668128944764 -3.30109003113145e-05 -0.008919957387086461
0.6815421028500694 -3.337770362564457e-05 -0.009019072221956468
0.6856419076422656 -3.37481952144736e-05 -0.00911918367464218
0.6897663747396426 -3.412240266197175e-05 -0.009220299198730745
0.693915652497873 -3.450035350895622e-05 -0.0093224262360948
0.6980898901650602 -3.488207524353242e-05 -0.0094255722143636
0.702289237887107 -3.526759529540865e-05 -0.009529744545386779
0.7065138467131162 -3.56569410263582e-05 -0.009634950622657068
0.7107638686008243 -3.605013971701478e-05 -0.009741197817742285
0.7150394564220665 -3.644721856169839e-05 -0.009848493478887197
0.7193407639682761 -3.684820466027973e-05 -0.0099568449288152
0.7236679459560159 -3.72531250018885e-05 -0.01006625946032608
0.728021158032544 -3.766200645741905e-05 -0.01017674433427095
0.7324005567814114 -3.807487577363194e-05 -0.01028830677795844
0.736806299728095 -3.849175955711936e-05 -0.01040095398082194
0.7412385453456634 -3.89126842600247e-05 -0.01051469309056081
0.7456974530604773 -3.933767617688128e-05 -0.01062953121228625
0.7501831832579239 -3.976676143166548e-05 -0.0107454754050228
0.754695897288186 -4.019996595549657e-05 -0.01086253267568263
0.7592357574720454 -4.063731548370195e-05 -0.01098070997827251
0.7638029271067222 -4.10788355469738e-05 -0.01110001421150418
0.7683975704717476 -4.152455144612638e-05 -0.01122045221197354
0.7730198528348741 -4.197448824180871e-05 -0.01134203075138081
0.7776699404580188 -4.242867075107954e-05 -0.01146475653560509
0.7823480006032453 -4.288712352547907e-05 -0.01158863619877907
0.7870542015387785 -4.334987082735769e-05 -0.01171367629689271
0.7917887125450584 -4.381693663092018e-05 -0.01183988330807547
0.7965517039208285 -4.428834460702082e-05 -0.01196726362848767
0.8013433469892614 -4.476411808854955e-05 -0.01209582356296747
0.8061638141041211 -4.524428006850166e-05 -0.01222556932450927
0.8110132786559631 -4.572885319253078e-05 -0.01235650703225139
0.8158919150783704 -4.621785972409119e-05 -0.01248864270205712
0.8207998988542287 -4.671132152677489e-05 -0.01262198224174198
0.8257374065220374 -4.720926006600034e-05 -0.01275653145153002
0.8307046156822607 -4.77116963822972e-05 -0.01289229601683503
0.8357017050037151 -4.821865105295662e-05 -0.01302928149789798
0.8407288542299962 -4.873014419832597e-05 -0.01316749333148792
0.8457862441859444 -4.924619546612354e-05 -0.01330693682666362
0.8508740567841485 -4.976682398229498e-05 -0.01344761715149437
0.8559924750314897 -5.029204834648635e-05 -0.01358953933183675
0.8611416830357236 -5.082188662916689e-05 -0.01373270825055714
0.8663218660121029 -5.13563563276189e-05 -0.01387712863563966
0.8715332102900397 -5.1895474334484e-05 -0.01402280505168698
0.8767759033198074 -5.243925694741796e-05 -0.01416974190252916
0.882050133679283 -5.298771983954202e-05 -0.01431794342323921
0.8873560910807308 -5.354087800123884e-05 -0.01446741366440569
0.8926939663776258 -5.409874575097795e-05 -0.01461815649505781
0.8980639515715189 -5.466133672199979e-05 -0.01477017559906736
0.9034662398189428 -5.522866379778449e-05 -0.01492347445771149
0.9089010254383604 -5.580073909868632e-05 -0.01507805634606126
0.9143685039171535 -5.637757398773076e-05 -0.01523392433454801
0.9198688719186553 -5.695917901925157e-05 -0.01539108127508448
0.9254023272892237 -5.754556388585581e-05 -0.01554952978673411
0.9309690690653579 -5.813673743844985e-05 -0.01570927226112231
0.9365692974808579 -5.873270765650241e-05 -0.01587031085440113
0.9422032139740265 -5.933348156642797e-05 -0.01603264746519549
0.9478710211949153 -5.993906525290165e-05 -0.01619628373766057
0.9535729230126136 -6.054946385241114e-05 -0.01636122105973948
0.9593091245225821 -6.116468147413283e-05 -0.01652746054178297
0.9650798320540293 -6.178472116887831e-05 -0.01669500300815842
0.9708852531773335 -6.24095849482169e-05 -0.01686384900241698
0.9767255967115094 -6.303927372895299e-05 -0.01703399877229063
0.9826010727317186 -6.367378725044666e-05 -0.01720545224735123
0.9885118925768263 -6.431312410568647e-05 -0.0173782090474067
0.9944582688570029 -6.495728171510579e-05 -0.01755226847542595
1.000440415461372 -6.560625622041807e-05 -0.01772762948885177
1.006458547565703 -6.626004248841386e-05 -0.0179042907006269
1.012512881640152 -6.691863411749964e-05 -0.01808225038096084
1.018603635457047 -6.758202334680632e-05 -0.01826150643276987
1.024731028098722 -6.82502009964959e-05 -0.01844205637554715
1.030895279965397 -6.892315650464754e-05 -0.01862389735532984
1.037096612783106 -6.960087787199931e-05 -0.01880702612976753
1.043335249611672 -7.028335154322143e-05 -0.01899143903604089
1.04961141485273 -7.097056244604219e-05 -0.01917713200143394
1.055925334257799 -7.166249397428862e-05 -0.01936410053875142
1.062277234936404 -7.235912785868027e-05 -0.01955233971140568
1.068667345364243 -7.306044415145594e-05 -0.0197418441292626
1.075095895391404 -7.376642125303395e-05 -0.01993260795584555
1.081563116250635 -7.447703581439644e-05 -0.02012462488195841
1.088069240565661 -7.519226263702494e-05 -0.02031788809864689
1.094614502359551 -7.591207473051824e-05 -0.02051239031276763
1.101199137063137 -7.663644326286717e-05 -0.0207081237335518
1.107823381523478 -7.736533740363199e-05 -0.02090508003022968
1.114487474012384 -7.80987243621467e-05 -0.02110325034235395
1.121191654234987 -7.883656938813984e-05 -0.02130262527996741
1.127936163338358 -7.957883562397543e-05 -0.02150319488367667
1.134721243920186 -8.032548405551976e-05 -0.02170494861137575
1.141547140037501 -8.107647356618312e-05 -0.02190787535284878
1.148414097215454 -8.183176083968777e-05 -0.02211196340349674
1.155322362456149 -8.259130020948852e-05 -0.02231720042364899
1.162272184247527 -8.335504373642188e-05 -0.02252357345954507
1.169263812572304 -8.412294117150253e-05 -0.0227310689332818
1.176297498916961 -8.48949397638354e-05 -0.02293967259090878
1.183373496280794 -8.567098428329236e-05 -0.02314936950855588
1.19049205918501 -8.645101704902826e-05 -0.02336014410013861
1.197653443681885 -8.723497777098386e-05 -0.02357198007453027
1.204857907363973 -8.802280345113809e-05 -0.02378486040887909
1.212105709373372 -8.881442847085643e-05 -0.0239987673722108
1.219397110411042 -8.960978450263239e-05 -0.02421368250158012
1.22673237274619 -9.04088003040037e-05 -0.02442958654638431
1.234111760225694 -9.121140180797629e-05 -0.0246464594927969
1.241535538283603 -9.20175121082777e-05 -0.02486428055978293
1.249003973950675 -9.282705123949661e-05 -0.02508302813968994
1.256517335863991 -9.363993616577296e-05 -0.02530267979519189
1.264075894276612 -9.44560808479822e-05 -0.02552321227744317
1.271679921067302 -9.527539608553443e-05 -0.02574460148333077
1.279329689750306 -9.609778935386133e-05 -0.0259668224115612
1.287025475485191 -9.692316492757307e-05 -0.02618984919593906
1.294767555086741 -9.775142381044298e-05 -0.026413655086448
1.302556207034913 -9.858246347802367e-05 -0.02663821237970235
1.310391711484858 -9.941617796444696e-05 -0.02686349244240163
1.318274350276994 -0.0001002524578836249 -0.02708946571705922
1.326204406947145 -0.0001010911901938471 -0.02731610165839374
1.334182166736741 -0.0001019322581324993 -0.02754336871568909
1.342207916603075 -0.000102775541331356 -0.027771234363948
1.350281945229628 -0.0001036209156721495 -0.02799966506486497
1.358404543036452 -0.0001044682530522832 -0.02822862620351916
1.366576002190616 -0.0001053174215395325 -0.02845808213017633
1.374796616616712 -0.0001061682853318245 -0.02868799614942101
1.383066682007434 -0.0001070207044614184 -0.02891833044022216
1.391386495834208 -0.0001078745348542209 -0.02914904607196116
1.399756357357896 -0.0001087296284046259 -0.02938010302465417
1.408176567639557 -0.00010958583274152 -0.02961146012572409
1.416647429551278 -0.000110442991072011 -0.029843075007774
1.425169247787069 -0.0001113009424081848 -0.03007490416985961
1.433742328873819 -0.0001121595214010758 -0.03030690293262618
1.442366981182327 -0.0001130185578027647 -0.03053902529296042
1.45104351493839 -0.0001138778773399137 -0.0307712241600308
1.459772242233963 -0.000114737301352708 -0.03100345125772483
1.468553477038385 -0.0001155966455963466 -0.03123565680079716
1.477387535209671 -0.0001164557215199965 -0.03146778984045866
1.486274734505876 -0.0001173143361035528 -0.03169979822026734
1.495215394596523 -0.0001181722912329071 -0.03193162840731768
1.504209837074101 -0.0001190293837730805 -0.0321632255120024
1.513258385465633 -0.0001198854057460992 -0.03239453333607648
1.522361365244312 -0.0001207401442297913 -0.03262549434531085
1.531519103841213 -0.0001215933810270434 -0.03285604958012141
1.540731930657063 -0.0001224448928252046 -0.03308613869864194
1.550000177074097 -0.000123294451261771 -0.0333156999944729
1.55932417646797 -0.0001241418226172077 -0.0335446703136781
1.568704264219756 -0.0001249867677560046 -0.03377298503885725
1.578140777728008 -0.0001258290423337025 -0.03400057814508696
1.587634056420891 -0.0001266683966274389 -0.03422738215413214
1.597184441768398 -0.0001275045752418987 -0.03445332805499017
1.606792277294626 -0.0001283373173723942 -0.03467834537497841
1.616457908590138 -0.0001291663567878767 -0.0349023621751438
1.626181683324388 -0.0001299914214631822 -0.03512530495089091
1.635963951258232 -0.0001308122337083546 -0.0353470986669268
1.645805064256506 -0.0001316285103126634 -0.03556766679617635
1.655705376300682 -0.0001324399622726502 -0.03578693124629707
1.665665243501602 -0.0001332462946558959 -0.03600481232286722
1.675685024112287 -0.0001340472068792636 -0.03622122880457062
1.685765078540822 -0.0001348423926020981 -0.03643609791433774
1.695905769363321 -0.0001356315393820367 -0.0366493352263415
1.70610746133697 -0.0001364143289559966 -0.0368608547419236
1.716370521413142 -0.0001371904372969604 -0.03707056890493862
1.726695318750602 -0.0001379595342687736 -0.03727838850847605
1.737082224728785 -0.0001387212836998511 -0.03748422271477667
1.747531612961148 -0.0001394753436126694 -0.03768797911724426
1.758043859308618 -0.0001402213660185287 -0.03788956368498764
1.768619341893104 -0.0001409589967147484 -0.03808888070802053
1.779258441111101 -0.0001416878756226131 -0.03828583288857863
1.789961539647373 -0.0001424076367584667 -0.03848032133330893
1.800729022488719 -0.0001431179078875522 -0.03867224545973299
1.811561276937818 -0.0001438183107918756 -0.03886150306862695
1.822458692627162 -0.0001445084614152313 -0.03904799038320934
1.83342166153307 -0.0001451879695831555 -0.03923160197346893
1.844450577989788 -0.000145856439017454 -0.03941223076009033
1.855545838703674 -0.0001465134676471955 -0.03958976809848824
1.866707842767465 -0.0001471586474962098 -0.03976410374840815
1.877936991674634 -0.0001477915644509665 -0.03993512581120417
1.88923368933383 -0.0001484117986341951 -0.04010272083079584
1.90059834208341 -0.0001490189244657862 -0.04026677381012447
1.912031358706049 -0.0001496125103735672 -0.04042716813300112
1.923533150443451 -0.0001501921190267738 -0.04058378562719341
1.935104131011135 -0.0001507573075724486 -0.04073650662830348
1.946744716613318 -0.0001513076274608834 -0.04088520993260028
1.958455325957888 -0.0001518426244238607 -0.04102977279114014
1.970236380271462 -0.0001523618388484681 -0.04117007101077613
1.982088303314539 -0.0001528648057736674 -0.04130597895323095
1.994011521396743 -0.0001533510546938513 -0.04143736948201548
2.006006463392153 -0.0001538201099362224 -0.04156411406440137
2.018073560754737 -0.0001542714908169167 -0.04168608281360747
2.030213247533863 -0.0001547047114681969 -0.04180314444210541
2.042425960389917 -0.000155119281040642 -0.0419151663162536
2.05471213861001 -0.0001555147040161023 -0.04202201454086176
2.067072224123773 -0.0001558904801690442 -0.04212355394874566
2.079506661519261 -0.0001562461045645476 -0.04221964810018603
2.092015898058938 -0.000156581067961763 -0.04231015939194777
2.104600383695769 -0.0001568948569227328 -0.04239494908668473
2.117260571089404 -0.00015718695373447 -0.04247387729188449
2.129996915622458 -0.0001574568367656443 -0.04254680305624928
2.142809875416892 -0.0001577039807085128 -0.0426135844350688
2.155699911350493 -0.0001579278565722196 -0.04267407848840964
2.16866748707345 -0.0001581279318925015 -0.04272814133778036
2.181713069025031 -0.0001583036710853408 -0.04277562826169289
2.194837126450363 -0.0001584545355566339 -0.04281639372529637
2.208040131417308 -0.0001585799838076782 -0.04285029140888111
2.221322558833443 -0.0001586794718273377 -0.0428771743138464
2.234684886463145 -0.0001587524533017677 -0.04289689481937105
2.248127594944775 -0.0001587983797325041 -0.04290930471432229
2.261651167807962 -0.000158816700780581 -0.04291425529024091
2.275256091491004 -0.0001588068645587104 -0.04291159742029164
2.288942855358358 -0.0001587683178194229 -0.04290118161010127
2.302711951718243 -0.0001587005062522075 -0.04288285807804947
2.316563875840352 -0.0001586028748228646 -0.04285647684696623
2.330499125973664 -0.000158474868019799 -0.04282188781068325
2.344518203364364 -0.0001583159301715991 -0.04277894081984782
2.358621612273878 -0.0001581255057969711 -0.04272748577647957
2.372809859997005 -0.0001579030398813917 -0.04266737270872519
2.387083456880169 -0.0001576479782448543 -0.04259845187022825
2.401442916339774 -0.0001573597679281322 -0.04252057384450235
2.415888754880671 -0.0001570378574701423 -0.04243358961987811
2.430421492114737 -0.0001566816972875846 -0.04233735069208667
2.445041650779565 -0.0001562907401738868 -0.04223170919908057
2.459749756757268 -0.0001558644415603584 -0.04211651799160101
2.474546339093393 -0.0001554022598611973 -0.04199163072640288
2.489431930015952 -0.0001549036570926292 -0.04185690203355391
2.504407064954564 -0.000154368099188402 -0.0417121876016853
2.519472282559719 -0.0001537950562754867 -0.04155734425248939
2.534628124722145 -0.0001531840033050784 -0.04139223011122415
2.549875136592308 -0.0001525344205842146 -0.04121670475036307
2.565213866600017 -0.0001518457939489602 -0.04103062923639181
2.580644866474148 -0.0001511176152930713 -0.04083386627265984
2.596168691262497 -0.0001503493833930107 -0.0406262804223099
2.611785899351737 -0.0001495406040403746 -0.04040773814406137
2.627497052487508 -0.0001486907904170895 -0.04017810789359317
2.64330271579462 -0.0001477994640578548 -0.03993726038360763
2.659203457797384 -0.0001468661551974739 -0.03968506867768393
2.675199850440056 -0.0001458904029404548 -0.03942140823610608
2.691292469107416 -0.000144871756116155 -0.03914615714693385
2.707481892645458 -0.0001438097740920976 -0.03885919634577092
2.723768703382218 -0.0001427040267450333 -0.03856040960794552
2.740153487148712 -0.0001415540950579822 -0.03824968370983845
2.756636833300016 -0.0001403595723599021 -0.03792690876385705
2.77321933473646 -0.000139120064326908 -0.03759197821876467
2.789901587924954 -0.0001378351892795106 -0.03724478893999825
2.806684192920446 -0.0001365045794617867 -0.03688524155531609
2.823567753387507 -0.0001351278815411469 -0.0365132405898414
2.840552876622036 -0.0001337047565411613 -0.03612869444791091
2.857640173573115 -0.0001322348808242415 -0.03573151567860772
2.874830258864976 -0.0001307179473188455 -0.03532162130736761
2.892123750819116 -0.0001291536652098298 -0.03489893275230813
2.909521271476531 -0.0001275417604912147 -0.03446337597359277
2.927023446620097 -0.0001258819776216361 -0.03401488192075465
2.944630905797074 -0.0001241740794689554 -0.03355338651772941
2.962344282341753 -0.0001224178473802073 -0.03307883068175611
2.980164213398238 -0.000120613082673287 -0.0325911607264496
2.998091339943359 -0.0001187596074357896 -0.03209032857765692
3.016126306809736 -0.0001168572640903032 -0.03157629165599411
3.034269762708964 -0.0001149059163592037 -0.03104901313754579
3.052522360254954 -0.0001129054509752487 -0.03050846241608895
3.070884755987404 -0.0001108557770714964 -0.02995461493824154
3.089357610395416 -0.0001087568265436128 -0.02938745230136226
3.107941587941251 -0.0001066085560166011 -0.02880696278498545
3.126637357084233 -0.0001044109468680409 -0.02821314135710062
3.14544559030479 -0.0001021640049050392 -0.02760598958686059
3.164366964128648 -9.986776189152373e-05 -0.02698551605727521
3.183402159151157 -9.752227676568363e-05 -0.02635173669417896
3.202551860061779 -9.512763474354584e-05 -0.0257046745240062
3.221816755668715 -9.268394809574455e-05 -0.02504435988368394
3.241197538923678 -9.01913582800532e-05 -0.02437083099686858
3.260694906946819 -8.765003510750581e-05 -0.02368413374862151
3.280309561051807 -8.506017673927457e-05 -0.02298432168456538
3.300042206771049 -8.242201175992502e-05 -0.02227145657110357
3.319893553881069 -7.97357994280494e-05 -0.02154560846314439
3.339864316428041 -7.70018288188204e-05 -0.02080685547240846
3.359955212753471 -7.422042016286154e-05 -0.02005528412920813
3.380166965520037 -7.139192650468942e-05 -0.01929098983057939
3.400500301737581 -6.851673232936176e-05 -0.01851407646918489
3.42095595278926 -6.559525398075729e-05 -0.01772465654633851
3.441534654457853 -6.262794199424804e-05 -0.01692285180232244
3.46223714695223 -5.961528020284007e-05 -0.01610879297485533
3.483064174933973 -5.655778519568922e-05 -0.01528261965277639
3.504016487544163 -5.345600822259125e-05 -0.01444448079066251
3.525094838430328 -5.031053576385948e-05 -0.01359453486281622
3.546299985773546 -4.712198806954152e-05 -0.01273294946854388
3.567632692315724 -4.389102008422336e-05 -0.01185990158204923
3.589093725387028 -4.061832340693546e-05 -0.01097557808202455
3.610683856933487 -3.730462453466333e-05 -0.01008017527702523
3.632403863544755 -3.395068476877491e-05 -0.009173898880185325
3.654254526482051 -3.055730242415225e-05 -0.008256964606152484
3.676236631706256 -2.712531198417226e-05 -0.007329597942753213
3.698350969906183 -2.365558303654423e-05 -0.006392033863442894
3.720598336527025 -2.014902175438174e-05 -0.005444517227509884
3.742979531798957 -1.660657122947796e-05 -0.004487302870130683
3.765495360765927 -1.302921000600831e-05 -0.003520655206158076
3.788146633314612 -9.417952565429343e-06 -0.002544848361146868
3.810934164203546 -5.773850729099619e-06 -0.001560166550359555
3.833858773092431 -2.097991993255515e-06 -0.0005669036288559978
3.856921284571616 1.608501200225605e-06 0.0004346371055554677
3.880122528191761 5.344469878090272e-06 0.00144414248383261
3.903463338493672 9.108719027941642e-06 0.002461289598706727
3.926944555038322 1.290001942304781e-05 0.003485746297768639
3.950567022437048 1.671710690830893e-05 0.004517170990528084
3.974331590381932 2.055868148884273e-05 0.005555212402138147
3.998239113676364 2.442340972806501e-05 0.006599510221386559
4.02229045226579 2.830992507831599e-05 0.007649695190035044
4.046486471268643 3.221682642723787e-05 0.008705388710032414
4.070828041007458 3.614267997910563e-05 0.009766203351873606
4.095316037040186 4.00860206164257e-05 0.01083174322252068
4.119951340191675 4.404535100515364e-05 0.01190160372362142
4.144734836585366 4.801914212446031e-05 0.01297537169465882
4.169667417675155 5.200583551591642e-05 0.01405262602070879
4.194749980277468 5.600384335370243e-05 0.01513293765141174
4.219983426603512 6.001154789603529e-05 0.01621586945274129
4.24536866429173 6.402730397399096e-05 0.01730097687951513
4.270906606440451 6.804943995901616e-05 0.01838780823682878
4.296598171640729 7.207625718685039e-05 0.01947590452439219
4.322444284009386 7.610603171077906e-05 0.02056479991028053
4.348445873222255 8.013701611699895e-05 0.02165402222146868
4.374603874547618 8.41674395996902e-05 0.02274309296411656
4.400919228879844 8.819550869356811e-05 0.02383152752151383
4.42739288277324 9.221940963940259e-05 0.02491883579327272
4.454025788476091 9.62373092031426e-05 0.02600452241666573
4.480818903964917 0.0001002473549424466 0.02708808683864545
4.50777319297893 0.0001042476775041902 0.0281690239366598
4.534889625054696 0.0001082363920514854 0.02924682440425048
4.562169175561013 0.0001122115987954658 0.03032097489474804
4.589612825733993 0.0001161713847277258 0.03139095848939836
4.617221562712357 0.0001201138255308811 0.03245625521362018
4.644996379572944 0.0001240369865721242 0.03351634230547606
4.672938275366425 0.0001279389242493216 0.03457069457940477
4.701048255153248 0.0001318176880725237 0.03561878498867108
4.729327330039782 0.000135671321997759 0.03666008498577381
4.757776517214689 0.0001394978658373695 0.03769406490353584
4.786396839985513 0.0001432953572390881 0.03872019448987574
4.815189327815487 0.000147061833206976 0.03973794331878393
4.844155016360561 0.0001507953317112314 0.04074678122531308
4.873294947506656 0.0001544938936935823 0.04174617884746035
4.902610169407141 0.0001581555645933488 0.04273560803852838
4.932101736520533 0.0001617783959750781 0.04371454230693272
4.961770709648425 0.0001653604478696443 0.04468245744879606
4.991618155973645 0.0001688997902323737 0.04563883194195205
5.021645149098641 0.0001723945044031329 0.04658314734047921
5.051852769084097 0.0001758426856854183 0.04751488897160317
5.082242102487784 0.0001792424451215156 0.04843354641536695
5.112814242403641 0.0001825919105900287 0.04933861380119692
5.1435702885011 0.0001858892291789545 0.0502295904491372
5.174511347064628 0.0001891325698257646 0.05110598158323284
5.205638531033534 0.0001923201239839921 0.05196729851164981
5.23695296004199 0.0001954501074268569 0.05281305911403697
5.26845576045931 0.0001985207637142893 0.05364278877835934
5.300148065430462 0.0002015303649140406 0.05445602059575102
5.332031014916829 0.0002044772126692847 0.05525229564899455
5.364105755737212 0.0002073596416260077 0.05603116393864434
5.39637344160908 0.0002101760212955086 0.05679218488629764
5.42883523319007 0.0002129247561847594 0.05753492736981938
5.461492298119737 0.0002156042883912273 0.05825897042449568
5.494345811061548 0.000218213101114103 0.05896390419181147
5.52739695374514 0.0002207497181539847 0.0596493297842588
5.560646915008824 0.0002232127053567011 0.06031485967547594
5.594096890842349 0.000225600674935097 0.06096011886804785
5.627748084429916 0.0002279122856378003 0.06158474493910895
5.661601706193463 0.0002301462428612011 0.06218838807060148
5.695658973836199 0.0002323013023258089 0.06277071204267293
5.729921112386407 0.0002343762723281614 0.06333139484216999
5.764389354241504 0.000236370012502508 0.06387012832803006
5.799064939212376 0.0002382814360077959 0.06438661882223205
5.833949114567966 0.0002401095138188866 0.06488058826933674
5.869043135080146 0.0002418532730674686 0.06535177378818058
5.904348263068843 0.0002435117975976946 0.06579992782201596
5.939865768447451 0.0002450842325224507 0.06622481936967194
5.975596928768503 0.00024656978419654 0.06662623397830802
6.01154302926963 0.0002479677189373685 0.06700397339772776
6.047705362919785 0.0002492773662293155 0.06735785644623934
6.084085230465758 0.0002504981214719723 0.06768771975326429
6.120683940478954 0.0002516294432700088 0.06799341702702535
6.15750280940247 0.0002526708546728048 0.06827481938951052
6.194543161598441 0.0002536219477207843 0.0685318166049492
6.231806329395683 0.0002544823809967594 0.06876431641815478
6.269293653137611 0.0002552518788766058 0.06897224435204791
6.307006481230453 0.0002559302355392933 0.06915554479121662
6.344946170191752 0.0002565173150563764 0.06931418100609799
6.383114084699157 0.0002570130485847745 0.06944813439443212
6.421511597639515 0.0002574174364671383 0.06955740504880756
6.460140090158249 0.0002577305512370214 0.06964201256869597
6.499000951709037 0.0002579525337163119 0.06970199500592966
6.538095580103793 0.0002580835929762992 0.06973740885418114
6.577425381562945 0.0002581240103383702 0.06974833013000133
6.616991770766014 0.0002580741366743902 0.06973485364334861
6.656796170902505 0.0002579343902059847 0.06969709240292749
6.696840013723089 0.0002577052592714946 0.06963517836385433
6.737124739591115 0.0002573873025979276 0.069549262501142
6.777651797534409 0.000256981145224022 0.06943951370806083
6.818422645297399 0.00025648747914808 0.06930611897119135
6.859438749393552 0.0002559070660021023 0.06914928409300868
6.900701585158119 0.0002552407325668399 0.06896923247999359
6.942212636801205 0.0002544893693914325 0.06876620476964174
6.983973397461158 0.0002536539334982361 0.06854045956134155
7.025985369258271 0.0002527354458394933 0.06829227272913503
7.068250063348816 0.0002517349878956046 0.06802193650252804
7.110768999979402 0.0002506537028069427 0.06772975977232086
7.153543708541653 0.0002494927955667845 0.06741606814274047
7.196575727627224 0.0002482535282939739 0.06708120265405544
7.239866605083138 0.0002469372194657573 0.06672551957527818
7.28341789806747 0.0002455452455227968 0.06634939083785969
7.327231173105349 0.0002440790365244895 0.06595320286170257
7.37130800614531 0.0002425400736824896 0.06553735588868792
7.41564998261598 0.0002409298903421519 0.06510226424787356
7.460258697483103 0.0002392500697027518 0.06464835573946912
7.505135755306914 0.0002375022408243203 0.06417607055583284
7.550282770299852 0.0002356880781605129 0.06368586115524708
7.59570136638462 0.000233809301212939 0.06317819216851378
7.641393177252606 0.0002318676699414648 0.06265353915876087
7.687359846422636 0.0002298649829525603 0.06211238813191115
7.733603027300095 0.0002278030775438123 0.0615552355487103
7.780124383236402 0.0002256838259780155 0.06098258731793955
7.826925587588838 0.0002235091325302595 0.06039495799850198
7.874008323780734 0.0002212809327886586 0.05979287061047079
7.921374285362025 0.0002190011913963274 0.05917685602494305
7.969025176070168 0.0002166718983440854 0.05854745196228217
8.016962709891423 0.0002142950673746427 0.05790520256090884
8.065188611122505 0.0002118727345490457 0.05725065798993691
8.113704614432605 0.0002094069545784948 0.05658437345798472
8.162512464925786 0.0002068997985728575 0.05590690860479506
8.211613918203758 0.0002043533524572229 0.05521882707336868
8.26101074042902 0.0002017697141237658 0.05452069574036226
8.310704708388393 0.0001991509906408834 0.05381308396196229
8.360697609556926 0.0001964992962329107 0.05309656302797901
8.410991242162195 0.0001938167499916838 0.05237170554348225
8.461587415248985 0.0001911054731016365 0.05163908467898785
8.512487948744354 0.0001883675867656494 0.05089927360999614
8.563694673523104 0.0001856052096427692 0.05015284482463193
8.615209431473632 0.0001828204553809272 0.04940036945695395
8.667034075564182 0.0001800154307217399 0.04864241677484846
8.719170469909495 0.0001771922328525269 0.04787955346451149
8.771620489837867 0.0001743529467956102 0.04711234292500477
8.824386021958594 0.0001714996439152786 0.04634134486481901
8.877468964229841 0.0001686343796169716 0.04556711468016458
8.930871226026907 0.0001657591901475689 0.04479020259036975
8.984594728210904 0.0001628760915063372 0.04401115334360507
9.038641403197854 0.0001599870777516948 0.04323050575934986
9.09301319502819 0.0001570941175238629 0.04244879178876931
9.147712059436689 0.0001541991527041007 0.04166653615242296
9.202739963922818 0.0001513040975524174 0.04088425610726379
9.258098887821502 0.0001484108357151324 0.04010246063804356
9.313790822374321 0.0001455212177590715 0.03932164979102196
9.369817770801134 0.0001426370612460157 0.03854231469408347
9.426181748372137 0.0001397601487730481 0.03776493702721467
9.482884782480346 0.000136892224315133 0.03698998803422347
9.539928912714528 0.0001340349937366718 0.03621792866096794
9.597316190932558 0.000131190123974235 0.03544920933452021
9.655048681335227 0.0001283592392909429 0.03468426895105341
9.713128460540494 0.0001255439207931344 0.03392353474523956
9.771557617658175 0.0001227457069987609 0.03316742244383668
9.830338254365088 0.0001199660912470489 0.03241633556574728
9.889472484980656 0.0001172065192242815 0.03167066475345367
9.948962436542953 0.0001144683906431659 0.03093078822680397
10.00881024888521 0.0001117530582085729 0.03019707150354208
10.06901807471279 0.000109061824006737 0.02946986642362434
10.12958807968063 0.0001063959409741012 0.0287495115461199
10.1905224424711 0.0001037566134112795 0.02803633228808968
10.25182335487242 0.0001011449939453609 0.02733064010376308
10.31349302185747 9.85621831366168e-05 0.0266327323782653
10.3755336616631 9.600923156672e-05 0.02594289299188025
10.43794750586993 9.348713832311737e-05 0.02526139191050916
10.50073679948262 9.099684855632282e-05 0.02458848452562056
10.56390380101059 8.853925635301241e-05 0.02392441243059651
10.62745078254932 8.611520485787005e-05 0.02326940345365679
10.69138002986203 8.372548329191335e-05 0.02262367085217336
10.7556938424619 8.137082882928072e-05 0.02198741381980163
10.82039453369479 7.905192837748424e-05 0.02136081796752702
10.88548443082247 7.676941663762213e-05 0.02074405479951019
10.95096587510631 7.45238757645264e-05 0.02013728162125459
11.01684122189147 7.231583851969357e-05 0.01954064239156784
11.08311284069168 7.014578794472378e-05 0.01895426763432081
11.14978311527443 6.801415534995113e-05 0.01837827389495044
11.21685444374672 6.592132365545494e-05 0.01781276464324271
11.28432923864131 6.386762857082751e-05 0.01725783059212061
11.35220992700354 6.185335669319824e-05 0.01671354918370651
11.42049895047856 5.987874729226957e-05 0.01617998507166116
11.48919876539923 5.794399496183039e-05 0.01565719083765572
11.55831184287442 5.604924891969115e-05 0.01514520680220546
11.62784066887791 5.419461279544608e-05 0.01464406096732053
11.69778774433782 5.238014805853152e-05 0.01415376994281001
11.76815558522656 5.060587481006096e-05 0.01367433916024573
11.83894672265132 4.887177097051802e-05 0.01320576265346672
11.91016370294514 4.717777417905147e-05 0.01274802357179242
11.98180908775847 4.552378426324216e-05 0.01230109484738459
12.05388545415131 4.390966361350108e-05 0.0118649392964143
12.12639539468595 4.233523737479543e-05 0.01143950967086871
12.19934151752018 4.080029657687892e-05 0.01102474950437841
12.27272644650111 3.930459870318877e-05 0.01062059326594043
12.34655282125957 3.784786758624797e-05 0.01022696633165469
12.42082329730504 3.642979666315503e-05 0.009843785864397946
12.49554054612116 3.505005023109147e-05 0.00947096115307757
12.57070725526186 3.370826315992868e-05 0.009108393534974365
12.64632612844798 3.240404333946834e-05 0.008755977057017465
12.72239988566455 3.113697373282813e-05 0.008413599030634789
12.79893126325863 2.990661260936519e-05 0.008081140094691876
12.87592301403773 2.871249475543667e-05 0.007758474542654484
12.95337790736882 2.755413403120787e-05 0.007445471013470095
13.03129872927796 2.643102424751695e-05 0.007141992728507683
13.10968828255048 2.534263962429425e-05 0.00684789761542835
13.18854938683184 2.428843722769132e-05 0.006563038966728013
13.26788487872902 2.326785832484679e-05 0.006287265805812058
13.34769761191256 2.228032885659962e-05 0.006020423014728359
13.42799045721921 2.132526117262961e-05 0.005762351803023906
13.50876630275517 2.040205573802171e-05 0.005512890168879788
13.59002805400002 1.951010188986336e-05 0.00527187310355324
13.67177863391118 1.864877892663186e-05 0.005039132885743709
13.7540209830291 1.781745787734751e-05 0.004814499559640126
13.83675805958297 1.701550247026793e-05 0.004597801196674195
13.91999283959716 1.624226998452007e-05 0.004388864125641999
14.00372831699829 1.549711275902142e-05 0.004187513340433351
14.08796750372286 1.477937924978978e-05 0.003993572785730095
14.17271342982564 1.408841489320517e-05 0.00380686559027024
14.25796914358864 1.342356328775896e-05 0.003627214386171347
14.34373771163077 1.278416723748638e-05 0.003454441590879
14.43002221901811 1.216956957152894e-05 0.003288369628622819
14.51682576937491 1.157911409563382e-05 0.003128821187523468
14.60415148499523 1.101214690006373e-05 0.002975619573006225
14.69200250695523 1.046801667822281e-05 0.002828588793897687
14.78038199522615 9.94607476522246e-06 0.002687553572846724
14.86929312878798 9.445678139156048e-06 0.002552340157306392
14.95873910574384 8.966189012663367e-06 0.002422776209169537
15.04872314343496 8.506974415029453e-06 0.002298690691846685
15.13924847855642 8.067408434143016e-06 0.002179914476071195
15.2303183672736 7.646872203084346e-06 0.002066280336275148
15.3219360853393 7.244754296006479e-06 0.001957623057561378
15.41410492821153 6.860451881800751e-06 0.00185377974743831
15.50682821117208 6.493370800178762e-06 0.001754589856378251
15.60010926944577 6.142925834251588e-06 0.001659895251471703
15.69395145832038 5.808541667074927e-06 0.0015695404748978
15.7883581532674 5.489653180041078e-06 0.001483372824553545
15.88333275006339 5.185705361425889e-06 0.001401242329342056
15.97887866491215 4.896153941121169e-06 0.001323001920685185
16.07499933456759 4.620466076052169e-06 0.001248507617731883
16.17169821645737 4.358119970827832e-06 0.001177618424853156
16.26897878880723 4.108605116050583e-06 0.001110196396036351
16.36684455076612 3.871423168296661e-06 0.001046106872666823
16.46529902253208 3.64608761608127e-06 0.0009852183932675513
16.56434574547881 3.432123620123693e-06 0.0009274026503367788
16.66398828228309 3.229068702339706e-06 0.0008725346765223625
16.76423021705294 3.036472821653367e-06 0.0008204928651070673
16.86507515545651 2.853897894461632e-06 0.0007711588404321179
16.96652672485178 2.680918044670845e-06 0.0007244175254601786
17.06858857441703 2.517119831621381e-06 0.0006801572033634395
17.17126437528214 2.362102815580841e-06 0.0006382696703269358
17.27455782066058 2.21547852304661e-06 0.0005986499559603827
17.37847262598229 2.076868460062056e-06 0.0005611957864714087
17.48301252902732 1.94590750277778e-06 0.0005258085008375358
17.58818129006027 1.822243676672006e-06 0.0004923929911487713
17.69398269196554 1.705537531563625e-06 0.00046085753372833
17.80042054038342 1.595459650656303e-06 0.0004311131160452551
17.90749866384694 1.49169181708116e-06 0.0004030737519288119
18.01522091391964 1.393927932988062e-06 0.0003766567299184307
18.12359116533404 1.301873309883964e-06 0.0003517824215042666
18.23261331613107 1.215244127735826e-06 0.000328374134970055
18.34229128780023 1.133767163120002e-06 0.0003063580419356825
18.45262902542071 1.057180092456456e-06 0.0002856632592948571
18.56363049780323 9.852311089652263e-07 0.0002662217457119638
18.67529969763284 9.176782797037482e-07 0.0002479681278855217
18.78764064161249 8.542896472770827e-07 0.0002308397280315576
18.90065737060757 7.948432854081265e-07 0.0002147765788993704
19.0143539497912 7.391264936074676e-07 0.000199721206161272
19.12873446879051 6.869356177238792e-07 0.0001856185799230909
19.24380304183367 6.380763059413193e-07 0.0001724161838977566
19.35956380789796 5.923628467825178e-07 0.0001600638365256049
19.47602093085858 5.496177392364334e-07 0.0001485135748174498
19.59317859963845 5.096718433493256e-07 0.0001377196950461712
19.71104102835891 4.72364101994926e-07 0.0001276386775655414
19.82961245649123 4.375409071749721e-07 0.0001182290155767185
19.94889714900919 4.050560385494112e-07 0.0001094511985183395
20.06889939654243 3.74770711737188e-07 0.0001012677251179965
20.18962351553079 3.465529078816822e-07 9.364292223244762e-05
20.31107384837959 3.202771228270565e-07 8.654287707193525e-05
20.4332547636158 2.958244859722189e-07 7.993546931601013e-05
20.55617065604522 2.730822981636246e-07 7.379024624639729e-05
20.67982594691049 2.519436126382088e-07 6.80783095125451e-05
20.80422508405019 2.323072464880069e-07 6.277231822950841e-05
20.92937254205879 2.140776173614416e-07 5.784644485259783e-05
21.05527282244758 1.971642305420734e-07 5.327623657965461e-05
21.18193045380665 1.814815462924811e-07 4.903857950571081e-05
21.30934999196772 1.669489863069433e-07 4.511170036658464e-05
21.43753602016806 1.534904835444555e-07 4.14750448981414e-05
21.5664931492153 1.410342425520561e-07 3.810921307266404e-05
21.69622601765332 1.295127600378905e-07 3.499596465795197e-05
21.82673929192908 1.188625305303408e-07 3.211813968274298e-05
21.95803766656046 1.090237152201413e-07 2.945956895371889e-05
22.09012586430514 9.994009811622362e-08 2.700506220826718e-05
22.22300863633048 9.155899615725172e-08 2.474038382549576e-05
22.35669076238438 8.383089088765402e-08 2.265215330049846e-05
22.49117705096725 7.670929703816216e-08 2.07278097331759e-05
22.62647233950495 7.015076486940765e-08 1.895561246150456e-05
22.76258149452277 6.411458906741803e-08 1.73245624014656e-05
22.89950941182054 5.856261292711677e-08 1.58243491349818e-05
23.03726101664865 5.34592117448873e-08 1.444534642238112e-05
23.17584126388527 4.877114390872847e-08 1.317857196509755e-05
23.31525513821456 4.446731165445911e-08 1.201562275901084e-05
23.45550765430593 4.051869611844186e-08 1.094865754488157e-05
23.59660385699449 3.689831710540253e-08 9.970385937113748e-06
23.73854882146243 3.358100308251557e-08 9.074006273285131e-06
23.88134765342164 3.054328718750698e-08 8.253177514238396e-06
24.02500548929732 2.776339585125999e-08 7.502016169767129e-06
24.16952749641275 2.522109129195784e-08 6.815053738566845e-06
24.31491887317515 2.289753579364842e-08 6.187200034608742e-06
24.46118484926266 2.077526295019109e-08 5.613735416895129e-06
24.60833068581249 1.883810613451993e-08 5.090291460961326e-06
24.7563616756101 1.707105038084666e-08 4.612810935597737e-06
24.90528314327963 1.546017959279379e-08 4.177533537828341e-06
25.05510044547539 1.39926556065802e-08 3.780990235522046e-06
25.20581897107455 1.265659195296708e-08 3.41996915629449e-06
25.357444141371 1.144098381750358e-08 3.09149666189198e-06
25.5099814102703 1.033569336385875e-08 2.792833382372574e-06
25.66343626448592 9.331373681154008e-09 2.521453665725829e-06
25.81781422373652 8.419385943451253e-09 2.275023193332269e-06
25.97312084094457 7.59177451108046e-09 2.051392252031259e-06
26.12936170243603 6.841235373981957e-09 1.84858720711812e-06
26.28654242814131 6.161034415094331e-09 1.664788416091104e-06
26.44466867179741 5.544972984706786e-09 1.498320926411613e-06
26.6037461211513 4.987376580326623e-09 1.347651416663073e-06
26.76378049816449 4.483031013443284e-09 1.211370948013649e-06
26.92477755921884 4.027142180092602e-09 1.088184093720468e-06
27.08674309532363 3.615326326432599e-09 9.769063087666655e-07
27.24968293232387 3.243573447252731e-09 8.764540396816397e-07
27.41360293110984 2.90820397137361e-09 7.858330203952936e-07
27.57850898782788 2.605853095328006e-09 7.041340390030575e-07
27.74440703409252 2.333455272515352e-09 6.305287465417913e-07
27.91130303719981 2.088205455232326e-09 5.642591841025771e-07
28.07920300034196 1.867539583508872e-09 5.046325106706245e-07
28.24811296282329 1.669127132179961e-09 4.51018989251015e-07
28.41803900027744 1.490844553759286e-09 4.028448108016239e-07
28.58898722488593 1.330753135297234e-09 3.595861108796991e-07
28.76096378559799 1.187091367983694e-09 3.207669078132778e-07
28.93397486835177 1.058261791953603e-09 2.859555480034106e-07
29.1080266962968 9.428091296181038e-10 2.547587972772464e-07
29.28312553001787 8.394111018973129e-10 2.268193593194722e-07
29.4592776677602 7.468728877741846e-10 2.018143785745979e-07
29.63648944565603 6.641096413514355e-10 1.794507161374718e-07
29.81476723795246 5.901364077633959e-10 1.594622249067692e-07
29.99411745724076 5.24064304527438e-10 1.416087177384743e-07
30.17454655468706 4.650900789067676e-10 1.256731457149358e-07
30.35606102026435 4.124855492106338e-10 1.114587450523641e-07
30.53866738298595 3.655934893762198e-10 9.878792506347943e-08
30.72237221114033 3.238228079955764e-10 8.750096547040229e-08
30.90718211252742 2.86638988857365e-10 7.745343331968743e-08
31.09310373469621 2.535596202614953e-10 6.85149749473252e-08
31.28014376518396 2.241520794590695e-10 6.056869028550588e-08
31.46830893175665 1.980267124080779e-10 5.350928994746168e-08
31.65760600265105 1.748321712521372e-10 4.724183535601265e-08
31.84804178681812 1.542535221514072e-10 4.168122745585789e-08
32.03962313416796 1.360085767667244e-10 3.67512154347889e-08
32.23235693581619 1.198433393227688e-10 3.238316646331641e-08
32.42625012433181 1.055300562568771e-10 2.851553868543055e-08
32.62130967398656 9.286556436399591e-11 2.509343486674487e-08
32.81754260100581 8.166752587398376e-11 2.206758506538012e-08
33.01495596382091 7.177247892630095e-11 1.939381984588691e-08
33.21355686332307 6.303489879843752e-11 1.703281661144675e-08
33.4133524431188 5.532478661412792e-11 1.494944804272808e-08
33.61434988978685 4.852573284102838e-11 1.311225883078252e-08
33.81655643313671 4.253409208550841e-11 1.149324269629527e-08
34.01997934646867 3.725776725682744e-11 1.006751385556658e-08
34.22462594683541 3.261445866744572e-11 8.812833905556813e-09
34.43050359530524 2.853085635112648e-11 7.709393578154102e-09
34.63761969722685 2.494207259861097e-11 6.7396594042293e-09
34.84598170249565 2.17903268053085e-11 5.888018343062873e-09
35.0555971058218 1.902417128519823e-11 5.14056858759587e-09
35.26647344699975 1.659811918840292e-11 4.485019023113114e-09
35.47861831117944 1.447187759631614e-11 3.910481999972173e-09
35.69203932913916 1.260961627831756e-11 3.407275742538677e-09
35.90674417756002 1.097963982125341e-11 2.966835754478642e-09
36.12274057930207 9.554019165007259e-12 2.581615255069624e-09
36.34003630368208 8.30797954425626e-12 2.244919793422044e-09
36.55863916675303 7.219597211668238e-12 1.950825299300798e-09
36.77855703158521 6.269612198834727e-12 1.694127488791785e-09
36.9997978085491 5.441012662715653e-12 1.470229549522057e-09
37.22236945559986 4.718753534288238e-12 1.27506611601223e-09
37.4462799785636 4.089621619598584e-12 1.105066818296489e-09
37.67153743142533 3.542012090894004e-12 9.570958870361519e-10
37.89814991661868 3.065677918190506e-12 8.283844468010005e-10
38.12612558531732 2.651612435590603e-12 7.16498784022255e-10
38.35547263772817 2.291944140905694e-12 6.193119205371711e-10
38.58619932338635 1.979743313132556e-12 5.349513592169148e-10
38.81831394145193 1.708918122910395e-12 4.617710117150545e-10
39.05182484100842 1.474155210424363e-12 3.983351418752377e-10
39.2867404213631 1.270800628979967e-12 3.433861951986428e-10
39.52306913234914 1.094766472492953e-12 2.958195684260404e-10
39.76081947462954 9.424858282823114e-13 2.546714372200756e-10
40.00000000000288 8.108528005622492e-13 2.191025497640227e-10
