##########################################################################################
#
# SZ signal computed with SZpack v1.1.1
# Runmode: CNSN-basis
#
# General parameters:
# xmin= 0.1 xmax= 40 np= 1000
# Dtau= 0.01
# Te= 42keV (The ~ 0.082192)
# betac= 0 muc= 1
# betao= 0 muo= 1
#
# Runmode specific parameters:
# eps= 0
# Te_order= 20 beta_order= 2
#
##########################################################################################
#
# Output format: x = (h nu/k T0) | x^3 Dn(x) | DI(x) in MJy/sr 
# Here a CMB temperature of T0 = 2.726 K is assumed.
#
##########################################################################################
0.1 -1.439769919747824e-05 -0.003890438070529584
0.1006015482792701 -1.45710327352973e-05 -0.003937274956422364
0.1012067151618632 -1.474644808105733e-05 -0.003984674372811021
0.1018155224154252 -1.492397012469787e-05 -0.004032643045267962
0.1024279919385451 -1.510362404349761e-05 -0.004081187777008206
0.1030441457615424 -1.528543530707965e-05 -0.004130315450241896
0.1036640060472596 -1.546942969800531e-05 -0.004180033031738977
0.1042875950918594 -1.565563330132955e-05 -0.004230347570006959
0.1049149353256267 -1.584407250157501e-05 -0.004281266194473255
0.1055460493137754 -1.60347740018255e-05 -0.004332796120644486
0.10618095975726 -1.622776482632502e-05 -0.004384944650808757
0.1068196894935924 -1.642307230921052e-05 -0.004437719170991132
0.1074622614976628 -1.662072410593774e-05 -0.004491127154041009
0.1081086988825668 -1.682074821069364e-05 -0.004545176164337198
0.1087590249004362 -1.702317294143143e-05 -0.004599873853744193
0.1094132629432757 -1.722802694246599e-05 -0.004655227962313481
0.1100714365438043 -1.743533920786344e-05 -0.004711246324603702
0.1107335693763015 -1.764513907385405e-05 -0.004767936867630525
0.1113996852574591 -1.785745621216186e-05 -0.004825307609064217
0.1120698081472377 -1.807232064872666e-05 -0.004883366662288566
0.1127439621497288 -1.828976277254259e-05 -0.004942122238789186
0.1134221715140214 -1.850981332084872e-05 -0.005001582644151801
0.1141044606350749 -1.873250338833713e-05 -0.005061756280550418
0.1147908540545956 -1.895786445031198e-05 -0.005122651653005171
0.1154813764619206 -1.918592834717412e-05 -0.00518427736518988
0.1161760526949047 -1.941672728394594e-05 -0.005246642119303657
0.1168749077408149 -1.96502938553929e-05 -0.005309754722859054
0.1175779667372284 -1.988666104325009e-05 -0.005373624087932655
0.118285254972937 -2.012586220527853e-05 -0.005438259228207939
0.118996797888857 -2.036793109266568e-05 -0.005503669263677123
0.119712621078944 -2.061290186615222e-05 -0.00556986342499882
0.1204327502911136 -2.086080907797779e-05 -0.005636851048619542
0.1211572114281675 -2.111168767836436e-05 -0.005704641578525601
0.1218860305487253 -2.136557304356856e-05 -0.00577324457382319
0.1226192338681618 -2.162250096188915e-05 -0.005842669704957436
0.12335684775955 -2.188250762918859e-05 -0.005912926752502257
0.1240988987546095 -2.214562967459439e-05 -0.005984025614105203
0.124845413544661 -2.241190416446705e-05 -0.006055976305559632
0.1255964189815867 -2.268136858677014e-05 -0.006128788956581316
0.1263519420787953 -2.295406086621525e-05 -0.006202473814900803
0.1271120100121947 -2.323001938822945e-05 -0.0062770412527397
0.1278766501211688 -2.350928297855911e-05 -0.006352501761299401
0.128645889909561 -2.379189090642184e-05 -0.006428865951612754
0.1294197570466637 -2.407788291615362e-05 -0.006506144563095529
0.1301982793682135 -2.436729921726313e-05 -0.006584348460858966
0.1309814848773924 -2.466018047496149e-05 -0.006663488633150788
0.1317694017458348 -2.495656783519763e-05 -0.006743576198120086
0.1325620583146414 -2.525650293712083e-05 -0.006824622407184836
0.1333594830953982 -2.556002789269623e-05 -0.006906638639523762
0.1341617047712022 -2.586718529875864e-05 -0.006989636405333428
0.1349687521976928 -2.617801826859094e-05 -0.007073627354361113
0.1357806544040905 -2.649257041096927e-05 -0.007158623270242563
0.13659744059424 -2.681088582907582e-05 -0.007244636070208212
0.1374191401476617 -2.713300915427335e-05 -0.007331677814209474
0.1382457826206078 -2.74589855428168e-05 -0.007419760704030182
0.1390773977471256 -2.778886066057947e-05 -0.007508897079159416
0.1399140154401271 -2.812268070613979e-05 -0.007599099423029836
0.140755665792465 -2.846049243305866e-05 -0.007690380369037286
0.1416023790780148 -2.880234312520692e-05 -0.007782752693873981
0.1424541857527642 -2.914828060505766e-05 -0.007876229319769185
0.1433111164559082 -2.949835327161232e-05 -0.007970823324737327
0.1441732020109516 -2.985261008174552e-05 -0.008066547937537126
0.1450404734268171 -3.021110054361584e-05 -0.008163416535891112
0.1459129618989614 -3.057387475098482e-05 -0.008261442655759049
0.1467906988104967 -3.094098338912972e-05 -0.008360639992935622
0.1476737157333199 -3.131247771326191e-05 -0.00846102239721885
0.148562044429248 -3.168840956841424e-05 -0.008562603877783856
0.1494557168511607 -3.206883142214723e-05 -0.008665398612020524
0.1503547651441497 -3.245379633689276e-05 -0.008769420938060404
0.151259221646675 -3.28433579736571e-05 -0.008874685355777316
0.152169118891728 -3.32375706344859e-05 -0.008981206538261927
0.1530844896080017 -3.363648924948031e-05 -0.009088999328313344
0.1540053667210681 -3.404016936341981e-05 -0.009198078734824417
0.1549317833545624 -3.444866716894053e-05 -0.009308459941746979
0.1558637728313743 -3.486203952388804e-05 -0.009420158312780728
0.156801368674847 -3.528034392341399e-05 -0.009533189383833443
0.1577446046099826 -3.570363851556843e-05 -0.009647568867234191
0.1586935145646554 -3.613198214395346e-05 -0.00976331266325889
0.1596481326708324 -3.656543431958087e-05 -0.009880436852525888
0.1606084932658007 -3.700405521875365e-05 -0.009998957695423522
0.1615746308934029 -3.744790572804525e-05 -0.01011889164426407
0.1625465803052792 -3.789704744043595e-05 -0.01024025534223977
0.1635243764621181 -3.835154263411867e-05 -0.01036306561769584
0.1645080545349132 -3.881145430280535e-05 -0.0104873394923197
0.1654976499062288 -3.927684618614437e-05 -0.01061309418936009
0.1664931981714723 -3.974778273621594e-05 -0.01074034712457374
0.1674947351401746 -4.022432912794984e-05 -0.01086911590904034
0.1685022968372784 -4.070655130986781e-05 -0.01099941836287381
0.1695159195044337 -4.119451597934677e-05 -0.01113127250853806
0.1705356396013016 -4.168829057299801e-05 -0.01126469656824737
0.1715614938068656 -4.218794331200174e-05 -0.01139970897621634
0.172593519020751 -4.269354321065309e-05 -0.01153632838096913
0.1736317523645521 -4.320516004676439e-05 -0.01167457363734175
0.1746762311831677 -4.372286438744168e-05 -0.01181446381344725
0.1757269930461439 -4.424672763317672e-05 -0.01195601820258991
0.1767840757490262 -4.477682198060852e-05 -0.01209925631320292
0.1778475173147181 -4.531322042665112e-05 -0.01224419786996378
0.1789173559948495 -4.585599682480606e-05 -0.01239086282901062
0.1799936302711521 -4.640522586828577e-05 -0.01253927137338195
0.1810763788568441 -4.696098307124536e-05 -0.01268944390794523
0.1821656406980222 -4.75233448121938e-05 -0.01284140107112713
0.1832614549750625 -4.809238835775241e-05 -0.01299516374133337
0.1843638611040305 -4.866819182475052e-05 -0.01315075302670646
0.1854728987380978 -4.925083420005264e-05 -0.01330819027048331
0.1865886077689693 -4.984039539741144e-05 -0.01346749706635757
0.1877110283283176 -5.043695621995752e-05 -0.01362869524834391
0.1888402007892269 -5.104059835639155e-05 -0.01379180688974909
0.1899761657676448 -5.165140444008422e-05 -0.01395685431914151
0.1911189641238435 -5.22694580445309e-05 -0.01412386011912298
0.1922686369638894 -5.289484365417294e-05 -0.01429284711844429
0.1934252256411219 -5.352764670357814e-05 -0.01446383840259228
0.1945887717576404 -5.416795361830774e-05 -0.01463685732483255
0.1957593171658014 -5.481585176981153e-05 -0.01481192749402164
0.1969369039697233 -5.547142948817059e-05 -0.0149890727780502
0.1981215745268011 -5.61347761289875e-05 -0.0151683173219176
0.19931337144923 -5.680598204082269e-05 -0.01534968553893282
0.2005123376055381 -5.748513855126546e-05 -0.01553320210695067
0.2017185161221286 -5.817233802589177e-05 -0.01571889198430291
0.2029319503848305 -5.886767388019181e-05 -0.01590678041302122
0.2041526840404598 -5.957124053935391e-05 -0.01609689290797034
0.205380760998389 -6.028313347104809e-05 -0.01628925526570657
0.2066162254321268 -6.100344924385307e-05 -0.01648389358026549
0.2078591217809067 -6.173228547759879e-05 -0.01668083422974387
0.2091094947512857 -6.246974084755506e-05 -0.01688010387743153
0.2103673893187526 -6.321591515785498e-05 -0.01708172949165122
0.2116328507293451 -6.397090931965558e-05 -0.01728573833985741
0.2129059245012778 -6.473482532504377e-05 -0.01749215798158528
0.2141866564265795 -6.550776630279681e-05 -0.01770101628351795
0.2154750925727398 -6.6289836550155e-05 -0.01791234142807186
0.2167712792843669 -6.708114148188266e-05 -0.01812616189963237
0.2180752631848539 -6.788178765485153e-05 -0.01834250649119652
0.2193870911780562 -6.869188284238437e-05 -0.01856140432446161
0.2207068104499787 -6.951153598477794e-05 -0.01878288483645589
0.2220344684704725 -7.034085718278906e-05 -0.0190069777777784
0.2233701129949433 -7.117995777378204e-05 -0.01923371323317497
0.2247137920660681 -7.202895032629343e-05 -0.01946312162006952
0.2260655540155243 -7.288794860020596e-05 -0.01969523367780259
0.2274254474657272 -7.375706759631391e-05 -0.01993008048102453
0.2287935213315797 -7.463642361051114e-05 -0.02016769345433774
0.2301698248222314 -7.552613417274044e-05 -0.02040810435580007
0.2315544074428487 -7.642631806189223e-05 -0.02065134528095058
0.2329473189963953 -7.733709539330879e-05 -0.02089744868645436
0.2343486095854241 -7.82585875764192e-05 -0.02114644737865485
0.2357583296138787 -7.919091729400264e-05 -0.02139837450797063
0.237176529788907 -8.013420857625261e-05 -0.02165326358890841
0.2386032611226849 -8.10885868180496e-05 -0.02191114850473041
0.2400385749342508 -8.205417872477646e-05 -0.0221720634928129
0.2414825228513524 -8.303111235257486e-05 -0.02243604315552409
0.2429351568123028 -8.401951718399798e-05 -0.02270312248066636
0.2443965290678495 -8.501952406266336e-05 -0.02297333682381868
0.2458666921830531 -8.603126519669657e-05 -0.02324672190926713
0.2473456990391787 -8.705487425211875e-05 -0.02352331385523935
0.2488336028355976 -8.809048632470419e-05 -0.02380314916630017
0.250330457091701 -8.913823790415685e-05 -0.02408626472367159
0.2518363156488252 -9.019826694379328e-05 -0.02437269780406202
0.2533512326721881 -9.127071290158923e-05 -0.02466248609075756
0.2548752626528374 -9.235571667280024e-05 -0.02495566765541525
0.2564084604096108 -9.345342061924714e-05 -0.0252522809659764
0.2579508810911079 -9.456396866370277e-05 -0.02555236491217102
0.2595025801776736 -9.568750622612876e-05 -0.02585595878828823
0.261063613483394 -9.682418021201684e-05 -0.02616310229002594
0.2626340371581039 -9.797413910659452e-05 -0.02647383553994636
0.2642139076894062 -9.913753297389171e-05 -0.02678819908722386
0.2658032819047042 -0.0001003145133976602 -0.0271062338916806
0.2674022169732455 -0.0001015052335380395 -0.02742798133909841
0.2690107704081783 -0.0001027098482094196 -0.02775348326225821
0.2706290000686201 -0.000103928513797629 -0.02808278191856328
0.2722569641617388 -0.0001051613882746527 -0.02841591999401615
0.2738947212448469 -0.0001064086313083628 -0.02875294063286922
0.2755423302275071 -0.0001076704042073902 -0.02909388742272843
0.2771998503736515 -0.000108946869892855 -0.0294388043869144
0.2788673413037137 -0.0001102381929904639 -0.02978773600934833
0.2805448629967726 -0.0001115445398502569 -0.03014072723988784
0.2822324757927104 -0.0001128660784756522 -0.03049782347515393
0.283930240394383 -0.0001142029785714064 -0.03085907057149053
0.285638217869803 -0.0001155554116375232 -0.03122451487033973
0.2873564696543368 -0.0001169235508850134 -0.03159420317547905
0.2890850575529139 -0.0001183075712370709 -0.03196818275333933
0.2908240437422505 -0.0001197076494434022 -0.0323465013638979
0.2925734907730859 -0.0001211239640441015 -0.03272920725091715
0.294333461572432 -0.0001225566953213481 -0.03311634912889268
0.2961040194458372 -0.0001240060253828636 -0.03350797620560439
0.2978852280796634 -0.00012547213821221 -0.03390413819570765
0.2996771515433765 -0.0001269552195815619 -0.03430488529716329
0.3014798542918515 -0.0001284554570844935 -0.03471026820009711
0.3032934011676903 -0.0001299730402509856 -0.03512033811787604
0.3051178574035545 -0.0001315081604655281 -0.0355351467649786
0.3069532886245115 -0.0001330610109499424 -0.03595474635235322
0.3087997608503953 -0.0001346317868773546 -0.03637918961821517
0.3106573404981812 -0.0001362206853622453 -0.03680852982535802
0.3125260943843745 -0.0001378279053907097 -0.0372428207423089
0.3144060897274139 -0.0001394536478905448 -0.03768211666226701
0.3162973941500897 -0.0001410981158128534 -0.03812647242515409
0.3182000756819758 -0.0001427615140322903 -0.03857594339065958
0.3201142027618771 -0.0001444440493627653 -0.03903058544248392
0.3220398442402905 -0.0001461459306852976 -0.03949045502288621
0.3239770693818822 -0.0001478673688790351 -0.03995560911404496
0.3259259478679787 -0.0001496085767821566 -0.04042610522749325
0.3278865497990735 -0.0001513697692986693 -0.04090200143297676
0.3298589456973481 -0.0001531511634202803 -0.04138335636436378
0.3318432065092091 -0.0001549529781356486 -0.0418702291951239
0.3338394036078401 -0.0001567754344830745 -0.04236267965256546
0.3358476087957689 -0.0001586187556603167 -0.04286076804750932
0.3378678943074497 -0.0001604831669190894 -0.04336455524578081
0.3399003328118625 -0.0001623688955612089 -0.04387410266716844
0.3419449974151257 -0.0001642761710701868 -0.04438947232098202
0.3440019616631268 -0.0001662052250649861 -0.04491072679355698
0.3460712995441669 -0.0001681562912366184 -0.04543792923112214
0.3481530854916227 -0.0001701296054412747 -0.04597114336496488
0.3502473943866234 -0.0001721254057565595 -0.0465104335266262
0.3523543015607447 -0.0001741439323724049 -0.04705586461842436
0.3544738827987177 -0.0001761854276236214 -0.04760750212225062
0.3566062143411555 -0.0001782501361200502 -0.04816541213473786
0.3587513728872951 -0.0001803383046454704 -0.04872966133994414
0.3609094355977566 -0.000182450182130923 -0.04930031700214454
0.3630804800973185 -0.0001845860197809642 -0.04987744699994626
0.3652645844777097 -0.0001867460710577284 -0.0504611198219824
0.3674618273004187 -0.000188930591592747 -0.05105140454308413
0.369672287599519 -0.0001911398392607366 -0.05164837084421931
0.3718960448845125 -0.0001933740742685391 -0.05225208903652514
0.374133179143189 -0.0001956335590331338 -0.05286263002834558
0.3763837708445035 -0.000197918558192254 -0.05348006532810004
0.3786479009414707 -0.0002002293387432249 -0.05410446708179907
0.3809256508740766 -0.0002025661699581221 -0.05473590805011921
0.3832171025722083 -0.0002049293233310931 -0.05537446159416862
0.3855223384586003 -0.0002073190726907234 -0.05602020170584963
0.3878414414518001 -0.000209735694218459 -0.05667320301283699
0.3901744949691499 -0.0002121794663375774 -0.05733354074857618
0.3925215829297878 -0.0002146506697633561 -0.0580012907658398
0.3948827897576659 -0.0002171495876179091 -0.05867652956775769
0.3972582003845871 -0.0002196765053039608 -0.05935933427370902
0.3996479002532602 -0.0002222317104913733 -0.06004978261568199
0.402051975320373 -0.0002248154932525297 -0.06074795297485588
0.4044705120596843 -0.0002274281460032519 -0.0614539243656364
0.4069035974651345 -0.0002300699634229668 -0.06216777641408365
0.4093513190539743 -0.0002327412425455754 -0.06288958938246596
0.4118137648699132 -0.0002354422828114766 -0.06361944418331746
0.4142910234862858 -0.0002381733859383862 -0.06435742234453175
0.4167831840092382 -0.0002409348559455559 -0.06510360601590616
0.4192903360809331 -0.0002437269992820049 -0.06585807800379151
0.4218125698827739 -0.0002465501247076251 -0.06662092173896529
0.4243499761386489 -0.0002494045432531555 -0.06739222126581622
0.4269026461181943 -0.0002522905683406418 -0.06817206127489399
0.429470671640077 -0.0002552085157553523 -0.06896052709532044
0.4320541450752978 -0.0002581587035404215 -0.06975770466632115
0.4346531593505136 -0.0002611414520602555 -0.07056368055435823
0.43726780795138 -0.0002641570840795016 -0.07137854197446886
0.4398981849259138 -0.0002672059246233866 -0.07220237675252712
0.4425443848878763 -0.000270288300975059 -0.07303527332452572
0.4452065030201759 -0.0002734045428011813 -0.07387732077051254
0.4478846350782926 -0.0002765549820517319 -0.07472860878751593
0.4505788773937215 -0.0002797399528920987 -0.07558922767119561
0.4532893268774382 -0.0002829597917985678 -0.07645926834164481
0.4560160810233846 -0.0002862148375606176 -0.07733882234401016
0.458759237911976 -0.0002895054311548202 -0.0782279818144184
0.4615188962136283 -0.0002928319157771843 -0.07912683948871561
0.464295155192308 -0.0002961946369359565 -0.0800354887275436
0.4670881147091019 -0.0002995939423118117 -0.08095402347856125
0.4698978752258099 -0.0003030301817276873 -0.08188253826829366
0.4727245378085577 -0.0003065037072561782 -0.08282112823115134
0.4755682041314329 -0.0003100148731442147 -0.0837698890890775
0.4784289764801414 -0.0003135640357192736 -0.08472891712620488
0.4813069577556875 -0.0003171515534519826 -0.0856983092057724
0.4842022514780743 -0.0003207777869809462 -0.08667816277683336
0.487114961790028 -0.0003244430989737976 -0.08766857583671001
0.4900451934607434 -0.0003281478541277575 -0.08866964693114439
0.4929930518896525 -0.0003318924192572516 -0.08968147517797374
0.4959586431102161 -0.0003356771631651641 -0.0907041602323418
0.4989420737937372 -0.000339502456585456 -0.09173780227119316
0.5019434512531983 -0.000343368672258821 -0.09278250201371673
0.504962883447121 -0.0003472761848808733 -0.09383836070734536
0.5080004789834501 -0.0003512253709883894 -0.09490548009701685
0.5110563471234592 -0.0003552166089842091 -0.09598396243190277
0.5141305977856812 -0.0003592502791688672 -0.09707391047395539
0.5172233415498623 -0.0003633267635991562 -0.09817542745968982
0.520334689660939 -0.0003674464460584093 -0.09928861709215406
0.52346475403304 -0.0003716097121178366 -0.1004135835575027
0.5266136472535116 -0.0003758169490258664 -0.1015504314950956
0.5297814825869668 -0.0003800685456269004 -0.1026992659755446
0.5329683739793606 -0.0003843648923948593 -0.1038601925097781
0.5361744360620875 -0.0003887063813941659 -0.1050333170384977
0.5393997841561053 -0.0003930934061557899 -0.1062187458986844
0.5426445342760833 -0.0003975263616635072 -0.1074165858198857
0.5459088031345746 -0.0004020056443693882 -0.1086269439284004
0.5491927081462149 -0.0004065316520606747 -0.1098499277113075
0.5524963674319456 -0.0004111047838031019 -0.1110856450011508
0.5558198998232626 -0.0004157254399574113 -0.1123342039804008
0.5591634248664905 -0.0004203940220839278 -0.1135957131556706
0.5625270628270829 -0.0004251109328459506 -0.1148702813316107
0.565910934693948 -0.0004298765759951251 -0.1161580176069563
0.5693151621838011 -0.0004346913563242091 -0.1174590313617642
0.5727398677455418 -0.0004395556795455576 -0.1187734322245777
0.5761851745646592 -0.0004444699522419742 -0.1201013300591465
0.5796512065676627 -0.0004494345818387699 -0.1214428349568759
0.5831380884265391 -0.0004544499764857421 -0.1227980572049368
0.5866459455632378 -0.000459516544980296 -0.1241671072654916
0.5901749041541815 -0.0004646346967252333 -0.1255500957642887
0.5937250911348052 -0.0004698048416331771 -0.1269471334648361
0.5972966342041217 -0.0004750273900283298 -0.1283583312418562
0.6008896618293151 -0.0004803027525830927 -0.1297838000641588
0.6045043032503616 -0.0004856313402320295 -0.1312236509713932
0.6081406884846782 -0.0004910135640657969 -0.1326779950453872
0.6117989483317994 -0.000496449835253501 -0.1341469433891664
0.6154792143780822 -0.0005019405649457522 -0.1356306071007588
0.619181619001439 -0.0005074861641671487 -0.1371290972441422
0.6229062953760992 -0.0005130870437321384 -0.1386425248265092
0.6266533774773996 -0.0005187436141365423 -0.1401710007689555
0.6304230000866031 -0.0005244562854323971 -0.1417146358726607
0.6342152987957473 -0.0005302254671460885 -0.1432735407967669
0.6380304100125211 -0.0005360515681716425 -0.1448478260295446
0.6418684709651717 -0.0005419349966084214 -0.1464376018445367
0.6457296197074404 -0.0005478761596806185 -0.1480429782788039
0.6496139951235281 -0.0005538754636418467 -0.1496640651071444
0.6535217369330918 -0.0005599333135876435 -0.1513009717914299
0.6574529856962692 -0.0005660501133404255 -0.1529538074495187
0.6614078828187353 -0.0005722262653777367 -0.1546226808358681
0.6653865705567885 -0.0005784621706567065 -0.1563077002941
0.6693891920224675 -0.0005847582284174672 -0.1580089737038825
0.673415891188699 -0.0005911148361362704 -0.159726608468261
0.6774668128944764 -0.000597532389386946 -0.161460711476223
0.6815421028500694 -0.0006040112815681319 -0.1632113890289918
0.6856419076422656 -0.0006105519038388501 -0.1649787468226185
0.6897663747396426 -0.0006171546450267166 -0.1667628899231792
0.693915652497873 -0.0006238198913455405 -0.1685639226904669
0.6980898901650602 -0.0006305480262248177 -0.1703819487319182
0.702289237887107 -0.0006373394302784778 -0.1722170708941687
0.7065138467131162 -0.000644194481074306 -0.1740693912007476
0.7107638686008243 -0.0006511135528120321 -0.1759390107650936
0.7150394564220665 -0.0006580970163260104 -0.177826029791279
0.7193407639682761 -0.0006651452389323382 -0.179730547532699
0.7236679459560159 -0.0006722585840188419 -0.1816526621812808
0.728021158032544 -0.0006794374109700442 -0.1835924708472094
0.7324005567814114 -0.0006866820751083761 -0.1855500695430416
0.736806299728095 -0.000693992927316515 -0.1875255530816573
0.7412385453456634 -0.0007013703137550654 -0.1895190149999735
0.7456974530604773 -0.0007088145759007468 -0.191530547569263
0.7501831832579239 -0.000716326050278247 -0.1935602417226978
0.754695897288186 -0.0007239050679607498 -0.1956081869203854
0.7592357574720454 -0.0007315519546211648 -0.1976744711632118
0.7638029271067222 -0.0007392670303918504 -0.1997591809549369
0.7683975704717476 -0.0007470506093050224 -0.201862401150986
0.7730198528348741 -0.000754902999152756 -0.2039842149206203
0.7776699404580188 -0.0007628245015008309 -0.2061247037506785
0.7823480006032453 -0.0007708154112312653 -0.2082839473219633
0.7870542015387785 -0.0007788760160741472 -0.2104620233827366
0.7917887125450584 -0.0007870065967414447 -0.2126590077848768
0.7965517039208285 -0.0007952074266473347 -0.2148749744083079
0.8013433469892614 -0.0008034787711921562 -0.2171099949675148
0.8061638141041211 -0.0008118208878306023 -0.2193641390299698
0.8110132786559631 -0.0008202340259861772 -0.2216374739930177
0.8158919150783704 -0.0008287184263470788 -0.2239300648936144
0.8207998988542287 -0.0008372743205797092 -0.2262419743309139
0.8257374065220374 -0.0008459019314609566 -0.2285732625020127
0.8307046156822607 -0.0008546014723709727 -0.2309239870648918
0.8357017050037151 -0.0008633731465602515 -0.2332942029403721
0.8407288542299962 -0.0008722171473902497 -0.2356839623771331
0.8457862441859444 -0.0008811336580779725 -0.2380933148826971
0.8508740567841485 -0.0008901228507479145 -0.2405223069672513
0.8559924750314897 -0.0008991848864469945 -0.2429709821476839
0.8611416830357236 -0.0009083199151716288 -0.2454393809548991
0.8663218660121029 -0.00091752807504386 -0.2479275407111972
0.8715332102900397 -0.0009268094917746966 -0.2504354953852622
0.8767759033198074 -0.0009361642789618132 -0.2529632756726039
0.882050133679283 -0.0009455925375736902 -0.2555109088561662
0.8873560910807308 -0.0009550943548783167 -0.2580784185168494
0.8926939663776258 -0.0009646698047825827 -0.2606658246252178
0.8980639515715189 -0.0009743189476516881 -0.2632731434927019
0.9034662398189428 -0.0009840418291275556 -0.2659003874523193
0.9089010254383604 -0.0009938384799936489 -0.2685475648221459
0.9143685039171535 -0.001003708916381576 -0.2712146799611437
0.9198688719186553 -0.001013653138871415 -0.2739017330260573
0.9254023272892237 -0.001023671131595364 -0.276608719729208
0.9309690690653579 -0.001033762862726691 -0.2793356314706162
0.9365692974808579 -0.001043928284007195 -0.2820824552103128
0.9422032139740265 -0.001054167329328109 -0.2848491730848839
0.9478710211949153 -0.001064479915062602 -0.2876357624973158
0.9535729230126136 -0.001074865940040644 -0.2904421961102031
0.9593091245225821 -0.001085325284195514 -0.2932684414800193
0.9650798320540293 -0.001095857808127276 -0.2961144609391607
0.9708852531773335 -0.001106463353555381 -0.2989802117182477
0.9767255967115094 -0.001117141742410631 -0.3018656457007594
0.9826010727317186 -0.0011278927754819 -0.3047707090573624
0.9885118925768263 -0.001138716233094125 -0.3076953424291123
0.9944582688570029 -0.001149611874741591 -0.3106394808283626
1.000440415461372 -0.001160579437333327 -0.3136030531646479
1.006458547565703 -0.001171618635398183 -0.3165859823001002
1.012512881640152 -0.001182729161309863 -0.3195881851102529
1.018603635457047 -0.001193910683819912 -0.3226095720876386
1.024731028098722 -0.001205162847169464 -0.3256500471017701
1.030895279965397 -0.001216485271852853 -0.328709507605479
1.037096612783106 -0.001227877553782166 -0.3317878444091652
1.043335249611672 -0.001239339262408104 -0.3348849411730342
1.04961141485273 -0.0012508699415307 -0.3380006746261587
1.055925334257799 -0.001262469109129796 -0.3411349145206748
1.062277234936404 -0.001274136255334245 -0.3442875230830327
1.068667345364243 -0.001285870842326805 -0.3474583549882992
1.075095895391404 -0.001297672304919135 -0.350647257515529
1.081563116250635 -0.001309540049068361 -0.3538540701469208
1.088069240565661 -0.001321473450399113 -0.3570786241684548
1.094614502359551 -0.001333471855300232 -0.3603207429662358
1.101199137063137 -0.001345534580243841 -0.3635802418424984
1.107823381523478 -0.001357660909409477 -0.366856927373616
1.114487474012384 -0.001369850095475203 -0.3701505976238722
1.121191654234987 -0.001382101359766411 -0.3734610421856659
1.127936163338358 -0.00139441389005335 -0.3767880415843786
1.134721243920186 -0.001406786839960499 -0.3801313671187778
1.141547140037501 -0.001419219329980658 -0.383490781135038
1.148414097215454 -0.001431710446094415 -0.3868660366537027
1.155322362456149 -0.001444259237607498 -0.3902568767853115
1.162272184247527 -0.001456864718546207 -0.3936630351074603
1.169263812572304 -0.001469525867231908 -0.3970842355498279
1.176297498916961 -0.0014822416235066 -0.4005201916444867
1.183373496280794 -0.001495010889290194 -0.4039706066764873
1.19049205918501 -0.001507832529183468 -0.4074351738467858
1.197653443681885 -0.001520705368236577 -0.4109135756692648
1.204857907363973 -0.001533628190678309 -0.414405483627365
1.212105709373372 -0.001546599741425594 -0.417910558581972
1.219397110411042 -0.001559618724933013 -0.4214284504605391
1.22673237274619 -0.001572683802344906 -0.424958797487552
1.234111760225694 -0.00158579359306251 -0.4285012266079891
1.241535538283603 -0.001598946674704389 -0.4320553534766288
1.249003973950675 -0.001612141580089056 -0.4356207816427163
1.256517335863991 -0.0016253767973244 -0.439197102574128
1.264075894276612 -0.001638650770984825 -0.4427838959754494
1.271679921067302 -0.001651961900020634 -0.446380729223064
1.279329689750306 -0.001665308535681353 -0.4499871568040099
1.287025475485191 -0.001678688983516073 -0.4536027208564975
1.294767555086741 -0.001692101502573776 -0.4572269509538265
1.302556207034913 -0.001705544302008075 -0.4608593631869458
1.310391711484858 -0.001719015542572308 -0.464499460568445
1.318274350276994 -0.001732513337131428 -0.4681467331708747
1.326204406947145 -0.001746035747613807 -0.4718006573030853
1.334182166736741 -0.001759580784396303 -0.4754606953440647
1.342207916603075 -0.001773146408145468 -0.4791262962404548
1.350281945229628 -0.001786730528058645 -0.4827968950312754
1.358404543036452 -0.001800330998954401 -0.486471912061722
1.366576002190616 -0.00181394562366721 -0.4901507536302388
1.374796616616712 -0.001827572152732654 -0.4938328119034567
1.383066682007434 -0.001841208280684132 -0.4975174639155183
1.391386495834208 -0.001854851647188396 -0.5012040718749117
1.399756357357896 -0.001868499838260907 -0.5048919834928779
1.408176567639557 -0.00188215038342817 -0.5085805312166352
1.416647429551278 -0.001895800754261033 -0.5122690318330614
1.425169247787069 -0.001909448366892802 -0.5159567871491174
1.433742328873819 -0.001923090580760637 -0.5196430836517578
1.442366981182327 -0.001936724695013256 -0.5233271915372473
1.45104351493839 -0.001950347951079606 -0.5270083654052486
1.459772242233963 -0.00196395753299406 -0.5306858443466937
1.468553477038385 -0.001977550563690491 -0.5343588509423958
1.477387535209671 -0.001991124105516912 -0.5380265914021131
1.486274734505876 -0.002004675162255103 -0.541688256110277
1.495215394596523 -0.002018200676748697 -0.5453430189850698
1.504209837074101 -0.00203169752856652 -0.5489900368470316
1.513258385465633 -0.002045162537116554 -0.5526284502604911
1.522361365244312 -0.002058592461025366 -0.5562573833658797
1.531519103841213 -0.002071983994202238 -0.5598759428162111
1.540731930657063 -0.002085333768254435 -0.5634832184297154
1.550000177074097 -0.002098638353613522 -0.5670782834941854
1.55932417646797 -0.002111894256166092 -0.5706601938565565
1.568704264219756 -0.002125097916984632 -0.5742279878501831
1.578140777728008 -0.002138245715165138 -0.577780687061599
1.587634056420891 -0.002151333966152493 -0.5813172958780111
1.597184441768398 -0.002164358918711304 -0.5848368006687845
1.606792277294626 -0.002177316758433051 -0.5883381707331165
1.616457908590138 -0.002190203607879303 -0.5918203583387349
1.626181683324388 -0.002203015522745106 -0.595282297685199
1.635963951258232 -0.00221574849381794 -0.5987229054332329
1.645805064256506 -0.002228398449000742 -0.6021410812513724
1.655705376300682 -0.002240961250617719 -0.6055357070879615
1.665665243501602 -0.002253432694373733 -0.6089056468899656
1.675685024112287 -0.002265808512908333 -0.6122497475633153
1.685765078540822 -0.002278084374986659 -0.6155668387542784
1.695905769363321 -0.002290255882188345 -0.6188557319547598
1.70610746133697 -0.002302318572491678 -0.6221152214707872
1.716370521413142 -0.002314267921289148 -0.6253440846969236
1.726695318750602 -0.002326099338120681 -0.6285410812335481
1.737082224728785 -0.002337808168013736 -0.6317049532489654
1.747531612961148 -0.002349389694378644 -0.6348344262617628
1.758043859308618 -0.002360839137278389 -0.6379282086732833
1.768619341893104 -0.002372151651868905 -0.6409849913461755
1.779258441111101 -0.002383322332440682 -0.6440034486964845
1.789961539647373 -0.002394346212556814 -0.6469822387309553
1.800729022488719 -0.002405218262066496 -0.6499200022400411
1.811561276937818 -0.002415933390420915 -0.6528153636939006
1.822458692627162 -0.002426486448606016 -0.6556669317646534
1.83342166153307 -0.002436872226879284 -0.6584732987148311
1.844450577989788 -0.002447085455560904 -0.6612330406111583
1.855545838703674 -0.002457120808626791 -0.663944718295435
1.866707842767465 -0.002466972903127182 -0.6666068772274324
1.877936991674634 -0.002476636297626562 -0.6692180470633406
1.88923368933383 -0.002486105496398164 -0.671776742789176
1.90059834208341 -0.002495374950518095 -0.6742814650164276
1.912031358706049 -0.002504439055829525 -0.6767306994319553
1.923533150443451 -0.002513292155837093 -0.6791229175800937
1.935104131011135 -0.002521928544436612 -0.6814565776002546
1.946744716613318 -0.002530342464977445 -0.6837301239735669
1.958455325957888 -0.002538528110885279 -0.6859419876911594
1.970236380271462 -0.002546479629622405 -0.6880905873242773
1.982088303314539 -0.002554191123289561 -0.690174329186908
1.994011521396743 -0.002561656647809966 -0.6921916071152971
2.006006463392153 -0.002568870216910911 -0.6941408035438228
2.018073560754737 -0.002575825804087817 -0.6960202900357106
2.030213247533863 -0.002582517342068844 -0.6978284271383622
2.042425960389917 -0.002588938725395061 -0.699563565080552
2.05471213861001 -0.002595083813645219 -0.7012240446437982
2.067072224123773 -0.002600946431999506 -0.7028081973146986
2.079506661519261 -0.002606520372355966 -0.7043143455865997
2.092015898058938 -0.00261179939722089 -0.7057408040108295
2.104600383695769 -0.002616777241369404 -0.7070858796454097
2.117260571089404 -0.002621447612571531 -0.7083478722512451
2.129996915622458 -0.002625804195169193 -0.7095250752586755
2.142809875416892 -0.002629840652635426 -0.7106157764590074
2.155699911350493 -0.00263355062886976 -0.7116182583545412
2.16866748707345 -0.002636927750994595 -0.7125307989141875
2.181713069025031 -0.002639965632560284 -0.7133516724395205
2.194837126450363 -0.002642657875527515 -0.7140791501004418
2.208040131417308 -0.002644998072794077 -0.7147115006179451
2.221322558833443 -0.002646979811573312 -0.7152469911770151
2.234684886463145 -0.002648596675821872 -0.7156838880826385
2.248127594944775 -0.002649842249115173 -0.7160204575367874
2.261651167807962 -0.002650710118020579 -0.716254966549895
2.275256091491004 -0.002651193874723143 -0.7163856836503647
2.288942855358358 -0.002651287120203227 -0.7164108797432018
2.302711951718243 -0.002650983468122353 -0.7163288291600204
2.316563875840352 -0.002650276547374142 -0.7161378103483361
2.330499125973664 -0.002649160005163016 -0.7158361067034732
2.344518203364364 -0.002647627511860505 -0.7154220078807972
2.358621612273878 -0.002645672763635396 -0.7148938105064142
2.372809859997005 -0.002643289485136179 -0.714249818902002
2.387083456880169 -0.0026404714347841 -0.7134883465150587
2.401442916339774 -0.00263721240860005 -0.7126077169529755
2.415888754880671 -0.002633506242135238 -0.7116062645047295
2.430421492114737 -0.00262934681524069 -0.710482335429661
2.445041650779565 -0.002624728058132358 -0.7092342895963426
2.459749756757268 -0.002619643952669459 -0.7078605008280017
2.474546339093393 -0.002614088535983489 -0.7063593578831245
2.489431930015952 -0.002608055908270586 -0.7047292665610528
2.504407064954564 -0.00260154023489859 -0.7029686502713344
2.519472282559719 -0.002594535748542775 -0.7010759506108261
2.534628124722145 -0.00258703675672865 -0.6990496294018531
2.549875136592308 -0.002579037647164732 -0.6968881701331906
2.565213866600017 -0.002570532888089948 -0.6945900780539355
2.580644866474148 -0.002561517033999034 -0.6921538817205813
2.596168691262497 -0.002551984734903885 -0.6895781354995507
2.611785899351737 -0.002541930735981943 -0.6868614194721844
2.627497052487508 -0.002531349880966558 -0.6840023403508607
2.64330271579462 -0.002520237122920654 -0.6809995343901738
2.659203457797384 -0.002508587526630946 -0.6778516680338799
2.675199850440056 -0.002496396269135782 -0.6745574380575291
2.691292469107416 -0.002483658648853194 -0.6711155740349767
2.707481892645458 -0.00247037009367312 -0.6675248405250038
2.723768703382218 -0.002456526158885 -0.6637840365113277
2.740153487148712 -0.002442122532952362 -0.6598919969629661
2.756636833300016 -0.002427155050498751 -0.655847596343198
2.77321933473646 -0.002411619690523987 -0.6516497481275756
2.789901587924954 -0.002395512578484111 -0.6472974053659492
2.806684192920446 -0.002378829999470702 -0.6427895642436848
2.823567753387507 -0.002361568402103359 -0.6381252651334612
2.840552876622036 -0.002343724396314698 -0.6333035919967481
2.857640173573115 -0.002325294762980813 -0.628323674986077
2.874830258864976 -0.002306276465802457 -0.6231846936554849
2.892123750819116 -0.002286666646324167 -0.6178858756146194
2.909521271476531 -0.002266462628692128 -0.6124264978143733
2.927023446620097 -0.002245661935989981 -0.6068058909610231
2.944630905797074 -0.002224262287980166 -0.6010234389059128
2.962344282341753 -0.002202261600557489 -0.5950785784978001
2.980164213398238 -0.002179658000142979 -0.5889708034722566
2.998091339943359 -0.002156449830405584 -0.5826996662679532
3.016126306809736 -0.002132635646331878 -0.5762647764242224
3.034269762708964 -0.002108214222988866 -0.5696658029488761
3.052522360254954 -0.002083184571561242 -0.5629024786516738
3.070884755987404 -0.002057545931598898 -0.5559745980495026
3.089357610395416 -0.002031297773518841 -0.5488820180424263
3.107941587941251 -0.002004439817080986 -0.5416246629060751
3.126637357084233 -0.001976972030055893 -0.5342025239316522
3.14544559030479 -0.001948894623764826 -0.5266156582208014
3.164366964128648 -0.001920208067034311 -0.5188641924563028
3.183402159151157 -0.001890913096711365 -0.5109483257434195
3.202551860061779 -0.001861010707515161 -0.5028683268676908
3.221816755668715 -0.001830502158534384 -0.4946245360505983
3.241197538923678 -0.001799388992611624 -0.4862173701874714
3.260694906946819 -0.001767673026853944 -0.477647320283324
3.280309561051807 -0.00173535635152597 -0.468914951153754
3.300042206771049 -0.00170244134876429 -0.4600209064818072
3.319893553881069 -0.001668930693577774 -0.4509659090882758
3.339864316428041 -0.001634827344557709 -0.4417507584214626
3.359955212753471 -0.001600134555545466 -0.4323763337099282
3.380166965520037 -0.001564855890010872 -0.4228435978477077
3.400500301737581 -0.001528995206944109 -0.4131535935821255
3.42095595278926 -0.001492556663852806 -0.4033074443236477
3.441534654457853 -0.001455544737445547 -0.3933063597348225
3.46223714695223 -0.001417964214105545 -0.3831516331561496
3.483064174933973 -0.001379820184010959 -0.3728446400173159
3.504016487544163 -0.001341118057859769 -0.3623868423564645
3.525094838430328 -0.001301863570840488 -0.3517797898931327
3.546299985773546 -0.001262062768466563 -0.3410251162005291
3.567632692315724 -0.001221722014378882 -0.3301245408138676
3.589093725387028 -0.001180848007173623 -0.3190798737774641
3.610683856933487 -0.001139447763595124 -0.307893011103239
3.632403863544755 -0.001097528616983837 -0.296565934351335
3.654254526482051 -0.00105509823650864 -0.2851007158269284
3.676236631706256 -0.001012164619454265 -0.2734995164961956
3.698350969906183 -0.0009687360794627558 -0.2617645828090077
3.720598336527025 -0.0009248212590790821 -0.2498982500889134
3.742979531798957 -0.0008804291397676808 -0.2379029452397319
3.765495360765927 -0.0008355690168253082 -0.2257811799666935
3.788146633314612 -0.0007902505027358575 -0.2135355516829528
3.810934164203546 -0.0007444835562238676 -0.2011687513602094
3.833858773092431 -0.0006982784519759621 -0.1886835553470627
3.856921284571616 -0.0006516457741783925 -0.1760828236227758
3.880122528191761 -0.0006045964376568817 -0.1633695055095245
3.903463338493672 -0.0005571416792097948 -0.1505466373305124
3.926944555038322 -0.0005092930415434827 -0.1376173380690998
3.950567022437048 -0.0004610623803882073 -0.1245848112916158
3.974331590381932 -0.0004124618722968526 -0.1114523472546671
3.998239113676364 -0.0003635039936744732 -0.09822331723866068
4.02229045226579 -0.0003142015181260899 -0.08490117283114455
4.046486471268643 -0.0002645675297140605 -0.07148944950911511
4.070828041007458 -0.0002146154066922243 -0.05799176224377992
4.095316037040186 -0.0001643588097992625 -0.04441180233727743
4.119951340191675 -0.000113811690985201 -0.03075333978068714
4.144734836585366 -6.298828953096673e-05 -0.01702022220548502
4.169667417675155 -1.190311265088345e-05 -0.003216369642096024
4.194749980277468 3.942906424305893e-05 0.01065422540869728
4.219983426603512 9.099319145532433e-05 0.02458749633127387
4.24536866429173 0.0001427739660839572 0.03857930809047701
4.270906606440451 0.0001947558396539671 0.05262545929425013
4.296598171640729 0.0002469230112600836 0.0667216803407235
4.322444284009386 0.0002992594419157764 0.0808636372954987
4.348445873222255 0.0003517488695793096 0.09504693595187605
4.374603874547618 0.0004043748076408783 0.10926712142206
4.400919228879844 0.0004571205496234628 0.1235196794073885
4.42739288277324 0.0005099691891517547 0.1378000415941866
4.454025788476091 0.0005629036252915371 0.152103587096533
4.480818903964917 0.000615906561635445 0.1664256422092216
4.50777319297893 0.0006689605256288075 0.180761485629845
4.534889625054696 0.0007220478797950855 0.1951063514920481
4.562169175561013 0.0007751508226761957 0.2094554296196155
4.589612825733993 0.0008282514018453899 0.2238038690427135
4.617221562712357 0.0008813315300502535 0.2381467823599303
4.644996379572944 0.0009343729907547269 0.2524792472357992
4.672938275366425 0.0009873574456699535 0.2667963084357276
4.701048255153248 0.001040266452815491 0.2810929827063621
4.729327330039782 0.001093081476003189 0.2953642613382501
4.757776517214689 0.001145783891642545 0.3096051120047328
4.786396839985513 0.001198355004953353 0.3238104831428043
4.815189327815487 0.001250776062291939 0.3379753072838146
4.844155016360561 0.001303028260056798 0.3520945034598853
4.873294947506656 0.001355092758465724 0.3661629809266593
4.902610169407141 0.001406950695263539 0.3801756428673028
4.932101736520533 0.001458583196255654 0.3941273892388038
4.961770709648425 0.001509971389172867 0.4080131205184142
4.991618155973645 0.00156109641713931 0.4218277413428565
5.021645149098641 0.001611939449534403 0.4355661634433601
5.051852769084097 0.001662481697171954 0.4492233097472432
5.082242102487784 0.001712704426295127 0.4627941181595284
5.112814242403641 0.001762588968460365 0.4762735442337008
5.1435702885011 0.001812116735395472 0.4896565651865489
5.174511347064628 0.001861269236512198 0.5029381846302828
5.205638531033534 0.001910028086886856 0.5161134347289965
5.23695296004199 0.001958375019714269 0.5291773795638803
5.26845576045931 0.002006291908045826 0.5421251210071142
5.300148065430462 0.002053760772860668 0.5549518009028038
5.332031014916829 0.002100763791892156 0.5676526034520025
5.364105755737212 0.002147283321465625 0.580222761113544
5.39637344160908 0.002193301910571981 0.5926575584069048
5.42883523319007 0.002238802304648991 0.6049523329339558
5.461492298119737 0.002283767462990033 0.6171024800830239
5.494345811061548 0.002328180582253482 0.6291034593814215
5.52739695374514 0.002372025096605425 0.6409507945340103
5.560646915008824 0.002415284688590034 0.6526400763605104
5.594096890842349 0.002457943317682414 0.6641669705108384
5.627748084429916 0.002499985224348096 0.6755272185620319
5.661601706193463 0.002541394933067464 0.6867166388354868
5.695658973836199 0.00258215727726577 0.6977311331333604
5.729921112386407 0.002622257416174723 0.7085666912947809
5.764389354241504 0.002661680829651566 0.7192193897959001
5.799064939212376 0.002700413334079779 0.7296853960464592
5.833949114567966 0.002738441112278327 0.7399609764716425
5.869043135080146 0.002775750705727454 0.7500424944113901
5.904348263068843 0.002812329020317336 0.7599264116737543
5.939865768447451 0.002848163358339058 0.7696092971792629
5.975596928768503 0.002883241421318643 0.7790878277267071
6.01154302926963 0.002917551304092164 0.7883587863921648
6.047705362919785 0.002951081518330722 0.7974190688857417
6.084085230465758 0.002983821013883268 0.8062656893186697
6.120683940478954 0.003015759163575836 0.8148957760958679
6.15750280940247 0.003046885773964422 0.8233065748215078
6.194543161598441 0.00307719111920087 0.8314954574499954
6.231806329395683 0.003106665927744885 0.8394599186953929
6.269293653137611 0.003135301379926831 0.8471975753728562
6.307006481230453 0.003163089138678864 0.8547061747025696
6.344946170191752 0.003190021353952472 0.861983595503422
6.383114084699157 0.003216090646338008 0.8690278437667985
6.421511597639515 0.003241290124929938 0.8758370574839954
6.460140090158249 0.003265613412715254 0.8824095135064836
6.499000951709037 0.003289054622679231 0.8887436210893885
6.538095580103793 0.00331160836082025 0.8948379227061319
6.577425381562945 0.00333326975936567 0.9006911030237742
6.616991770766014 0.003354034461810529 0.9063019848602867
6.656796170902505 0.00337389861054828 0.9116695258422196
6.696840013723089 0.00339285887165987 0.9167928251030233
6.737124739591115 0.003410912442405685 0.9216711253074629
6.777651797534409 0.003428057025164912 0.9263038056097103
6.818422645297399 0.003444290836755279 0.9306903841716537
6.859438749393552 0.003459612634926543 0.9348305253217687
6.900701585158119 0.00347402168937412 0.9387240317226389
6.942212636801205 0.003487517775755208 0.9423708427540386
6.983973397461158 0.003500101203302191 0.9457710419744191
7.025985369258271 0.003511772801473975 0.948924853513931
7.068250063348816 0.003522533898145139 0.9518326361808643
7.110768999979402 0.003532386335157409 0.9544948876638474
7.153543708541653 0.003541332478098225 0.9569122471741394
7.196575727627224 0.003549375183650304 0.959085486623075
7.239866605083138 0.003556517799586879 0.9610155106207768
7.28341789806747 0.00356276418768017 0.9627033626663104
7.327231173105349 0.003568118694409825 0.9641502172327404
7.37130800614531 0.003572586136338274 0.9653573758153673
7.41564998261598 0.003576171818414011 0.9663262718775039
7.460258697483103 0.003578881523770188 0.9670584680939268
7.505135755306914 0.00358072148522755 0.9675556486506148
7.550282770299852 0.003581698390472559 0.9678196206439419
7.59570136638462 0.003581819391398102 0.967852316604654
7.641393177252606 0.00358109206952764 0.9676557851550408
7.687359846422636 0.003579524427773196 0.9672321887818432
7.733603027300095 0.003577124905474866 0.9665838079001157
7.780124383236402 0.003573902352662296 0.9657130338983565
7.826925587588838 0.00356986600916551 0.9646223634939921
7.874008323780734 0.003565025512156965 0.9633144007713353
7.921374285362025 0.003559390888371372 0.961791855079283
7.969025176070168 0.003552972523408343 0.9600575327365095
8.016962709891423 0.003545781157834157 0.9581143359781127
8.065188611122505 0.003537827892361373 0.9559652643552128
8.113704614432605 0.003529124156288869 0.9536134062070553
8.162512464925786 0.003519681693577385 0.9510619348984489
8.211613918203758 0.00350951256793803 0.9483141101947437
8.26101074042902 0.003498629142104821 0.9453732726610135
8.310704708388393 0.003487044054768302 0.9422428374292303
8.360697609556926 0.003474770218443883 0.9389262936222637
8.410991242162195 0.003461820811784705 0.93542720227672
8.461587415248985 0.003448209251615286 0.931749188786086
8.512487948744354 0.00343394918308666 0.9278959402405238
8.563694673523104 0.003419054477845752 0.9238712049322119
8.615209431473632 0.003403539208923816 0.9196787855698894
8.667034075564182 0.003387417634768181 0.9153225349640333
8.719170469909495 0.00337070419505693 0.910806354895933
8.771620489837867 0.003353413494043844 0.9061341916172868
8.824386021958594 0.003335560280049372 0.9013100303084038
8.877468964229841 0.003317159436816859 0.8963378927425522
8.930871226026907 0.003298225973211966 0.8912218345026105
8.984594728210904 0.003278775002031843 0.8859659392550435
9.038641403197854 0.003258821728104962 0.8805743155343286
9.09301319502819 0.003238381439015299 0.8750510942365127
9.147712059436689 0.003217469487133991 0.8694004237639437
9.202739963922818 0.003196101275806937 0.8636264662929851
9.258098887821502 0.003174292248774766 0.8577333949151618
9.313790822374321 0.003152057875315651 0.8517253896225618
9.369817770801134 0.003129413636309445 0.8456066335421913
9.426181748372137 0.003106375013211655 0.8393813099566061
9.482884782480346 0.003082957473634514 0.833053598407736
9.539928912714528 0.003059176458762203 0.826627671296321
9.597316190932558 0.003035047373205567 0.8201076911405305
9.655048681335227 0.003010585570381345 0.8134978066252454
9.713128460540494 0.002985806340002032 0.8068021492216663
9.771557617658175 0.002960724900075555 0.8000248310255231
9.830338254365088 0.002935356383950055 0.793169941256415
9.889472484980656 0.00290971582521821 0.7862415421787698
9.948962436542953 0.002883818152181927 0.7792436676061347
10.00881024888521 0.002857678178312293 0.7721803203233351
10.06901807471279 0.002831310584845696 0.7650554673837306
10.12958807968063 0.00280472991552104 0.7578730386871434
10.1905224424711 0.002777950571328461 0.7506369255608965
10.25182335487242 0.002750986794177513 0.7433509763467542
10.31349302185747 0.002723852657092015 0.7360189937514462
10.3755336616631 0.002696562064195016 0.7286447348426057
10.43794750586993 0.00266912873923877 0.7212319079494253
10.50073679948262 0.002641566208980511 0.7137841681705838
10.56390380101059 0.002613887806458873 0.7063051182595754
10.62745078254932 0.002586106665659715 0.6987983071833503
10.69138002986203 0.002558235702643525 0.6912672250227022
10.7556938424619 0.002530287615520382 0.6837153029655031
10.82039453369479 0.002502274885996182 0.6761459137245136
10.88548443082247 0.00247420976464939 0.6685623675589765
10.95096587510631 0.00244610426167469 0.6609679097734364
11.01684122189147 0.002417970154850796 0.6533657228707404
11.08311284069168 0.002389818982215934 0.6457589245728635
11.14978311527443 0.002361662024786362 0.6381505631512365
11.21685444374672 0.002333510315978141 0.6305436199726243
11.28432923864131 0.002305374641878001 0.6229410095723205
11.35220992700354 0.002277265524228503 0.6153455750565224
11.42049895047856 0.00224919322217131 0.6077600885733877
11.48919876539923 0.002221167740666405 0.6001872535880103
11.55831184287442 0.002193198820018117 0.5926297020522218
11.62784066887791 0.002165295926172772 0.585089991782897
11.69778774433782 0.002137468264757562 0.5775706102554302
11.76815558522656 0.002109724778917927 0.5700739740193699
11.83894672265132 0.002082074133395573 0.562602424396099
11.91016370294514 0.002054524726416796 0.5551582306912105
11.98180908775847 0.00202708469565347 0.5477435918052388
12.05388545415131 0.001999761905371272 0.5403606327609506
12.12639539468595 0.001972563947587654 0.5330114050162443
12.19934151752018 0.001945498155822357 0.5256978901797087
12.27272644650111 0.001918571599896609 0.5184219986053019
12.34655282125957 0.001891791076156179 0.5111855667504999
12.42082329730504 0.001865163124475387 0.5039903617709903
12.49554054612116 0.001838694030889634 0.4968380822320166
12.57070725526186 0.001812389814937736 0.4897303546881169
12.64632612844798 0.001786256241171791 0.4826687367932361
12.72239988566455 0.001760298828781166 0.4756547199012446
12.79893126325863 0.001734522843798867 0.4686897269600044
12.87592301403773 0.001708933304195957 0.4617751138879432
12.95337790736882 0.001683534986474598 0.4549121713555775
13.03129872927796 0.00165833242427074 0.4481021244079409
13.10968828255048 0.001633329916219195 0.4413461345898253
13.18854938683184 0.001608531530518583 0.4346453011792875
13.26788487872902 0.001583941109771724 0.428000662495582
13.34769761191256 0.001559562267010784 0.4214131948251065
13.42799045721921 0.001535398392799498 0.414883814340512
13.50876630275517 0.001511452668048241 0.4084133805634939
13.59002805400002 0.001487728061191429 0.40200269560209
13.67177863391118 0.001464227326647721 0.39565250373461
13.7540209830291 0.001440953021256749 0.3893634958510429
13.83675805958297 0.001417907507256172 0.3831363102574952
13.91999283959716 0.001395092946037907 0.3769715309890472
14.00372831699829 0.001372511311896224 0.3708696915246582
14.08796750372286 0.001350164400380832 0.3648312770442762
14.17271342982564 0.001328053824068563 0.3588567232862931
14.25796914358864 0.001306181018158517 0.3529464180594239
14.34373771163077 0.001284547253436467 0.3471007047458493
14.43002221901811 0.001263153636690753 0.3413198824135962
14.51682576937491 0.001242001108999935 0.3356042053538404
14.60415148499523 0.001221090459890974 0.3299538869066238
14.69200250695523 0.001200422332095345 0.324369100746015
14.78038199522615 0.001179997218039798 0.3188499799318693
14.86929312878798 0.001159815469768248 0.3133966195908479
14.95873910574384 0.001139877307648238 0.3080090792690121
15.04872314343496 0.001120182819295663 0.3026873826412704
15.13924847855642 0.001100731962808802 0.2974315183852547
15.2303183672736 0.00108152457808963 0.2922414432404801
15.3219360853393 0.001062560389182799 0.2871170826403662
15.41410492821153 0.001043839003115467 0.2820583303987451
15.50682821117208 0.001025359920583734 0.2770650515974691
15.60010926944577 0.001007122541134217 0.2721370839865385
15.69395145832038 0.0009891261619685507 0.2672742376610606
15.7883581532674 0.0009713699843436045 0.2624762967906696
15.88333275006339 0.0009538531212532649 0.2577430216952399
15.97887866491215 0.0009365745982605993 0.2530741490697471
16.07499933456759 0.0009195333553231556 0.2484693924774864
16.17169821645737 0.0009027282554638406 0.2439284446930528
16.26897878880723 0.0008861580877024968 0.2394509784944893
16.36684455076612 0.0008698215668331079 0.2350366466030852
16.46529902253208 0.0008537173405230034 0.2306850836016697
16.56434574547881 0.0008378439939423983 0.2263959071855718
16.66398828228309 0.0008222000500864177 0.2221687182496344
16.76423021705294 0.0008067839735954515 0.2180031019205229
16.86507515545651 0.0007915941766155575 0.2138986291402785
16.96652672485178 0.000776629020415184 0.2098548571031775
17.06858857441703 0.0007618868166310763 0.20587132959239
17.17126437528214 0.0007473658330890784 0.2019475785528338
17.27455782066058 0.0007330642964754527 0.1980831248129982
17.37847262598229 0.0007189803929162521 0.1942774782414976
17.48301252902732 0.0007051122722042738 0.1905301388892467
17.58818129006027 0.0006914580512995763 0.1868405979353449
17.69398269196554 0.0006780158153718488 0.1832083379687364
17.80042054038342 0.0006647836200722716 0.179632833602096
17.90749866384694 0.0006517594953778634 0.1761135525106196
18.01522091391964 0.0006389414472162058 0.1726499558710448
18.12359116533404 0.0006263274586177217 0.1692414986730111
18.23261331613107 0.0006139154931024258 0.1658876306342022
18.34229128780023 0.0006017034966695018 0.1625877967379543
18.45262902542071 0.0005896893988165749 0.1593414375086769
18.56363049780323 0.0005778711148888031 0.1561479896466056
18.67529969763284 0.0005662465482722096 0.1530068866204691
18.78764064161249 0.0005548135915656391 0.1499175589841653
18.90065737060757 0.0005435701281102604 0.1468794347900527
19.0143539497912 0.0005325140340602949 0.1438919401484871
19.12873446879051 0.0005216431796199783 0.1409544995620633
19.24380304183367 0.0005109554302575591 0.1380665362536538
19.35956380789796 0.000500448648378892 0.1352274726186338
19.47602093085858 0.0004901206945108923 0.1324367305446657
19.59317859963845 0.000479969428424888 0.1296937317152427
19.71104102835891 0.0004699927104804084 0.1269978979727975
19.82961245649123 0.0004601884026345728 0.1243486515914512
19.94889714900919 0.0004505543694107207 0.1217454155387501
20.06889939654243 0.0004410884791660883 0.119187613818207
20.18962351553079 0.000431788604861503 0.1166746716772824
20.31107384837959 0.0004226526247937435 0.1142060158052778
20.4332547636158 0.0004136784238178261 0.1117810746636121
20.55617065604522 0.0004048638940611537 0.1093992786787938
20.67982594691049 0.000396206935349662 0.1070600603575715
20.80422508405019 0.0003877054562061117 0.1047628545566839
20.92937254205879 0.0003793573748002492 0.1025070987396061
21.05527282244758 0.0003711606190506816 0.100292233004077
21.18193045380665 0.0003631131272611407 0.09811770025402565
21.30934999196772 0.0003552128493293953 0.09598294652623483
21.43753602016806 0.0003474577467380777 0.0938874209878621
21.5664931492153 0.0003398457928016297 0.09183057600316748
21.69622601765332 0.0003323749737960459 0.08981186743878453
21.82673929192908 0.0003250432892903341 0.08783075475328481
21.95803766656046 0.0003178487519597075 0.08588670094670031
22.09012586430514 0.0003107893883468328 0.08397917276622205
22.22300863633048 0.0003038632397498761 0.08210764094616117
22.35669076238438 0.0002970683617330358 0.08027158007568888
22.49117705096725 0.0002904028244277606 0.07847046868022929
22.62647233950495 0.0002838647137065385 0.07670378953863177
22.76258149452277 0.0002774521308405502 0.07497102959066479
22.89950941182054 0.0002711631923293493 0.07327167989099324
23.03726101664865 0.0002649960308649249 0.07160523586968032
23.17584126388527 0.0002589487956293116 0.06997119741260528
23.31525513821456 0.000253019651668177 0.06836906869219911
23.45550765430593 0.0002472067803844795 0.066798358300837
23.59660385699449 0.0002415083804889447 0.06525857950766889
23.73854882146243 0.00023592266720596 0.06374925004404235
23.88134765342164 0.0002304478722776005 0.06226989210459027
24.02500548929732 0.000225082245054946 0.06082003264211858
24.16952749641275 0.0002198240521376937 0.05939920327022487
24.31491887317515 0.0002146715768674026 0.0580069401263669
24.46118484926266 0.0002096231200792727 0.05664278407500253
24.60833068581249 0.0002046770005363003 0.05530628082490401
24.7563616756101 0.000199831554026313 0.05399698068516565
24.90528314327963 0.0001950851336012275 0.05271443862985406
25.05510044547539 0.0001904361105818764 0.05145821456952503
25.20581897107455 0.0001858828736953064 0.05022787311811076
25.357444141371 0.0001814238288200811 0.04902298352409739
25.5099814102703 0.0001770573999399262 0.04784311992821188
25.66343626448592 0.0001727820289419543 0.04668786130889988
25.81781422373652 0.0001685961748574512 0.0455567912771767
25.97312084094457 0.0001644983143840397 0.04444949821772239
26.12936170243603 0.0001604869424970042 0.04336557545406942
26.28654242814131 0.0001565605714130986 0.0423046209686105
26.44466867179741 0.0001527177306067379 0.04126623740697388
26.6037461211513 0.0001489569677973397 0.04025003234481524
26.76378049816449 0.0001452768481940445 0.0392556180837318
26.92477755921884 0.0001416759540152901 0.03828261152144524
27.08674309532363 0.0001381528852622321 0.03733063436078953
27.24968293232387 0.0001347062597487871 0.03639931311782917
27.41360293110984 0.0001313347121725016 0.03548827887079613
27.57850898782788 0.0001280368944114021 0.03459716734030262
27.74440703409252 0.0001248114762735094 0.03372561909186911
27.91130303719981 0.000121657144454204 0.03287327925419158
28.07920300034196 0.0001185726023569305 0.03203979747069345
28.24811296282329 0.0001155565709897132 0.03122482814177534
28.41803900027744 0.0001126077884189758 0.03042803027723042
28.58898722488593 0.0001097250091048807 0.02964906731664466
28.76096378559799 0.0001069070044717502 0.02888760728353186
28.93397486835177 0.0001041525631676009 0.02814332285546308
29.1080266962968 0.0001014604900487302 0.02741589108968912
29.28312553001787 9.88296062746223e-05 0.02670499344878545
29.4592776677602 9.625875011078571e-05 0.02601031601758886
29.63648944565603 9.374677599273995e-05 0.02533154925027496
29.81476723795246 9.129255417272413e-05 0.02466838787489449
29.99411745724076 8.889497147140909e-05 0.02402053109649528
30.17454655468706 8.655293098186497e-05 0.02338768251713059
30.35606102026435 8.426535127032439e-05 0.02276954991989538
30.53866738298595 8.203116674023355e-05 0.02216584536729741
30.72237221114033 7.984932807759503e-05 0.02157628532159449
30.90718211252742 7.77188012278311e-05 0.0210005903683301
31.09310373469621 7.563856731887873e-05 0.02043848519555274
31.28014376518396 7.360762342987401e-05 0.01988969880152409
31.46830893175665 7.16249818453452e-05 0.01935396429319258
31.65760600265105 6.968966955155944e-05 0.01883101875010005
31.84804178681812 6.780072881430739e-05 0.01832060338050636
32.03962313416796 6.595721712690091e-05 0.0178224635073377
32.23235693581619 6.41582063341856e-05 0.01733634833148383
32.42625012433181 6.240278280607702e-05 0.01686201097868977
32.62130967398656 6.069004799427646e-05 0.01639920864998733
32.81754260100581 5.90191174815805e-05 0.01594770236480667
33.01495596382091 5.738912076074825e-05 0.01550725690122351
33.21355686332307 5.579920190307018e-05 0.01507764097661474
33.4133524431188 5.42485190432192e-05 0.01465862710845873
33.61434988978685 5.273624376135313e-05 0.01424999144737178
33.81655643313671 5.126156147947386e-05 0.01385151388420923
34.01997934646867 4.98236716139884e-05 0.01346297809128941
34.22462594683541 4.842178668369344e-05 0.01308417128135991
34.43050359530524 4.705513232341384e-05 0.01271488421128289
34.63761969722685 4.572294786707774e-05 0.01235491133958923
34.84598170249565 4.442448554058697e-05 0.01200405060838206
35.0555971058218 4.31590101202378e-05 0.01166210335103776
35.26647344699975 4.192579946524501e-05 0.01132887443610065
35.47861831117944 4.072414423390657e-05 0.01100417219058708
35.69203932913916 3.955334719613362e-05 0.01068780821422251
35.90674417756002 3.841272345980663e-05 0.01037959744060575
36.12274057930207 3.730160076746126e-05 0.01007935821737716
36.34003630368208 3.621931864795786e-05 0.009786912076989189
36.55863916675303 3.516522830474574e-05 0.009502083706513976
36.77855703158521 3.413869315176772e-05 0.009224701092451439
36.9997978085491 3.313908819713823e-05 0.00895459535419142
37.22236945559986 3.216579960759127e-05 0.008691600626322068
37.4462799785636 3.121822509321063e-05 0.008435554162588772
37.67153743142533 3.029577382650728e-05 0.008186296314027836
37.89814991661868 2.93978657331528e-05 0.00794367033731381
38.12612558531732 2.852393157347731e-05 0.007707522416781248
38.35547263772817 2.767341331374236e-05 0.007477701764747278
38.58619932338635 2.684576337549187e-05 0.007254060418676849
38.81831394145193 2.604044442736872e-05 0.007036453184928983
39.05182484100842 2.525692983001394e-05 0.006824737758974078
39.2867404213631 2.449470322149874e-05 0.006618774613372482
39.52306913234914 2.375325802136781e-05 0.006418426863760791
39.76081947462954 2.303209767385378e-05 0.00622356033457144
40.00000000000288 2.233073572335037e-05 0.006034043579426473
