##########################################################################################
#
# SZ signal computed with SZpack v1.1.1
# Runmode: CNSN-basis
#
# General parameters:
# xmin= 0.1 xmax= 40 np= 1000
# Dtau= 0.01
# Te= 3keV (The ~ 0.00587085)
# betac= 0 muc= 1
# betao= 0 muo= 1
#
# Runmode specific parameters:
# eps= 0
# Te_order= 20 beta_order= 2
#
##########################################################################################
#
# Output format: x = (h nu/k T0) | x^3 Dn(x) | DI(x) in MJy/sr 
# Here a CMB temperature of T0 = 2.726 K is assumed.
#
##########################################################################################
0.1 -1.160590613883737e-06 -0.0003136060732081019
0.1006015482792701 -1.174571423535789e-06 -0.0003173838625188202
0.1012067151618632 -1.188720354028613e-06 -0.0003212070801796114
0.1018155224154252 -1.203039420379724e-06 -0.0003250762706733646
0.1024279919385451 -1.217530660986527e-06 -0.000328991984800507
0.1030441457615424 -1.232196138036021e-06 -0.0003329547797897106
0.1036640060472596 -1.24703793918372e-06 -0.000336965219751559
0.1042875950918594 -1.262058176707271e-06 -0.0003410238754498428
0.1049149353256267 -1.277258987262778e-06 -0.0003451313242357161
0.1055460493137754 -1.292642533442122e-06 -0.0003492881504685043
0.10618095975726 -1.308211003988467e-06 -0.0003534949455739351
0.1068196894935924 -1.32396661288201e-06 -0.0003577523077970986
0.1074622614976628 -1.339911600273554e-06 -0.0003620608424547084
0.1081086988825668 -1.356048233906689e-06 -0.0003664211623193945
0.1087590249004362 -1.372378807902411e-06 -0.0003708338872912902
0.1094132629432757 -1.388905642973752e-06 -0.0003752996444560302
0.1100714365438043 -1.405631088335782e-06 -0.0003798190686008547
0.1107335693763015 -1.422557521091642e-06 -0.0003843928020487093
0.1113996852574591 -1.43968734569226e-06 -0.0003890214945122533
0.1120698081472377 -1.457022995466264e-06 -0.0003937058035072601
0.1127439621497288 -1.474566933345722e-06 -0.0003984463945487237
0.1134221715140214 -1.492321650662487e-06 -0.000403243940825613
0.1141044606350749 -1.510289667902848e-06 -0.0004080991234047903
0.1147908540545956 -1.528473536601873e-06 -0.0004130126317428856
0.1154813764619206 -1.546875838082223e-06 -0.0004179851633455082
0.1161760526949047 -1.565499183419469e-06 -0.0004230174237578755
0.1168749077408149 -1.584346215497231e-06 -0.0004281101271201363
0.1175779667372284 -1.603419608786023e-06 -0.0004332639961076129
0.118285254972937 -1.622722068454782e-06 -0.0004384797616907248
0.118996797888857 -1.642256331796339e-06 -0.000443758163520168
0.119712621078944 -1.662025169549892e-06 -0.0004490999502842653
0.1204327502911136 -1.682031384432278e-06 -0.0004545058793120968
0.1211572114281675 -1.70227781167232e-06 -0.000459976716717886
0.1218860305487253 -1.722767321308508e-06 -0.0004655132380218641
0.1226192338681618 -1.743502817052362e-06 -0.0004711162278431353
0.12335684775955 -1.764487235927424e-06 -0.0004767864798021276
0.1240988987546095 -1.785723550375779e-06 -0.0004825247970898015
0.124845413544661 -1.807214768590151e-06 -0.0004883319925573867
0.1255964189815867 -1.828963933241616e-06 -0.0004942088883725942
0.1263519420787953 -1.85097412272377e-06 -0.0005001563163558055
0.1271120100121947 -1.873248453121254e-06 -0.0005061751185119932
0.1278766501211688 -1.895790076547975e-06 -0.0005122661465816877
0.128645889909561 -1.918602181410902e-06 -0.0005184302621122574
0.1294197570466637 -1.941687995007956e-06 -0.0005246683371598912
0.1301982793682135 -1.96505078272207e-06 -0.0005309812540718247
0.1309814848773924 -1.988693847252494e-06 -0.000537369905278627
0.1317694017458348 -2.012620530672219e-06 -0.0005438351938501448
0.1325620583146414 -2.03683421545796e-06 -0.0005503780337738148
0.1333594830953982 -2.061338322828031e-06 -0.0005569993495055371
0.1341617047712022 -2.086136313737182e-06 -0.0005637000762384935
0.1349687521976928 -2.111231691474329e-06 -0.0005704811606050858
0.1357806544040905 -2.136627999953897e-06 -0.0005773435602152352
0.13659744059424 -2.162328823634313e-06 -0.0005842882436343592
0.1374191401476617 -2.1883377902974e-06 -0.0005913161911343967
0.1382457826206078 -2.214658570788968e-06 -0.0005984283946237139
0.1390773977471256 -2.241294877774446e-06 -0.0006056258573108612
0.1399140154401271 -2.268250467642512e-06 -0.0006129095942189549
0.140755665792465 -2.295529142345352e-06 -0.0006202806326829415
0.1416023790780148 -2.323134747383129e-06 -0.0006277400118049737
0.1424541857527642 -2.351071172493799e-06 -0.000635288782640809
0.1433111164559082 -2.379342354780368e-06 -0.0006429280090448314
0.1441732020109516 -2.407952277190143e-06 -0.0006506587672591287
0.1450404734268171 -2.436904967983083e-06 -0.0006584821457698322
0.1459129618989614 -2.466204503564239e-06 -0.0006663992460724784
0.1467906988104967 -2.495855008983344e-06 -0.0006744111828070044
0.1476737157333199 -2.525860656171399e-06 -0.0006825190832812507
0.148562044429248 -2.556225665587593e-06 -0.00069072408791598
0.1494557168511607 -2.586954308925102e-06 -0.0006990273509760187
0.1503547651441497 -2.618050906848207e-06 -0.0007074300399587967
0.151259221646675 -2.649519829308392e-06 -0.000715933335679761
0.152169118891728 -2.681365499055746e-06 -0.0007245384332212011
0.1530844896080017 -2.713592390585226e-06 -0.0007332465416475167
0.1540053667210681 -2.74620502904717e-06 -0.0007420588837108228
0.1549317833545624 -2.779207992995309e-06 -0.000750976696593498
0.1558637728313743 -2.812605915834617e-06 -0.0007600012322994122
0.156801368674847 -2.846403483535684e-06 -0.0007691337570363203
0.1577446046099826 -2.880605435934307e-06 -0.000778375551567029
0.1586935145646554 -2.915216570268261e-06 -0.000787727912165076
0.1596481326708324 -2.950241738872842e-06 -0.000797192149992037
0.1606084932658007 -2.985685849020429e-06 -0.0008067695910541733
0.1615746308934029 -3.021553866652254e-06 -0.0008164615772108032
0.1625465803052792 -3.05785081607942e-06 -0.0008262694660935119
0.1635243764621181 -3.094581778248296e-06 -0.0008361946306374419
0.1645080545349132 -3.131751893262552e-06 -0.0008462384597627755
0.1654976499062288 -3.169366362919895e-06 -0.0008564023590601951
0.1664931981714723 -3.207430447960514e-06 -0.0008666877500473768
0.1674947351401746 -3.245949468945952e-06 -0.0008770960704064744
0.1685022968372784 -3.284928810481162e-06 -0.0008876287751249697
0.1695159195044337 -3.324373919189371e-06 -0.000898287335948457
0.1705356396013016 -3.364290302933818e-06 -0.000909073241170346
0.1715614938068656 -3.404683534594986e-06 -0.0009199879966525172
0.172593519020751 -3.445559252804927e-06 -0.0009310331260237467
0.1736317523645521 -3.486923159515071e-06 -0.0009422101700224965
0.1746762311831677 -3.528781022154603e-06 -0.0009535206870801354
0.1757269930461439 -3.571138677315934e-06 -0.0009649662543167995
0.1767840757490262 -3.614002027689912e-06 -0.0009765484667132485
0.1778475173147181 -3.657377042429905e-06 -0.0009882689372092434
0.1789173559948495 -3.701269761856022e-06 -0.001000129297974687
0.1799936302711521 -3.74568629608273e-06 -0.001012131200038792
0.1810763788568441 -3.790632823482933e-06 -0.001024276312875048
0.1821656406980222 -3.836115594323678e-06 -0.001036566325383644
0.1832614549750625 -3.882140932775345e-06 -0.00104900294643437
0.1843638611040305 -3.928715233785948e-06 -0.001061587904022016
0.1854728987380978 -3.975844964757244e-06 -0.00107432294571928
0.1865886077689693 -4.02353667031341e-06 -0.00108720983996532
0.1877110283283176 -4.071796969209809e-06 -0.001100250375230466
0.1888402007892269 -4.12063255404282e-06 -0.001113446359937815
0.1899761657676448 -4.170050196210823e-06 -0.001126799623803744
0.1911189641238435 -4.220056745573716e-06 -0.001140312017745916
0.1922686369638894 -4.270659128048984e-06 -0.0011539854132337
0.1934252256411219 -4.321864348914867e-06 -0.001167821703180736
0.1945887717576404 -4.373679496265757e-06 -0.001181822802878617
0.1957593171658014 -4.426111737279746e-06 -0.001195990648988344
0.1969369039697233 -4.479168319316055e-06 -0.001210327199836856
0.1981215745268011 -4.53285657555257e-06 -0.00122483443694037
0.19931337144923 -4.587183922303676e-06 -0.001239514364279621
0.2005123376055381 -4.642157857889442e-06 -0.001254369007994303
0.2017185161221286 -4.697785967615258e-06 -0.001269400417728631
0.2029319503848305 -4.754075924819612e-06 -0.001284610666914464
0.2041526840404598 -4.811035487543418e-06 -0.001300001851871309
0.205380760998389 -4.868672501319559e-06 -0.0013155760925601
0.2066162254321268 -4.926994904128368e-06 -0.001331335533922223
0.2078591217809067 -4.98601072227626e-06 -0.001347282344765877
0.2091094947512857 -5.045728070788244e-06 -0.00136341871787213
0.2103673893187526 -5.106155159631802e-06 -0.001379746871676692
0.2116328507293451 -5.167300291935876e-06 -0.001396269049788665
0.2129059245012778 -5.229171861840619e-06 -0.001412987520409512
0.2141866564265795 -5.291778359241978e-06 -0.001429904577615112
0.2154750925727398 -5.355128372530315e-06 -0.001447022542095761
0.2167712792843669 -5.419230584350457e-06 -0.00146434376001049
0.2180752631848539 -5.484093773723541e-06 -0.00148187060356041
0.2193870911780562 -5.549726822384781e-06 -0.001499605472701261
0.2207068104499787 -5.616138710669516e-06 -0.001517550794031766
0.2220344684704725 -5.683338517014633e-06 -0.001535709020658909
0.2233701129949433 -5.751335424458884e-06 -0.001554082633954409
0.2247137920660681 -5.820138720252545e-06 -0.001572674143449235
0.2260655540155243 -5.889757792553634e-06 -0.00159148608594089
0.2274254474657272 -5.960202134683127e-06 -0.001610521026643221
0.2287935213315797 -6.031481349750072e-06 -0.001629781560436181
0.2301698248222314 -6.103605145634942e-06 -0.001649270310510273
0.2315544074428487 -6.176583336319267e-06 -0.001668989928725827
0.2329473189963953 -6.250425849292801e-06 -0.001688943097614515
0.2343486095854241 -6.32514272202797e-06 -0.001709132529426699
0.2357583296138787 -6.400744100349481e-06 -0.001729560965690879
0.237176529788907 -6.477240244887621e-06 -0.001750231178957456
0.2386032611226849 -6.554641532523559e-06 -0.001771145973189274
0.2400385749342508 -6.632958451871992e-06 -0.001792308182540967
0.2414825228513524 -6.712201606811423e-06 -0.001813720672312891
0.2429351568123028 -6.792381723024257e-06 -0.001835386340718335
0.2443965290678495 -6.873509642511308e-06 -0.001857308117401277
0.2458666921830531 -6.955596323963361e-06 -0.001879488963536778
0.2473456990391787 -7.038652850843976e-06 -0.001901931874015066
0.2488336028355976 -7.1226904290877e-06 -0.001924639876819552
0.250330457091701 -7.207720384117501e-06 -0.001947616032220916
0.2518363156488252 -7.293754166911266e-06 -0.001970863434416342
0.2533512326721881 -7.380803357641538e-06 -0.001994385212513023
0.2548752626528374 -7.468879659989014e-06 -0.002018184528991597
0.2564084604096108 -7.557994903753055e-06 -0.00204226458041154
0.2579508810911079 -7.648161053101153e-06 -0.002066628599640275
0.2595025801776736 -7.739390201151944e-06 -0.002091279854389433
0.261063613483394 -7.831694569147948e-06 -0.002116221646991317
0.2626340371581039 -7.925086514792017e-06 -0.002141457316651519
0.2642139076894062 -8.01957853177832e-06 -0.002166990239322179
0.2658032819047042 -8.115183245305456e-06 -0.002192823826489579
0.2674022169732455 -8.21191341742408e-06 -0.00221896152661913
0.2690107704081783 -8.309781953069449e-06 -0.002245406826785452
0.2706290000686201 -8.408801893407092e-06 -0.002272163250874282
0.2722569641617388 -8.508986417367054e-06 -0.00229923435999705
0.2738947212448469 -8.610348851145259e-06 -0.002326623755058264
0.2755423302275071 -8.712902663615425e-06 -0.002354335075515755
0.2771998503736515 -8.816661464002393e-06 -0.002382371998751979
0.2788673413037137 -8.921639010033161e-06 -0.002410738242276528
0.2805448629967726 -9.027849209835536e-06 -0.002439437564239171
0.2822324757927104 -9.135306115896566e-06 -0.002468473761797346
0.283930240394383 -9.244023929389191e-06 -0.002497850672285275
0.285638217869803 -9.354017008565848e-06 -0.002527572175482021
0.2873564696543368 -9.465299861561596e-06 -0.002557642191666804
0.2890850575529139 -9.577887146641879e-06 -0.002588064681685947
0.2908240437422505 -9.691793682412155e-06 -0.002618843649711646
0.2925734907730859 -9.807034444848042e-06 -0.002649983142439481
0.294333461572432 -9.923624563213548e-06 -0.002681487247985467
0.2961040194458372 -1.004157932758097e-05 -0.002713360097918026
0.2978852280796634 -1.016091419348409e-05 -0.002745605868515344
0.2996771515433765 -1.0281644774418e-05 -0.002778228778738715
0.3014798542918515 -1.040378684490781e-05 -0.002811233091061762
0.3032934011676903 -1.052735635090762e-05 -0.002844623114280361
0.3051178574035545 -1.065236940277858e-05 -0.002878403201615223
0.3069532886245115 -1.077884227395126e-05 -0.002912577750350449
0.3087997608503953 -1.090679141126612e-05 -0.002947151204627668
0.3106573404981812 -1.103623343435034e-05 -0.002982128055277627
0.3125260943843745 -1.116718512962524e-05 -0.003017512838200934
0.3144060897274139 -1.129966345676772e-05 -0.003053310136114023
0.3162973941500897 -1.143368555627372e-05 -0.003089524580592887
0.3182000756819758 -1.15692687407983e-05 -0.003126160849733058
0.3201142027618771 -1.170643049677877e-05 -0.003163223668588211
0.3220398442402905 -1.184518849617826e-05 -0.003200717812343407
0.3239770693818822 -1.198556059059248e-05 -0.00323864810472267
0.3259259478679787 -1.212756480797505e-05 -0.003277019417104144
0.3278865497990735 -1.227121936252705e-05 -0.003315836671192349
0.3298589456973481 -1.241654265700415e-05 -0.003355104839641619
0.3318432065092091 -1.256355327480334e-05 -0.003394828943917824
0.3338394036078401 -1.271226998499536e-05 -0.003435014055658197
0.3358476087957689 -1.286271175262816e-05 -0.003475665299455464
0.3378678943074497 -1.301489772948774e-05 -0.003516787850361301
0.3399003328118625 -1.316884725402543e-05 -0.003558386933866689
0.3419449974151257 -1.332457986369282e-05 -0.003600467829234962
0.3440019616631268 -1.34821152911115e-05 -0.003643035868466824
0.3460712995441669 -1.364147345859387e-05 -0.003686096434819802
0.3481530854916227 -1.380267448700724e-05 -0.003729654965203444
0.3502473943866234 -1.39657387013601e-05 -0.00377371695168879
0.3523543015607447 -1.4130686621152e-05 -0.003818287938900794
0.3544738827987177 -1.429753896370425e-05 -0.003863373524918314
0.3566062143411555 -1.446631665660909e-05 -0.003908979364638051
0.3587513728872951 -1.46370408288299e-05 -0.003955111167369685
0.3609094355977566 -1.480973280858929e-05 -0.00400177469626524
0.3630804800973185 -1.498441413551963e-05 -0.004048975771602297
0.3652645844777097 -1.516110655968789e-05 -0.004096720270520482
0.3674618273004187 -1.533983203379414e-05 -0.004145014124913423
0.369672287599519 -1.552061272048232e-05 -0.004193863323404207
0.3718960448845125 -1.570347100121396e-05 -0.004243273913743152
0.374133179143189 -1.588842946532107e-05 -0.004293251999849784
0.3763837708445035 -1.607551091142997e-05 -0.004343803742197566
0.3786479009414707 -1.626473836110467e-05 -0.004394935361500505
0.3809256508740766 -1.645613505141628e-05 -0.004446653136705314
0.3832171025722083 -1.664972443042558e-05 -0.004498963403770753
0.3855223384586003 -1.684553016839277e-05 -0.004551872558696643
0.3878414414518001 -1.704357616019216e-05 -0.004605387058176329
0.3901744949691499 -1.724388651527218e-05 -0.004659513416883774
0.3925215829297878 -1.744648556298358e-05 -0.004714258208913291
0.3948827897576659 -1.765139786430237e-05 -0.004769628070947224
0.3972582003845871 -1.785864820035034e-05 -0.004825629699154062
0.3996479002532602 -1.80682615716477e-05 -0.004882269848986483
0.402051975320373 -1.828026321191636e-05 -0.004939555338911179
0.4044705120596843 -1.849467858312547e-05 -0.004997493049070087
0.4069035974651345 -1.87115333683494e-05 -0.005056089919350544
0.4093513190539743 -1.893085348132117e-05 -0.005115352951966735
0.4118137648699132 -1.915266507239644e-05 -0.005175289213071223
0.4142910234862858 -1.93769945166111e-05 -0.005235905829527992
0.4167831840092382 -1.960386841674737e-05 -0.005297209989740914
0.4192903360809331 -1.983331361692919e-05 -0.005359208947327414
0.4218125698827739 -2.006535719171807e-05 -0.005421910018172021
0.4243499761386489 -2.030002644285941e-05 -0.005485320579547192
0.4269026461181943 -2.053734891222693e-05 -0.00554944807361105
0.429470671640077 -2.077735238004788e-05 -0.005614300006927818
0.4320541450752978 -2.102006485514488e-05 -0.005679883947831046
0.4346531593505136 -2.126551458222469e-05 -0.005746207528393114
0.43726780795138 -2.151373005105017e-05 -0.005813278446903631
0.4398981849259138 -2.17647399832299e-05 -0.005881104464299807
0.4425443848878763 -2.201857333284111e-05 -0.005949693404334786
0.4452065030201759 -2.22752593005398e-05 -0.006019053157390372
0.4478846350782926 -2.253482732444333e-05 -0.006089191678013397
0.4505788773937215 -2.279730707408192e-05 -0.006160116983281331
0.4532893268774382 -2.306272846152968e-05 -0.006231837155810037
0.4560160810233846 -2.333112164307397e-05 -0.006304360344204843
0.458759237911976 -2.360251700712407e-05 -0.006377694759793318
0.4615188962136283 -2.387694517879301e-05 -0.006451848677863344
0.464295155192308 -2.415443703134082e-05 -0.006526830440755214
0.4670881147091019 -2.443502367265513e-05 -0.006602648454208533
0.4698978752258099 -2.471873644322855e-05 -0.006679311186815668
0.4727245378085577 -2.500560692939172e-05 -0.006756827173597502
0.4755682041314329 -2.529566695684733e-05 -0.006835205014256224
0.4784289764801414 -2.558894858179593e-05 -0.006914453370777428
0.4813069577556875 -2.588548409942725e-05 -0.006994580969724567
0.4842022514780743 -2.618530604869647e-05 -0.00707559660352956
0.487114961790028 -2.648844719848596e-05 -0.00715750912675353
0.4900451934607434 -2.679494054926718e-05 -0.007240327456535854
0.4929930518896525 -2.710481934525391e-05 -0.007324060575878129
0.4959586431102161 -2.741811706177022e-05 -0.007408717530230844
0.4989420737937372 -2.773486740038408e-05 -0.007494307426178409
0.5019434512531983 -2.80551042999656e-05 -0.007580839434427234
0.504962883447121 -2.837886193317309e-05 -0.007668322788856226
0.5080004789834501 -2.870617469505155e-05 -0.007756766783435941
0.5110563471234592 -2.903707720826444e-05 -0.007846180773642296
0.5141305977856812 -2.937160432993055e-05 -0.007936574178303955
0.5172233415498623 -2.97097911369265e-05 -0.0080279564756309
0.520334689660939 -3.005167292457479e-05 -0.008120337202859915
0.52346475403304 -3.039728521761022e-05 -0.008213725959217846
0.5266136472535116 -3.074666375945256e-05 -0.008308132403022949
0.5297814825869668 -3.109984450449401e-05 -0.008403566249600874
0.5329683739793606 -3.145686362586745e-05 -0.008500037273383727
0.5361744360620875 -3.18177575144224e-05 -0.008597555307633361
0.5393997841561053 -3.218256276546019e-05 -0.008696130240857074
0.5426445342760833 -3.255131618037588e-05 -0.008795772017251256
0.5459088031345746 -3.292405477375752e-05 -0.0088964906386197
0.5491927081462149 -3.330081575892551e-05 -0.008998296160466171
0.5524963674319456 -3.368163654367495e-05 -0.009101198690843918
0.5558198998232626 -3.406655473824534e-05 -0.009205208392509198
0.5591634248664905 -3.44556081467797e-05 -0.00931033548061342
0.5625270628270829 -3.48488347571882e-05 -0.009416590219964169
0.565910934693948 -3.52462727447916e-05 -0.00952398292600971
0.5693151621838011 -3.564796047240347e-05 -0.009632523964861214
0.5727398677455418 -3.60539364761958e-05 -0.009742223749473452
0.5761851745646592 -3.646423946376558e-05 -0.009853092739122373
0.5796512065676627 -3.687890831907392e-05 -0.009965141440739714
0.5831380884265391 -3.729798208922752e-05 -0.01007838040534119
0.5866459455632378 -3.772149997749764e-05 -0.01019282022614013
0.5901749041541815 -3.814950134674959e-05 -0.01030847153947415
0.5937250911348052 -3.858202571234442e-05 -0.01042534502288715
0.5972966342041217 -3.901911273047941e-05 -0.01054345139197871
0.6008896618293151 -3.946080219727075e-05 -0.01066280140015625
0.6045043032503616 -3.990713404758681e-05 -0.0107834058383198
0.6081406884846782 -4.035814834123242e-05 -0.01090527553112871
0.6117989483317994 -4.081388525773467e-05 -0.01102842133559285
0.6154792143780822 -4.12743850965735e-05 -0.0111528541411348
0.619181619001439 -4.173968826544246e-05 -0.01127858486641783
0.6229062953760992 -4.220983527123708e-05 -0.01140562445691082
0.6266533774773996 -4.268486671782013e-05 -0.01153398388428441
0.6304230000866031 -4.316482329836654e-05 -0.01166367414434249
0.6342152987957473 -4.364974578352885e-05 -0.01179470625382438
0.6380304100125211 -4.4139675016015e-05 -0.01192709124893966
0.6418684709651717 -4.463465190497897e-05 -0.01206084018385247
0.6457296197074404 -4.513471741355763e-05 -0.01219596412731379
0.6496139951235281 -4.563991255098732e-05 -0.01233247416053126
0.6535217369330918 -4.615027836593605e-05 -0.01247038137536744
0.6574529856962692 -4.666585593507727e-05 -0.01260969687125233
0.6614078828187353 -4.718668635341447e-05 -0.01275043175256891
0.6653865705567885 -4.771281072583454e-05 -0.01289259712637079
0.6693891920224675 -4.824427015554264e-05 -0.01303620409925716
0.673415891188699 -4.878110573367011e-05 -0.0131812637745647
0.6774668128944764 -4.93233585299159e-05 -0.01332778724983881
0.6815421028500694 -4.98710695789383e-05 -0.01347578561315644
0.6856419076422656 -5.042427986941611e-05 -0.01362526994017034
0.6897663747396426 -5.098303033469494e-05 -0.01377625129158152
0.693915652497873 -5.154736183765225e-05 -0.01392874070904962
0.6980898901650602 -5.211731515666527e-05 -0.01408274921140125
0.702289237887107 -5.269293097729907e-05 -0.01423828779238404
0.7065138467131162 -5.327424987783199e-05 -0.0143953674167554
0.7107638686008243 -5.386131230921235e-05 -0.01455399901486656
0.7150394564220665 -5.445415858758378e-05 -0.01471419348064287
0.7193407639682761 -5.505282888206972e-05 -0.01487596166828296
0.7236679459560159 -5.565736319000219e-05 -0.01503931438556529
0.728021158032544 -5.626780132586176e-05 -0.01520426239085958
0.7324005567814114 -5.688418291257434e-05 -0.01537081639077507
0.736806299728095 -5.750654735720583e-05 -0.01553898703359295
0.7412385453456634 -5.813493382947316e-05 -0.01570878490345974
0.7456974530604773 -5.876938125728704e-05 -0.01588022051918291
0.7501831832579239 -5.940992830723453e-05 -0.01605330432895702
0.754695897288186 -6.00566133508466e-05 -0.01622804670124877
0.7592357574720454 -6.070947446050666e-05 -0.01640445792369149
0.7638029271067222 -6.136854939624441e-05 -0.01658254819951661
0.7683975704717476 -6.20338755675699e-05 -0.01676232763724078
0.7730198528348741 -6.270549001818045e-05 -0.01694380624653349
0.7776699404580188 -6.3383429421044e-05 -0.01712699393688851
0.7823480006032453 -6.406773004533161e-05 -0.01731190050868868
0.7870542015387785 -6.475842772079115e-05 -0.01749853564357917
0.7917887125450584 -6.545555783965037e-05 -0.01768690890498178
0.7965517039208285 -6.615915533379707e-05 -0.0178770297319287
0.8013433469892614 -6.686925462259146e-05 -0.01806890742496076
0.8061638141041211 -6.758588961027378e-05 -0.01826255114542695
0.8110132786559631 -6.830909367493513e-05 -0.0184579699125042
0.8158919150783704 -6.90388996160149e-05 -0.0186551725890105
0.8207998988542287 -6.97753396278994e-05 -0.01885416787427098
0.8257374065220374 -7.051844530275156e-05 -0.01905496430488246
0.8307046156822607 -7.126824759036644e-05 -0.01925757024386597
0.8357017050037151 -7.20247767405271e-05 -0.01946199386509052
0.8407288542299962 -7.278806231281564e-05 -0.01966824315592426
0.8457862441859444 -7.355813315316516e-05 -0.01987632591089842
0.8508740567841485 -7.433501731996943e-05 -0.02008624971174129
0.8559924750314897 -7.511874207756943e-05 -0.02029802192561819
0.8611416830357236 -7.590933389216786e-05 -0.0205116497040275
0.8663218660121029 -7.670681836573104e-05 -0.02072713996494014
0.8715332102900397 -7.751122018889466e-05 -0.02094449938007415
0.8767759033198074 -7.832256315580282e-05 -0.02116373437890429
0.882050133679283 -7.914087011983661e-05 -0.02138485113669946
0.8873560910807308 -7.996616290627025e-05 -0.02160785555092123
0.8926939663776258 -8.079846232889104e-05 -0.02183275324571478
0.8980639515715189 -8.16377881702063e-05 -0.02205954956656055
0.9034662398189428 -8.248415908462962e-05 -0.02228824955411398
0.9089010254383604 -8.333759257871723e-05 -0.02251885793886515
0.9143685039171535 -8.419810502016492e-05 -0.02275137914356977
0.9198688719186553 -8.506571156084962e-05 -0.02298581726245417
0.9254023272892237 -8.594042605745583e-05 -0.02322217603976749
0.9309690690653579 -8.682226110188958e-05 -0.02346045887799994
0.9365692974808579 -8.771122797686361e-05 -0.02370066882588137
0.9422032139740265 -8.860733653363642e-05 -0.0239428085453448
0.9478710211949153 -8.951059520936243e-05 -0.02418688031621469
0.9535729230126136 -9.04210110176946e-05 -0.02443288603366765
0.9593091245225821 -9.133858943032718e-05 -0.02468082717622375
0.9650798320540293 -9.226333433077413e-05 -0.02493070479325697
0.9708852531773335 -9.319524804338881e-05 -0.02518251951283659
0.9767255967115094 -9.413433125037029e-05 -0.02543627151930132
0.9826010727317186 -9.508058286815069e-05 -0.0256919605198576
0.9885118925768263 -9.60340000943672e-05 -0.025949585757272
0.9944582688570029 -9.699457836891006e-05 -0.02620914599934593
1.000440415461372 -9.796231121517349e-05 -0.02647063949601966
1.006458547565703 -9.893719024616766e-05 -0.02673406398102384
1.012512881640152 -9.991920517465655e-05 -0.02699941667461885
1.018603635457047 -0.0001009083436773584 -0.02726669424690012
1.024731028098722 -0.0001019045913059944 -0.02753589279376232
1.030895279965397 -0.0001029079315429238 -0.02780700785193273
1.037096612783106 -0.0001039183457187596 -0.02808003437670988
1.043335249611672 -0.0001049358128351093 -0.02835496669406599
1.04961141485273 -0.0001059603096235939 -0.02863179851659453
1.055925334257799 -0.000106991810520842 -0.02891052293675344
1.062277234936404 -0.000108030287475634 -0.02919113237475296
1.068667345364243 -0.0001090757099264264 -0.0294736185724825
1.075095895391404 -0.0001101280448416471 -0.02975797260439885
1.081563116250635 -0.0001111872565741626 -0.03004418483820159
1.088069240565661 -0.0001122533067122371 -0.03033224489456009
1.094614502359551 -0.0001133261541661548 -0.03062214167052018
1.101199137063137 -0.0001144057550943352 -0.03091386331953946
1.107823381523478 -0.000115492062669573 -0.03120739718832249
1.114487474012384 -0.0001165850271366926 -0.03150272983239959
1.121191654234987 -0.0001176845958139416 -0.03179984701650362
1.127936163338358 -0.0001187907128728724 -0.03209873365509101
1.134721243920186 -0.0001199033192656282 -0.03239937379269368
1.141547140037501 -0.0001210223528061633 -0.03270175062586574
1.148414097215454 -0.0001221477480256406 -0.03300584646411003
1.155322362456149 -0.0001232794359484038 -0.03331164266934314
1.162272184247527 -0.0001244173442084812 -0.03361911968737601
1.169263812572304 -0.0001255613969946222 -0.03392825703306235
1.176297498916961 -0.0001267115147644796 -0.0342390332130668
1.183373496280794 -0.0001278676142791731 -0.03455142573520481
1.19049205918501 -0.0001290296086464109 -0.03486541112009427
1.197653443681885 -0.000130197407084875 -0.03518096483748973
1.204857907363973 -0.0001313709147778617 -0.03549806126673408
1.212105709373372 -0.0001325500330041672 -0.03581667373212562
1.219397110411042 -0.0001337346590072371 -0.03613677446756047
1.22673237274619 -0.0001349246856890309 -0.036458334533811
1.234111760225694 -0.0001361200017455422 -0.03678132385514515
1.241535538283603 -0.0001373204916455287 -0.03710571121357892
1.249003973950675 -0.0001385260353040231 -0.03743146416065489
1.256517335863991 -0.0001397365080664648 -0.0377585490131546
1.264075894276612 -0.0001409517808094803 -0.03808693088033049
1.271679921067302 -0.0001421717197062905 -0.03841657360051606
1.279329689750306 -0.000143396185985999 -0.03874743967608262
1.287025475485191 -0.0001446250361177126 -0.03907949032319098
1.294767555086741 -0.0001458581217072343 -0.03941268544387641
1.302556207034913 -0.0001470952891154476 -0.03974698352293162
1.310391711484858 -0.0001483363795884572 -0.04008234166307205
1.318274350276994 -0.0001495812292899893 -0.04041871559369121
1.326204406947145 -0.0001508296689526295 -0.04075605957662046
1.334182166736741 -0.0001520815237820846 -0.04109432638025957
1.342207916603075 -0.0001533366136294859 -0.04143346732613517
1.350281945229628 -0.0001545947527778987 -0.04177343223121294
1.358404543036452 -0.000155855749595759 -0.04211416931425185
1.366576002190616 -0.0001571194067678876 -0.04245562525822711
1.374796616616712 -0.0001583855212366701 -0.04279774519443627
1.383066682007434 -0.0001596538837641511 -0.04314047258417154
1.391386495834208 -0.0001609242790233752 -0.04348374924340133
1.399756357357896 -0.0001621964857066195 -0.04382751537201599
1.408176567639557 -0.000163470276179482 -0.04417170946035825
1.416647429551278 -0.000164745416276551 -0.04451626823401044
1.425169247787069 -0.0001660216655625971 -0.04486112672437183
1.433742328873819 -0.0001672987771536049 -0.04520621822029931
1.442366981182327 -0.0001685764972327304 -0.04555147413731279
1.45104351493839 -0.0001698545654189644 -0.04589682411721294
1.459772242233963 -0.000171132714716163 -0.04624219601430836
1.468553477038385 -0.0001724106709072398 -0.04658751573171883
1.477387535209671 -0.0001736881527763837 -0.04693270728142138
1.486274734505876 -0.0001749648722613326 -0.0472776928253965
1.495215394596523 -0.0001762405340732406 -0.04762239257291151
1.504209837074101 -0.0001775148354264697 -0.04796672470750685
1.513258385465633 -0.0001787874663597227 -0.04831060547377043
1.522361365244312 -0.0001800581096229364 -0.0486539491467744
1.531519103841213 -0.0001813264401645718 -0.04899666789353486
1.540731930657063 -0.0001825921253759164 -0.04933867183902525
1.550000177074097 -0.0001838548251907737 -0.04967986909311373
1.55932417646797 -0.0001851141916323056 -0.05002016562811434
1.568704264219756 -0.000186369868728956 -0.05035946525606853
1.578140777728008 -0.0001876214928220435 -0.05069766971186053
1.587634056420891 -0.0001888686923175493 -0.05103467858614724
1.597184441768398 -0.0001901110872548888 -0.05137038920883517
1.606792277294626 -0.0001913482896973258 -0.05170469675457497
1.616457908590138 -0.0001925799037089119 -0.05203749423653041
1.626181683324388 -0.0001938055248149384 -0.05236867236058546
1.635963951258232 -0.0001950247401952861 -0.05269811957759015
1.645805064256506 -0.0001962371288988478 -0.05302572214129996
1.655705376300682 -0.0001974422614454451 -0.05335136400080884
1.665665243501602 -0.0001986396996283203 -0.05367492674718011
1.675685024112287 -0.0001998289969263296 -0.05399628972482613
1.685765078540822 -0.0002010096983491955 -0.05431532998969364
1.695905769363321 -0.0002021813399344405 -0.05463192217332887
1.70610746133697 -0.0002033434491636926 -0.05494593859536857
1.716370521413142 -0.0002044955450487138 -0.05525724928678599
1.726695318750602 -0.0002056371376272887 -0.0555657218536736
1.737082224728785 -0.000206767728075095 -0.05587122150747199
1.747531612961148 -0.0002078868090456357 -0.05617361115682368
1.758043859308618 -0.0002089938643719969 -0.0564727513269845
1.768619341893104 -0.0002100883687731957 -0.05676850008047504
1.779258441111101 -0.0002111697883533737 -0.05706071315196897
1.789961539647373 -0.0002122375805624563 -0.05734924393766266
1.800729022488719 -0.0002132911936928407 -0.05763394335927408
1.811561276937818 -0.0002143300672759553 -0.05791465997119807
1.822458692627162 -0.0002153536322979751 -0.05819124001879522
1.83342166153307 -0.0002163613107938309 -0.05846352732868834
1.844450577989788 -0.0002173525158731665 -0.05873136331577609
1.855545838703674 -0.000218326652179086 -0.05899458710719259
1.866707842767465 -0.0002192831157275404 -0.05925303549890731
1.877936991674634 -0.0002202212935732713 -0.05950654286545921
1.88923368933383 -0.0002211405643601337 -0.05975494130866059
1.90059834208341 -0.0002220402984139653 -0.05999806068269163
1.912031358706049 -0.0002229198573258781 -0.06023572848150067
1.923533150443451 -0.0002237785942982365 -0.06046776993229161
1.935104131011135 -0.0002246158544936384 -0.06069400808982314
1.946744716613318 -0.0002254309747858295 -0.06091426376910257
1.958455325957888 -0.0002262232837344523 -0.06112835553856274
1.970236380271462 -0.0002269921021341494 -0.06133609986843656
1.982088303314539 -0.0002277367430146908 -0.06153731113079147
1.994011521396743 -0.0002284565113626686 -0.06173180152432779
2.006006463392153 -0.0002291507046758248 -0.06191938122416505
2.018073560754737 -0.0002298186131950177 -0.06209985844452219
2.030213247533863 -0.0002304595196610366 -0.06227303937300589
2.042425960389917 -0.0002310726996154065 -0.06243872825189178
2.05471213861001 -0.0002316574218596123 -0.06259672750221242
2.067072224123773 -0.0002322129484065029 -0.06274683771062624
2.079506661519261 -0.0002327385344870036 -0.06288885763123124
2.092015898058938 -0.0002332334291400268 -0.06302258434496619
2.104600383695769 -0.0002336968753768282 -0.06314781330402176
2.117260571089404 -0.0002341281100797777 -0.06326433830448729
2.129996915622458 -0.0002345263645251886 -0.06337195162762545
2.142809875416892 -0.0002348908647391179 -0.06347044413601421
2.155699911350493 -0.000235220831499396 -0.06355960527409521
2.16866748707345 -0.0002355154806491472 -0.06363922315289088
2.181713069025031 -0.0002357740236123373 -0.06370908468931183
2.194837126450363 -0.0002359956675623243 -0.06376897565170137
2.208040131417308 -0.0002361796155894769 -0.06381868070512814
2.221322558833443 -0.0002363250672714221 -0.06385798356547412
2.234684886463145 -0.0002364312189835001 -0.06388666708332345
2.248127594944775 -0.0002364972640869046 -0.06390451329480022
2.261651167807962 -0.0002365223934327565 -0.0639113035577755
2.275256091491004 -0.0002365057957880084 -0.06390681866695205
2.288942855358358 -0.0002364466581228535 -0.06389083893152593
2.302711951718243 -0.0002363441660546633 -0.06386314429514373
2.316563875840352 -0.000236197504338282 -0.06382351446838647
2.330499125973664 -0.0002360058572327504 -0.06377172902786292
2.344518203364364 -0.0002357684089820315 -0.06370756754610761
2.358621612273878 -0.0002354843443206185 -0.06363080972820247
2.372809859997005 -0.0002351528488786003 -0.06354123552123053
2.387083456880169 -0.0002347731097354057 -0.06343862526390458
2.401442916339774 -0.0002343443159860727 -0.06332275983958026
2.415888754880671 -0.0002338656591406168 -0.06319342078417009
2.430421492114737 -0.0002333363336895044 -0.06305039043894183
2.445041650779565 -0.0002327555378450005 -0.06289345215083958
2.459749756757268 -0.0002321224739123823 -0.06272239037279045
2.474546339093393 -0.0002314363487975043 -0.06253699080085502
2.489431930015952 -0.000230696374928995 -0.06233704062341628
2.504407064954564 -0.000229901770711649 -0.0621223286436919
2.519472282559719 -0.0002290517609251526 -0.06189264538747501
2.534628124722145 -0.0002281455776602823 -0.06164778335610645
2.549875136592308 -0.0002271824610985358 -0.06138753723714096
2.565213866600017 -0.0002261616597536271 -0.06111170396960219
2.580644866474148 -0.0002250824312504381 -0.06082008295446509
2.596168691262497 -0.0002239440435435145 -0.06051247638390874
2.611785899351737 -0.0002227457750960108 -0.06018868928966945
2.627497052487508 -0.0002214869154263251 -0.05984852969074843
2.64330271579462 -0.000220166766529078 -0.05949180897737796
2.659203457797384 -0.0002187846433742256 -0.05911834204588796
2.675199850440056 -0.0002173398741448548 -0.05872794736296124
2.691292469107416 -0.0002158318014954763 -0.05832044730563999
2.707481892645458 -0.0002142597837431802 -0.05789566848319089
2.723768703382218 -0.0002126231948086733 -0.05745344172117268
2.740153487148712 -0.0002109214250890333 -0.05699360229726518
2.756636833300016 -0.0002091538832790279 -0.0565159904334125
2.77321933473646 -0.0002073199963558833 -0.05602045129170729
2.789901587924954 -0.0002054192100060818 -0.05550683508971677
2.806684192920446 -0.0002034509905023557 -0.05497499760766992
2.823567753387507 -0.0002014148254248202 -0.05442480038331657
2.840552876622036 -0.0001993102235475456 -0.05385611068127785
2.857640173573115 -0.0001971367162754384 -0.05326880188130931
2.874830258864976 -0.0001948938594370798 -0.05266275396274841
2.892123750819116 -0.0001925812328125763 -0.05203785337693364
2.909521271476531 -0.0001901984409350033 -0.05139399326376484
2.927023446620097 -0.0001877451155115019 -0.05073107410591358
2.944630905797074 -0.0001852209153247203 -0.05004900370219151
2.962344282341753 -0.0001826255263222981 -0.04934769719173007
2.980164213398238 -0.0001799586637947096 -0.04862707764246095
2.998091339943359 -0.0001772200735310951 -0.0478870763634362
3.016126306809736 -0.0001744095311661734 -0.04712763272835576
3.034269762708964 -0.0001715268435827087 -0.04634869455453154
3.052522360254954 -0.0001685718514032921 -0.04555021877619794
3.070884755987404 -0.0001655444280793889 -0.04473217119836097
3.089357610395416 -0.0001624444804090877 -0.04389452663670063
3.107941587941251 -0.0001592719514018284 -0.04303726969165604
3.126637357084233 -0.0001560268202946475 -0.04216039475281529
3.14544559030479 -0.0001527091020652926 -0.04126390586735273
3.164366964128648 -0.0001493188496519163 -0.04034781733981813
3.183402159151157 -0.0001458561557151461 -0.03941215420826985
3.202551860061779 -0.0001423211513121064 -0.03845695188597908
3.221816755668715 -0.0001387140070178324 -0.03748225646444983
3.241197538923678 -0.0001350349360224334 -0.03648812555031126
3.260694906946819 -0.0001312841928963866 -0.03547462793168442
3.280309561051807 -0.0001274620735723956 -0.03444184357328041
3.300042206771049 -0.0001235689183541408 -0.0333898644294022
3.319893553881069 -0.0001196051122635683 -0.03231879453778636
3.339864316428041 -0.0001155710837762594 -0.03122874967788429
3.359955212753471 -0.0001114673067583733 -0.03011985789424813
3.380166965520037 -0.000107294302864589 -0.02899226014448476
3.400500301737581 -0.000103052639521978 -0.02784610975447285
3.42095595278926 -9.874293052567962e-05 -0.026681572579322
3.441534654457853 -9.436583941696777e-05 -0.02549882791616834
3.46223714695223 -8.992207816549777e-05 -0.02429806814810129
3.483064174933973 -8.541240636835818e-05 -0.02307949852773734
3.504016487544163 -8.083763400429671e-05 -0.02184333792144626
3.525094838430328 -7.619862224438784e-05 -0.02058981902840361
3.546299985773546 -7.149628131528866e-05 -0.01931918780321583
3.567632692315724 -6.673157182945864e-05 -0.01803170381536218
3.589093725387028 -6.190550761382302e-05 -0.01672764101353494
3.610683856933487 -5.701915314767779e-05 -0.01540728703332932
3.632403863544755 -5.207362340996546e-05 -0.01407094315597548
3.654254526482051 -4.707008706347878e-05 -0.01271892516875016
3.676236631706256 -4.200976526312449e-05 -0.01135156304295458
3.698350969906183 -3.689392999124542e-05 -0.009969200484097787
3.720598336527025 -3.172390615737205e-05 -0.008572195499275686
3.742979531798957 -2.650107253230964e-05 -0.007160920649573049
3.765495360765927 -2.122685911063475e-05 -0.005735762337377168
3.788146633314612 -1.590274767007527e-05 -0.004297120957529295
3.810934164203546 -1.053027426677305e-05 -0.002845411571575776
3.833858773092431 -5.111026573059349e-06 -0.001381063188401738
3.856921284571616 3.533571876933866e-07 9.548152358526843e-05
3.880122528191761 5.861185848968803e-06 0.001583765590079238
3.903463338493672 1.141071613523043e-05 0.003083317956266377
3.926944555038322 1.700015529485649e-05 0.004593654198276963
3.950567022437048 2.262766005102588e-05 0.006114276239701634
3.974331590381932 2.829133530728777e-05 0.007644672001820136
3.998239113676364 3.398923762024557e-05 0.009184316341963884
4.02229045226579 3.971937568218374e-05 0.01073267118392776
4.046486471268643 4.547970822809277e-05 0.01228918495242212
4.070828041007458 5.126814676653388e-05 0.01385329331098654
4.095316037040186 5.708255755138616e-05 0.0154244196947805
4.119951340191675 6.292076029210593e-05 0.01700197496207935
4.144734836585366 6.878052892644976e-05 0.01858535760307378
4.169667417675155 7.465959487322722e-05 0.02017395461880412
4.194749980277468 8.055564713663644e-05 0.0217671415493532
4.219983426603512 8.646633151727092e-05 0.0233642822606505
4.24536866429173 9.238925420821047e-05 0.02496472991618082
4.270906606440451 9.832198319301043e-05 0.02656782735473841
4.296598171640729 0.0001042620474140833 0.02817290686571335
4.322444284009386 0.0001102069393034441 0.02977929087293046
4.348445873222255 0.0001161541174024228 0.03138629264252842
4.374603874547618 0.0001221010064674246 0.03299321631153736
4.400919228879844 0.0001280449985231673 0.03459935717247696
4.42739288277324 0.0001339834562740911 0.0362040025951617
4.454025788476091 0.0001399137142819766 0.03780643234490821
4.480818903964917 0.0001458330793419714 0.0394059186841422
4.50777319297893 0.0001517388337927227 0.0410017272668376
4.534889625054696 0.0001576282375697278 0.04259311769335757
4.562169175561013 0.0001634985289607357 0.04417934371457349
4.589612825733993 0.0001693469270948982 0.04575965390446446
4.617221562712357 0.0001751706346931023 0.04733329240329168
4.644996379572944 0.0001809668394885077 0.0488994993014453
4.672938275366425 0.000186732716150286 0.05045751115926277
4.701048255153248 0.0001924654292796568 0.05200656181659525
4.729327330039782 0.0001981621353219615 0.05354588290947376
4.757776517214689 0.0002038199845765022 0.05507470441319277
4.786396839985513 0.0002094361240399539 0.05659225541063567
4.815189327815487 0.0002150076995905791 0.05809776468247688
4.844155016360561 0.0002205318582847618 0.05959046132773388
4.873294947506656 0.0002260057512269371 0.06106957553925819
4.902610169407141 0.0002314265357646746 0.06253433919687411
4.932101736520533 0.0002367913778148864 0.06398398649594936
4.961770709648425 0.0002420974552046606 0.06541775485012981
4.991618155973645 0.0002473419597687465 0.06683488545810634
5.021645149098641 0.0002525220994403703 0.06823462386857931
5.051852769084097 0.0002576351019301908 0.06961622097435814
5.082242102487784 0.0002626782172703279 0.07097893369978982
5.112814242403641 0.0002676487193912722 0.07232202542685943
5.1435702885011 0.0002725439095093156 0.0736447669105162
5.174511347064628 0.0002773611198980874 0.07494643729778969
5.205638531033534 0.0002820977148525008 0.07622632438826007
5.23695296004199 0.0002867510932668261 0.07748372533068583
5.26845576045931 0.0002913186935830953 0.07871794796012435
5.300148065430462 0.000295797994831874 0.07992831107916157
5.332031014916829 0.000300186518162994 0.08111414487153494
5.364105755737212 0.0003044818317386136 0.08227479222429945
5.39637344160908 0.0003086815533995955 0.08340960944831628
5.42883523319007 0.000312783350861593 0.08451796633123768
5.461492298119737 0.0003167849454228542 0.08559924713940191
5.494345811061548 0.000320684116981677 0.08665285197361232
5.52739695374514 0.0003244787033341644 0.087678196579382
5.560646915008824 0.0003281666022422617 0.0886747129057433
5.594096890842349 0.0003317457776093393 0.08964185077396739
5.627748084429916 0.0003352142597334414 0.09057907794599508
5.661601706193463 0.0003385701454771706 0.09148588017034204
5.695658973836199 0.0003418116035250298 0.09236176260269796
5.729921112386407 0.0003449368776116267 0.09320625067822778
5.764389354241504 0.0003479442847665082 0.0940188896373042
5.799064939212376 0.000350832218448182 0.09479924537235919
5.833949114567966 0.0003535991546876449 0.09554690608794213
5.869043135080146 0.0003562436497348182 0.09626148166475733
5.904348263068843 0.0003587643408656863 0.09694260387776296
5.939865768447451 0.000361159952909094 0.097589928159793
5.975596928768503 0.0003634292982285613 0.09820313359664366
6.01154302926963 0.000365571274910735 0.09878192243757004
6.047705362919785 0.0003675848713645686 0.09932602133804228
6.084085230465758 0.0003694691702753556 0.09983518242817445
6.120683940478954 0.0003712233447509158 0.1003091822713762
6.15750280940247 0.0003728466601151571 0.1007478223489954
6.194543161598441 0.0003743384804411764 0.1011509308256437
6.231806329395683 0.0003756982650755164 0.101518361610007
6.269293653137611 0.0003769255675895752 0.1018499940715039
6.307006481230453 0.0003780200415520263 0.1021457346000648
6.344946170191752 0.0003789814406932765 0.1024055166505711
6.383114084699157 0.0003798096149136894 0.1026292996642272
6.421511597639515 0.0003805045133257485 0.1028170698905908
6.460140090158249 0.0003810661886059533 0.1029688415635097
6.499000951709037 0.000381494791436845 0.1030846553992877
6.538095580103793 0.0003817905704859335 0.1031645785909905
6.577425381562945 0.0003819538781956002 0.1032087063729495
6.616991770766014 0.0003819851669572228 0.103217160986963
6.656796170902505 0.0003818849859907717 0.1031900908391235
6.696840013723089 0.0003816539853707171 0.1031276715876688
6.737124739591115 0.0003812929164789872 0.1030301062653765
6.777651797534409 0.0003808026261911021 0.1028976237085848
6.818422645297399 0.0003801840578596987 0.1027304788229536
6.859438749393552 0.0003794382552368008 0.1025289536433102
6.900701585158119 0.0003785663560757758 0.1022933556048189
6.942212636801205 0.0003775695901969885 0.1020240170202957
6.983973397461158 0.0003764492834659446 0.1017212961551531
7.025985369258271 0.0003752068542026443 0.101385576257162
7.068250063348816 0.0003738438083323112 0.1010172642461185
7.110768999979402 0.0003723617410982875 0.1006167911766895
7.153543708541653 0.0003707623374398396 0.1001846123405002
7.196575727627224 0.0003690473652258341 0.09972120543778923
7.239866605083138 0.000367218674220732 0.09922707029800729
7.28341789806747 0.0003652781985250082 0.09870272953924886
7.327231173105349 0.0003632279503646705 0.09814872689010282
7.37130800614531 0.0003610700165920289 0.09756562624411648
7.41564998261598 0.0003588065602309348 0.0969540120773387
7.460258697483103 0.000356439817267589 0.09631448858115597
7.505135755306914 0.0003539720909454325 0.09564767812070078
7.550282770299852 0.0003514057512060451 0.09495422108377542
7.59570136638462 0.0003487432342938467 0.09423477577403735
7.641393177252606 0.0003459870361780601 0.09349001663353136
7.687359846422636 0.0003431397100176639 0.09272063355768818
7.733603027300095 0.0003402038663906665 0.09192733195727741
7.780124383236402 0.000337182167963165 0.09111083131792039
7.826925587588838 0.0003340773252556187 0.09027186405608455
7.874008323780734 0.0003308920957886754 0.08941117528827509
7.921374285362025 0.0003276292809432056 0.08852952198257688
7.969025176070168 0.0003242917205891513 0.08762767150730255
8.016962709891423 0.0003208822908844391 0.08670640103623103
8.065188611122505 0.0003174039024018634 0.0857664970424683
8.113704614432605 0.0003138594947898972 0.08480875385573167
8.162512464925786 0.0003102520335792465 0.08383397279944095
8.211613918203758 0.0003065845081218318 0.0828429616338054
8.26101074042902 0.0003028599273928916 0.08183653342149994
8.310704708388393 0.0002990813160360349 0.08081550545898873
8.360697609556926 0.0002952517116755902 0.07978069855028837
8.410991242162195 0.0002913741615601036 0.07873293609999925
8.461587415248985 0.0002874517185476418 0.07767304302848427
8.512487948744354 0.0002834874382109212 0.07660184498963851
8.563694673523104 0.0002794843753075753 0.07552016741711154
8.615209431473632 0.0002754455801511577 0.07442883454370705
8.667034075564182 0.0002713740958501893 0.07332866865533891
8.719170469909495 0.0002672729546597233 0.07222048910517852
8.771620489837867 0.0002631451742661004 0.07110511130974931
8.824386021958594 0.0002589937554922113 0.06998334612885999
8.877468964229841 0.0002548216790568539 0.06885599898994235
8.930871226026907 0.0002506319011426183 0.06772386869043857
8.984594728210904 0.0002464273516436471 0.06658774692432413
9.038641403197854 0.000242210931715088 0.06544841761993923
9.09301319502819 0.0002379855089392527 0.06430665563382469
9.147712059436689 0.0002337539152812496 0.06316322619830834
9.202739963922818 0.0002295189457456012 0.06201888455850624
9.258098887821502 0.0002252833541737188 0.06087437483674794
9.313790822374321 0.0002210498497054999 0.05973042907645584
9.369817770801134 0.0002168210966951015 0.05858776721938622
9.426181748372137 0.0002125997119107882 0.05744709634899305
9.482884782480346 0.0002083882594098913 0.05630910930557807
9.539928912714528 0.0002041892509545347 0.05517448479862517
9.597316190932558 0.000200005144822748 0.05404388708554819
9.655048681335227 0.0001958383406635587 0.05291796458147265
9.713128460540494 0.0001916911784593978 0.0517973495788648
9.771557617658175 0.0001875659392350629 0.05068265843910233
9.830338254365088 0.0001834648414216657 0.04957449060996747
9.889472484980656 0.0001793900372282213 0.04847342764520528
9.948962436542953 0.0001753436148544291 0.04738003380244455
10.00881024888521 0.0001713275969487714 0.04629485562655684
10.06901807471279 0.0001673439354338722 0.04521842055140388
10.12958807968063 0.0001633945134267031 0.04415123741870103
10.1905224424711 0.0001594811458542475 0.04309379664437761
10.25182335487242 0.0001556055750754387 0.04204656903556975
10.31349302185747 0.0001517694701942307 0.04101000560500373
10.3755336616631 0.0001479744298849308 0.03998453833443587
10.43794750586993 0.0001442219801507467 0.03897057956898428
10.50073679948262 0.0001405135707449301 0.03796852105007692
10.56390380101059 0.0001368505791091675 0.03697873497965405
10.62745078254932 0.000133234310445995 0.03600157403973571
10.69138002986203 0.0001296659933649605 0.03503737021596025
10.7556938424619 0.0001261467824154082 0.03408643548197434
10.82039453369479 0.0001226777605146142 0.03314906245554568
10.88548443082247 0.0001192599360692304 0.03222552362074097
10.95096587510631 0.0001158942423501911 0.03131607115901805
11.01684122189147 0.0001125815418832304 0.0304209381355984
11.08311284069168 0.0001093226258749802 0.02954033834439181
11.14978311527443 0.0001061182111879345 0.02867446549059373
11.21685444374672 0.0001029689450083768 0.02782349445201774
11.28432923864131 9.987540643781148e-05 0.02698758170912013
11.35220992700354 9.683810361840476e-05 0.02616686456825804
11.42049895047856 9.385747616233238e-05 0.02536146181812968
11.48919876539923 9.093389887776305e-05 0.02457147473658153
11.55831184287442 8.806768062988464e-05 0.02379698678284336
11.62784066887791 8.525906384588862e-05 0.02303806346376885
11.69778774433782 8.250822947595045e-05 0.0222947536743545
11.76815558522656 7.981529791553798e-05 0.02156708994695878
11.83894672265132 7.718032729811625e-05 0.02085508798996972
11.91016370294514 7.460331723163642e-05 0.02015874769745082
11.98180908775847 7.208421175780325e-05 0.0194780539487721
12.05388545415131 6.962289873941651e-05 0.0188129764430621
12.12639539468595 6.721921117220001e-05 0.0181634700536804
12.19934151752018 6.487293148223665e-05 0.01752947598943835
12.27272644650111 6.258379198978435e-05 0.01691092191992778
12.34655282125957 6.035147470135868e-05 0.01630772191933924
12.42082329730504 5.817561598855702e-05 0.01571977773073862
12.49554054612116 5.60558083229864e-05 0.01514697923486639
12.57070725526186 5.399159967010635e-05 0.0145892042863463
12.64632612844798 5.198249699358435e-05 0.01404631966060603
12.72239988566455 5.002796921779801e-05 0.0135181818543822
12.79893126325863 4.812744740834306e-05 0.01300463713449596
12.87592301403773 4.628032640906128e-05 0.01250552198019831
12.95337790736882 4.448596859640522e-05 0.01202066409764635
13.03129872927796 4.274370506428984e-05 0.01154988274006498
13.10968828255048 4.105283610265428e-05 0.01109298883706026
13.18854938683184 3.941263479661846e-05 0.01064978596715645
13.26788487872902 3.78223489798004e-05 0.01022007088560676
13.34769761191256 3.628120174259464e-05 0.009803633661736512
13.42799045721921 3.478839394591754e-05 0.009400258358188486
13.50876630275517 3.334310676769128e-05 0.009009723719014711
13.59002805400002 3.194450269159447e-05 0.008631803436849217
13.67177863391118 3.05917269809351e-05 0.008266266551166905
13.7540209830291 2.928391037530842e-05 0.007912878176954172
13.83675805958297 2.802017047283201e-05 0.007571399878206085
13.91999283959716 2.679961280746667e-05 0.007241589959031934
14.00372831699829 2.562133315234778e-05 0.006923204086044124
14.08796750372286 2.448441911366787e-05 0.006615995719045139
14.17271342982564 2.338795126212929e-05 0.006319716416760188
14.25796914358864 2.233100487457241e-05 0.006034116307446873
14.34373771163077 2.131265155714701e-05 0.005758944527496381
14.43002221901811 2.033196041458698e-05 0.005493949537386088
14.51682576937491 1.938799949621903e-05 0.005238879512409185
14.60415148499523 1.847983729280521e-05 0.004993482747140188
14.69200250695523 1.760654374226696e-05 0.004757507927194165
14.78038199522615 1.67671914554542e-05 0.004530704460444812
14.86929312878798 1.596085731807588e-05 0.004312822909886117
14.95873910574384 1.518662318592971e-05 0.004103615181492093
15.04872314343496 1.444357689034587e-05 0.003902834795900229
15.13924847855642 1.37308137486551e-05 0.003710237296558826
15.2303183672736 1.304743705202387e-05 0.003525580381546142
15.3219360853393 1.239255892318793e-05 0.003348624135340726
15.41410492821153 1.176530178403531e-05 0.003179131425380632
15.50682821117208 1.116479867871108e-05 0.003016867989370398
15.60010926944577 1.059019376069619e-05 0.0028616025668958
15.69395145832038 1.004064363622027e-05 0.002713107262430772
15.7883581532674 9.515317909446623e-06 0.002571157692653209
15.88333275006339 9.013399188273845e-06 0.002435532988012615
15.97887866491215 8.534084016392088e-06 0.002306016044583361
16.07499933456759 8.076583900457048e-06 0.002182393801619907
16.17169821645737 7.640124924891091e-06 0.002064457137471266
16.26897878880723 7.223948155611332e-06 0.001952000978673368
16.36684455076612 6.827310918193281e-06 0.001844824645324833
16.46529902253208 6.449486457093864e-06 0.001742731759004778
16.56434574547881 6.089763795843723e-06 0.001645530204995031
16.66398828228309 5.747448753326448e-06 0.001553032406891469
16.76423021705294 5.42186416535555e-06 0.001465055386476879
16.86507515545651 5.112349243422009e-06 0.001381420590446542
16.96652672485178 4.818260025094819e-06 0.001301954012112083
17.06858857441703 4.538970048339939e-06 0.001226486373610869
17.17126437528214 4.273870119825828e-06 0.001154853063299273
17.27455782066058 4.02236772880784e-06 0.001086893977376922
17.37847262598229 3.783886584727868e-06 0.001022453394940342
17.48301252902732 3.557868130714257e-06 0.000961380386949537
17.58818129006027 3.343771055544218e-06 0.0009035286843541362
17.69398269196554 3.141071337025297e-06 0.0008487566898156085
17.80042054038342 2.949261008670884e-06 0.0007969271444475896
17.90749866384694 2.767848153720401e-06 0.0007479071262000605
18.01522091391964 2.596357455837934e-06 0.0007015681986649934
18.12359116533404 2.434330246337531e-06 0.0006577864238372176
18.23261331613107 2.281323559635773e-06 0.0006164421068859112
18.34229128780023 2.136909734909987e-06 0.0005774196885176771
18.45262902542071 2.000676968942329e-06 0.0005406078943619168
18.56363049780323 1.872228797282755e-06 0.0005058995947745874
18.67529969763284 1.751183201803011e-06 0.0004731915636881483
18.78764064161249 1.637172807339258e-06 0.0004423845317468524
18.90065737060757 1.529845016987477e-06 0.0004133832228652555
19.0143539497912 1.428860872599101e-06 0.0003860960463199081
19.12873446879051 1.333894828438271e-06 0.0003604350355887216
19.24380304183367 1.244635179741292e-06 0.0003363159641530823
19.35956380789796 1.160783125516577e-06 0.0003136580922546974
19.47602093085858 1.082052163349928e-06 0.0002923840033644248
19.59317859963845 1.008168356235824e-06 0.0002724196762834201
19.71104102835891 9.388699613859671e-07 0.0002536943848425701
19.82961245649123 8.739065114546747e-07 0.0002361404496381237
19.94889714900919 8.130387559588433e-07 0.0002196932222026356
20.06889939654243 7.560387781418213e-07 0.000204291116583043
20.18962351553079 7.026890113986796e-07 0.0001898753435664943
20.31107384837959 6.527818861049549e-07 0.0001763898152490667
20.4332547636158 6.061200495632202e-07 0.0001637812044680755
20.55617065604522 5.625156929031537e-07 0.0001519987629220689
20.67982594691049 5.217899320578887e-07 0.0001409941539029103
20.80422508405019 4.837728565907691e-07 0.0001307214654893766
20.92937254205879 4.483033151468015e-07 0.0001211371525734624
21.05527282244758 4.152281342862904e-07 0.0001121998257794756
21.18193045380665 3.844019394838219e-07 0.0001038702030957284
21.30934999196772 3.556872230634154e-07 9.611112823146275e-05
21.43753602016806 3.28953632637506e-07 8.888737834418078e-05
21.5664931492153 3.040776086446924e-07 8.216556609781852e-05
21.69622601765332 2.809424535290132e-07 7.591415835585026e-05
21.82673929192908 2.594379092107302e-07 7.010336200861914e-05
21.95803766656046 2.394596359521682e-07 6.4704983156381e-05
22.09012586430514 2.20909153354516e-07 5.969241116590331e-05
22.22300863633048 2.036937314381068e-07 5.504058923899721e-05
22.35669076238438 1.877258125837358e-07 5.072585821384472e-05
22.49117705096725 1.729228146535029e-07 4.672590336579266e-05
22.62647233950495 1.592071588349666e-07 4.301976193119037e-05
22.76258149452277 1.465058120491593e-07 3.958769946032294e-05
22.89950941182054 1.347499796158779e-07 3.641112677173565e-05
23.03726101664865 1.238750965885794e-07 3.34725976108147e-05
23.17584126388527 1.138206001356958e-07 3.075574714437666e-05
23.31525513821456 1.045295442614749e-07 2.824518785342984e-05
23.45550765430593 9.594850536951201e-08 2.592648401526142e-05
23.59660385699449 8.802753288694547e-08 2.378613836147866e-05
23.73854882146243 8.071977363223194e-08 2.181149057749231e-05
23.88134765342164 7.398130651500723e-08 1.999067263635527e-05
24.02500548929732 6.777113847464974e-08 1.831260770131172e-05
24.16952749641275 6.205094764288979e-08 1.67669407251277e-05
24.31491887317515 5.678485899903864e-08 1.534397782933319e-05
24.46118484926266 5.193940630675348e-08 1.403467601906075e-05
24.60833068581249 4.748342061538604e-08 1.2830613054718e-05
24.7563616756101 4.338777972183167e-08 1.172391975345132e-05
24.90528314327963 3.962532402971915e-08 1.070725725324858e-05
25.05510044547539 3.617083120793342e-08 9.773810165355514e-06
25.20581897107455 3.300080010607727e-08 8.91722818553584e-06
25.357444141371 3.009333232974246e-08 8.131594094231023e-06
25.5099814102703 2.742811512220064e-08 7.41141913097944e-06
25.66343626448592 2.498629227113979e-08 6.751608111804925e-06
25.81781422373652 2.275031913374053e-08 6.147420255182447e-06
25.97312084094457 2.070392385618669e-08 5.594458703065712e-06
26.12936170243603 1.883205726909543e-08 5.088656982006863e-06
26.28654242814131 1.712074697873029e-08 4.626239576780639e-06
26.44466867179741 1.555703778239899e-08 4.203705829880993e-06
26.6037461211513 1.412897629222676e-08 3.817825786672677e-06
26.76378049816449 1.282549888119234e-08 3.465609917011233e-06
26.92477755921884 1.163635707291669e-08 3.144288954632447e-06
27.08674309532363 1.055210110059391e-08 2.851309454570212e-06
27.24968293232387 9.56401932758333e-09 2.584317423844218e-06
27.41360293110984 8.664055109550384e-09 2.341135856572483e-06
27.57850898782788 7.844778632922618e-09 2.119757124370587e-06
27.74440703409252 7.099364213620219e-09 1.918336842185244e-06
27.91130303719981 6.421514727745747e-09 1.735173448523231e-06
28.07920300034196 5.805424894800135e-09 1.56869828411796e-06
28.24811296282329 5.245770595328583e-09 1.417472705424037e-06
28.41803900027744 4.737657858012713e-09 1.280174300292688e-06
28.58898722488593 4.27657967166261e-09 1.155585218032839e-06
28.76096378559799 3.858402951559545e-09 1.042588647554196e-06
28.93397486835177 3.47934407290352e-09 9.401622061993195e-07
29.1080266962968 3.135924858420191e-09 8.473660470455489e-07
29.28312553001787 2.824955030933141e-09 7.633381173709563e-07
29.4592776677602 2.543522879360264e-09 6.872916364900429e-07
29.63648944565603 2.288959371800125e-09 6.185053986616423e-07
29.81476723795246 2.058817650034504e-09 5.563182322475101e-07
29.99411745724076 1.850866530200205e-09 5.001272435127046e-07
30.17454655468706 1.66306908512285e-09 4.493820293047917e-07
30.35606102026435 1.493560213764162e-09 4.035786160384659e-07
30.53866738298595 1.340638671809711e-09 3.622573062608671e-07
30.72237221114033 1.202757580174599e-09 3.250001139313198e-07
30.90718211252742 1.078503485765552e-09 2.91425106377835e-07
31.09310373469621 9.6658690538557e-10 2.611838491420936e-07
31.28014376518396 8.658380938428121e-10 2.339602624696336e-07
31.46830893175665 7.751918060031856e-10 2.094665038262225e-07
31.65760600265105 6.936768563787588e-10 1.874401467683034e-07
31.84804178681812 6.204124441662919e-10 1.676431879225264e-07
32.03962313416796 5.54599949107098e-10 1.498598301246587e-07
32.23235693581619 4.955122992991067e-10 1.338936094696673e-07
32.42625012433181 4.424897172798492e-10 1.195662458502338e-07
32.62130967398656 3.949362136496758e-10 1.067166954899723e-07
32.81754260100581 3.523105171717022e-10 9.519870014320238e-08
33.01495596382091 3.141214541752573e-10 8.487953855207509e-08
33.21355686332307 2.799260078198911e-10 7.563950203547877e-08
33.4133524431188 2.493234158221793e-10 6.737029962113502e-08
33.61434988978685 2.219503042960783e-10 5.997374314851141e-08
33.81655643313671 1.974788231837572e-10 5.3361243438954e-08
34.01997934646867 1.756137159775215e-10 4.745301849796837e-08
34.22462594683541 1.560877211659556e-10 4.217685092855667e-08
34.43050359530524 1.386595518840586e-10 3.74675420074617e-08
34.63761969722685 1.231125999918999e-10 3.326656151104043e-08
34.84598170249565 1.092513751668373e-10 2.952108551352562e-08
35.0555971058218 9.689942070077768e-11 2.618343320942531e-08
35.26647344699975 8.589843809829775e-11 2.321083036900635e-08
35.47861831117944 7.610619285203717e-11 2.056484345266023e-08
35.69203932913916 6.739442793072798e-11 1.821081580931971e-08
35.90674417756002 5.96480025991457e-11 1.611763497485826e-08
36.12274057930207 5.276391312557771e-11 1.425746805502209e-08
36.34003630368208 4.664946675324663e-11 1.260526830971175e-08
36.55863916675303 4.122140653878644e-11 1.113853867341253e-08
36.77855703158521 3.640542966861639e-11 9.837201598265052e-09
36.9997978085491 3.213491184302929e-11 8.683254366720639e-09
37.22236945559986 2.835003422219933e-11 7.660533181452968e-09
37.4462799785636 2.499741035984034e-11 6.754612358175046e-09
37.67153743142533 2.202939863462106e-11 5.952618536023677e-09
37.89814991661868 1.940327829173567e-11 5.243008033705155e-09
38.12612558531732 1.708088654580507e-11 4.615468790168621e-09
38.35547263772817 1.50283049341426e-11 4.06083561334275e-09
38.58619932338635 1.321519471114712e-11 3.57091059540353e-09
38.81831394145193 1.161444602482533e-11 3.138368315890755e-09
39.05182484100842 1.020199964471009e-11 2.756707670365914e-09
39.2867404213631 8.956427521733054e-12 2.420138532453311e-09
39.52306913234914 7.858593729028611e-12 2.123490135812317e-09
39.76081947462954 6.891505542696973e-12 1.862170834300379e-09
40.00000000000288 6.040102912195968e-12 1.632111214244537e-09
