##########################################################################################
#
# SZ signal computed with SZpack v1.1.1
# Runmode: CNSN-basis
#
# General parameters:
# xmin= 0.1 xmax= 40 np= 1000
# Dtau= 0.01
# Te= 32keV (The ~ 0.0626224)
# betac= 0 muc= 1
# betao= 0 muo= 1
#
# Runmode specific parameters:
# eps= 0
# Te_order= 20 beta_order= 2
#
##########################################################################################
#
# Output format: x = (h nu/k T0) | x^3 Dn(x) | DI(x) in MJy/sr 
# Here a CMB temperature of T0 = 2.726 K is assumed.
#
##########################################################################################
0.1 -1.129957454229276e-05 -0.003053286110312843
0.1006015482792701 -1.143563251939718e-05 -0.003090050674335613
0.1012067151618632 -1.157332515739032e-05 -0.003127256944138359
0.1018155224154252 -1.171267201338193e-05 -0.003164910204296295
0.1024279919385451 -1.185369287056829e-05 -0.003203015800476039
0.1030441457615424 -1.199640774217822e-05 -0.00324157914050187
0.1036640060472596 -1.214083688768322e-05 -0.003280605698735921
0.1042875950918594 -1.228700080458885e-05 -0.00332010101386009
0.1049149353256267 -1.243492022606064e-05 -0.003360070688234542
0.1055460493137754 -1.258461613595751e-05 -0.003400520391959938
0.10618095975726 -1.2736109770887e-05 -0.003441455863432759
0.1068196894935924 -1.288942261134665e-05 -0.003482882906951608
0.1074622614976628 -1.304457639072402e-05 -0.00352480739514914
0.1081086988825668 -1.320159310901144e-05 -0.003567235272697933
0.1087590249004362 -1.336049502103822e-05 -0.003610172553130713
0.1094132629432757 -1.352130463852052e-05 -0.003653625319394229
0.1100714365438043 -1.368404474847973e-05 -0.003697599728826145
0.1107335693763015 -1.384873840729248e-05 -0.003742102011547273
0.1113996852574591 -1.401540893544064e-05 -0.003787138469042957
0.1120698081472377 -1.418407993224988e-05 -0.003832715478145619
0.1127439621497288 -1.435477528287898e-05 -0.003878839492923353
0.1134221715140214 -1.452751914666478e-05 -0.00392551704153059
0.1141044606350749 -1.470233596437751e-05 -0.003972754728168573
0.1147908540545956 -1.48792504764718e-05 -0.004020559238017019
0.1154813764619206 -1.505828771088227e-05 -0.004068937333936316
0.1161760526949047 -1.523947298265959e-05 -0.004117895856369206
0.1168749077408149 -1.542283191376515e-05 -0.004167441728689531
0.1175779667372284 -1.560839043090229e-05 -0.00421758195661621
0.118285254972937 -1.579617475690849e-05 -0.004268323625887314
0.118996797888857 -1.598621142447169e-05 -0.004319673905966366
0.119712621078944 -1.617852728885566e-05 -0.00437164005348091
0.1204327502911136 -1.637314951366671e-05 -0.004424229408376497
0.1211572114281675 -1.657010557600241e-05 -0.004477449395307924
0.1218860305487253 -1.676942328866047e-05 -0.004531307529640359
0.1226192338681618 -1.697113078880741e-05 -0.004585811414387475
0.12335684775955 -1.717525653467255e-05 -0.00464096873931812
0.1240988987546095 -1.738182932616425e-05 -0.004696787286527082
0.124845413544661 -1.759087830744447e-05 -0.004753274931130772
0.1255964189815867 -1.780243295479659e-05 -0.004810439637988957
0.1263519420787953 -1.8016523088733e-05 -0.004868289464976374
0.1271120100121947 -1.823317889277647e-05 -0.0049268325680577
0.1278766501211688 -1.845243089742847e-05 -0.004986077196955591
0.128645889909561 -1.867430998267728e-05 -0.005046031695828401
0.1294197570466637 -1.889884740295015e-05 -0.005106704510012564
0.1301982793682135 -1.912607477929875e-05 -0.005168104183911016
0.1309814848773924 -1.935602409195261e-05 -0.005230239358981028
0.1317694017458348 -1.958872770007033e-05 -0.005293118779071242
0.1325620583146414 -1.982421835158674e-05 -0.005356751293082488
0.1333594830953982 -2.006252916716476e-05 -0.005421145850631384
0.1341617047712022 -2.030369364971611e-05 -0.005486311504622937
0.1349687521976928 -2.054774570932116e-05 -0.005552257417984217
0.1357806544040905 -2.079471964673215e-05 -0.005618992859206699
0.13659744059424 -2.104465015253547e-05 -0.005686527202119923
0.1374191401476617 -2.129757233380691e-05 -0.00575486993309406
0.1382457826206078 -2.155352171154615e-05 -0.005824030650346682
0.1390773977471256 -2.181253420865436e-05 -0.005894019060694164
0.1399140154401271 -2.207464616816456e-05 -0.00596484498447775
0.140755665792465 -2.233989437084094e-05 -0.006036518360319111
0.1416023790780148 -2.260831601574563e-05 -0.006109049239869248
0.1424541857527642 -2.287994872680251e-05 -0.006182447789582103
0.1433111164559082 -2.315483058274478e-05 -0.006256724298806781
0.1441732020109516 -2.343300010242939e-05 -0.006331889175819317
0.1450404734268171 -2.371449623966382e-05 -0.006407952946424808
0.1459129618989614 -2.399935841031239e-05 -0.006484926261281878
0.1467906988104967 -2.428762649699657e-05 -0.006562819897172763
0.1476737157333199 -2.457934083209469e-05 -0.006641644752409617
0.148562044429248 -2.487454221346391e-05 -0.006721411851082775
0.1494557168511607 -2.517327193028897e-05 -0.006802132350045435
0.1503547651441497 -2.54755717412892e-05 -0.006883817533024894
0.151259221646675 -2.578148387767027e-05 -0.006966478811420151
0.152169118891728 -2.609105107668134e-05 -0.00705012773336949
0.1530844896080017 -2.64043165714056e-05 -0.007134775980991721
0.1540053667210681 -2.672132408023171e-05 -0.007220435367541265
0.1549317833545624 -2.704211783308452e-05 -0.007307117844495998
0.1558637728313743 -2.736674258517118e-05 -0.007394835505271645
0.156801368674847 -2.769524359498538e-05 -0.007483600579278222
0.1577446046099826 -2.80276666366552e-05 -0.007573425435256601
0.1586935145646554 -2.836405803367666e-05 -0.007664322590393732
0.1596481326708324 -2.870446463672835e-05 -0.007756304704327872
0.1606084932658007 -2.904893382203728e-05 -0.007849384578707031
0.1615746308934029 -2.93975135269605e-05 -0.00794357516680355
0.1625465803052792 -2.975025224697149e-05 -0.008038889572699805
0.1635243764621181 -3.010719901896357e-05 -0.00813534104677657
0.1645080545349132 -3.046840344524519e-05 -0.008232942992196846
0.1654976499062288 -3.083391571762469e-05 -0.008331708971413863
0.1664931981714723 -3.120378659098366e-05 -0.008431652699030271
0.1674947351401746 -3.157806739155449e-05 -0.008532788044034846
0.1685022968372784 -3.195681005708413e-05 -0.008635129040655226
0.1695159195044337 -3.234006711733826e-05 -0.008738689883089901
0.1705356396013016 -3.272789168654239e-05 -0.008843484923465711
0.1715614938068656 -3.312033749927909e-05 -0.00894952868153771
0.172593519020751 -3.351745891731089e-05 -0.009056835846532808
0.1736317523645521 -3.391931090622974e-05 -0.009165421270840166
0.1746762311831677 -3.432594905589482e-05 -0.009275299975533752
0.1757269930461439 -3.473742961537517e-05 -0.009386487159814246
0.1767840757490262 -3.515380946355895e-05 -0.00949899819306734
0.1778475173147181 -3.557514611247251e-05 -0.009612848615760557
0.1789173559948495 -3.600149775190122e-05 -0.009728054151500368
0.1799936302711521 -3.643292323611101e-05 -0.009844630703444197
0.1810763788568441 -3.686948206905713e-05 -0.009962594350303621
0.1821656406980222 -3.731123443880526e-05 -0.01008196135564541
0.1832614549750625 -3.775824123641854e-05 -0.010202748172995
0.1843638611040305 -3.821056402602495e-05 -0.01032497143774838
0.1854728987380978 -3.866826506057781e-05 -0.01044864797143073
0.1865886077689693 -3.913140732695312e-05 -0.01057379479388229
0.1877110283283176 -3.960005451633254e-05 -0.01070042911525551
0.1888402007892269 -4.007427102125581e-05 -0.01082856833521853
0.1899761657676448 -4.055412198251059e-05 -0.01095823005562541
0.1911189641238435 -4.103967328562794e-05 -0.0110894320795692
0.1922686369638894 -4.153099153784584e-05 -0.01122219240515715
0.1934252256411219 -4.202814409922986e-05 -0.01135652923391993
0.1945887717576404 -4.253119911515771e-05 -0.01149246097958936
0.1957593171658014 -4.304022548066807e-05 -0.01163000625846501
0.1969369039697233 -4.355529285063948e-05 -0.01176918389216465
0.1981215745268011 -4.407647169291475e-05 -0.01191001292197918
0.19931337144923 -4.460383326259414e-05 -0.01205251260192626
0.2005123376055381 -4.513744959107936e-05 -0.0121967023957899
0.2017185161221286 -4.567739353292325e-05 -0.01234260198977983
0.2029319503848305 -4.622373877541008e-05 -0.01249023129512022
0.2041526840404598 -4.677655980675997e-05 -0.01263961043945806
0.205380760998389 -4.733593194223084e-05 -0.01279075977391634
0.2066162254321268 -4.790193137059889e-05 -0.01294369988565355
0.2078591217809067 -4.847463511487786e-05 -0.01309845158724959
0.2091094947512857 -4.905412103574248e-05 -0.01325503591763083
0.2103673893187526 -4.96404678899288e-05 -0.01341347415785058
0.2116328507293451 -5.023375531303731e-05 -0.01357378782644229
0.2129059245012778 -5.083406379892815e-05 -0.01373599867385191
0.2141866564265795 -5.144147474411674e-05 -0.01390012869443408
0.2154750925727398 -5.205607047315694e-05 -0.01406620013331104
0.2167712792843669 -5.26779341983151e-05 -0.01423423547547602
0.2180752631848539 -5.330715003921609e-05 -0.01440425745110184
0.2193870911780562 -5.39438030820646e-05 -0.01457628905154326
0.2207068104499787 -5.458797934048456e-05 -0.0147503535187553
0.2220344684704725 -5.523976575047053e-05 -0.01492647434392905
0.2233701129949433 -5.589925023106714e-05 -0.01510467528388797
0.2247137920660681 -5.656652168020208e-05 -0.01528498035996198
0.2260655540155243 -5.72416699432189e-05 -0.01546741384948457
0.2274254474657272 -5.792478585241969e-05 -0.01565200029647775
0.2287935213315797 -5.861596127004716e-05 -0.01583876452326637
0.2301698248222314 -5.931528904049215e-05 -0.01602773161756393
0.2315544074428487 -6.002286300232528e-05 -0.01621892693572374
0.2329473189963953 -6.073877805743672e-05 -0.01641237612142132
0.2343486095854241 -6.146313013746934e-05 -0.01660810509658422
0.2357583296138787 -6.219601618790967e-05 -0.01680614005709323
0.237176529788907 -6.293753422772933e-05 -0.01700650748889817
0.2386032611226849 -6.368778336258864e-05 -0.01720923417158576
0.2400385749342508 -6.44468637420104e-05 -0.01741434716680737
0.2414825228513524 -6.521487659178076e-05 -0.01762187382703415
0.2429351568123028 -6.599192427437509e-05 -0.0178318418118849
0.2443965290678495 -6.677811023711768e-05 -0.01804427907411813
0.2458666921830531 -6.757353901511647e-05 -0.01825921386042505
0.2473456990391787 -6.837831630594002e-05 -0.01847667473160827
0.2488336028355976 -6.919254894741713e-05 -0.01869669055658294
0.250330457091701 -7.001634488930692e-05 -0.01891929050472168
0.2518363156488252 -7.084981324910365e-05 -0.01914450406093371
0.2533512326721881 -7.169306434483868e-05 -0.01937236103452835
0.2548752626528374 -7.254620964223613e-05 -0.01960289154493584
0.2564084604096108 -7.340936177767874e-05 -0.01983612602791303
0.2579508810911079 -7.428263463137399e-05 -0.02007209525531368
0.2595025801776736 -7.5166143288205e-05 -0.02031083032451001
0.261063613483394 -7.606000400976747e-05 -0.02055236265083662
0.2626340371581039 -7.696433428745486e-05 -0.02079672398193484
0.2642139076894062 -7.787925296629409e-05 -0.02104394643121467
0.2658032819047042 -7.880488007876815e-05 -0.02129406243295155
0.2674022169732455 -7.974133681125045e-05 -0.0215471047332165
0.2690107704081783 -8.068874576809466e-05 -0.02180310646123656
0.2706290000686201 -8.164723081483349e-05 -0.02206210108702505
0.2722569641617388 -8.26169170562687e-05 -0.02232412241546127
0.2738947212448469 -8.359793096487571e-05 -0.02258920462098701
0.2755423302275071 -8.459040032648666e-05 -0.02285738223292946
0.2771998503736515 -8.559445421664244e-05 -0.0231286901291112
0.2788673413037137 -8.661022307694992e-05 -0.0234031635564829
0.2805448629967726 -8.763783873043359e-05 -0.02368083813527152
0.2822324757927104 -8.867743432508244e-05 -0.02396174984372596
0.283930240394383 -8.972914437271719e-05 -0.02424593502861948
0.285638217869803 -9.079310482463433e-05 -0.02453343042568968
0.2873564696543368 -9.1869453004473e-05 -0.02482427314149827
0.2890850575529139 -9.295832760949514e-05 -0.02511850065377696
0.2908240437422505 -9.405986880272506e-05 -0.0254161508363248
0.2925734907730859 -9.517421818442405e-05 -0.02571726195130018
0.294333461572432 -9.630151875368863e-05 -0.02602187263884426
0.2961040194458372 -9.744191497586644e-05 -0.02633002193529752
0.2978852280796634 -9.859555282346128e-05 -0.02664174928425289
0.2996771515433765 -9.976257970649133e-05 -0.02695709451773762
0.3014798542918515 -0.0001009431444992323 -0.02727609786343961
0.3032934011676903 -0.000102137397633197 -0.02759879996983167
0.3051178574035545 -0.0001033454910317914 -0.02792524188851476
0.3069532886245115 -0.0001045675780969145 -0.0282554650705972
0.3087997608503953 -0.0001058038138011786 -0.0285895113916135
0.3106573404981812 -0.0001070543546804865 -0.02892742314951889
0.3125260943843745 -0.0001083193587783549 -0.02926924304964468
0.3144060897274139 -0.0001095989857028536 -0.02961501422008394
0.3162973941500897 -0.0001108933966929904 -0.02996478022962956
0.3182000756819758 -0.0001122027545388709 -0.03031858506620042
0.3201142027618771 -0.0001135272235948465 -0.03067647314039412
0.3220398442402905 -0.0001148669698832801 -0.03103848931352585
0.3239770693818822 -0.0001162221610395461 -0.03140467888276658
0.3259259478679787 -0.0001175929662809998 -0.03177508757275832
0.3278865497990735 -0.0001189795564938301 -0.03214976155908272
0.3298589456973481 -0.0001203821042514672 -0.03252874747323509
0.3318432065092091 -0.0001218007837418642 -0.03291209238297503
0.3338394036078401 -0.0001232357708106826 -0.03329984380399559
0.3358476087957689 -0.0001246872430508896 -0.03369204972413366
0.3378678943074497 -0.0001261553797181268 -0.03408875858050153
0.3399003328118625 -0.0001276403617281978 -0.03449001925880794
0.3419449974151257 -0.0001291423717643996 -0.03489588112236044
0.3440019616631268 -0.0001306615942409053 -0.03530639400217092
0.3460712995441669 -0.0001321982152520587 -0.03572160818325439
0.3481530854916227 -0.000133752422648623 -0.03614157442523223
0.3502473943866234 -0.0001353244060843294 -0.03656634397491037
0.3523543015607447 -0.0001369143569281465 -0.03699596854257323
0.3544738827987177 -0.0001385224682914328 -0.03743050030932082
0.3566062143411555 -0.0001401489351346223 -0.03786999195589631
0.3587513728872951 -0.0001417939541860103 -0.0383144966407412
0.3609094355977566 -0.0001434577239208301 -0.03876406799434132
0.3630804800973185 -0.0001451404446648954 -0.03921876014723254
0.3652645844777097 -0.0001468423185827107 -0.03967862772678787
0.3674618273004187 -0.0001485635496065382 -0.04014372583805054
0.369672287599519 -0.0001503043434974154 -0.04061411008022168
0.3718960448845125 -0.0001520649079188269 -0.04108983656656742
0.374133179143189 -0.0001538454523382465 -0.04157096189781425
0.3763837708445035 -0.0001556461880366981 -0.04205754316473256
0.3786479009414707 -0.0001574673282233123 -0.04254963797909126
0.3809256508740766 -0.0001593090879672277 -0.04304730445525659
0.3832171025722083 -0.0001611716841555074 -0.04355060119882071
0.3855223384586003 -0.0001630553355861972 -0.04405958733174719
0.3878414414518001 -0.0001649602629847843 -0.04457432249681828
0.3901744949691499 -0.0001668866889144071 -0.04509486683337261
0.3925215829297878 -0.0001688348378180724 -0.04562128098871261
0.3948827897576659 -0.0001708049361142991 -0.04615362614394881
0.3972582003845871 -0.0001727972120948949 -0.04669196398637777
0.3996479002532602 -0.0001748118959150287 -0.04723635670679948
0.402051975320373 -0.0001768492197059476 -0.04778686702997491
0.4044705120596843 -0.0001789094175279777 -0.04834355820192631
0.4069035974651345 -0.0001809927253061052 -0.04890649397253036
0.4093513190539743 -0.0001830993809062161 -0.04947573861611908
0.4118137648699132 -0.0001852296241797445 -0.05005135694354432
0.4142910234862858 -0.0001873836968586327 -0.05063341427379486
0.4167831840092382 -0.0001895618425767033 -0.05122197643977113
0.4192903360809331 -0.000191764306977454 -0.05181710981741301
0.4218125698827739 -0.0001939913376175489 -0.05241888129962167
0.4243499761386489 -0.0001962431839351639 -0.05302735828770638
0.4269026461181943 -0.0001985200973515874 -0.05364260871883813
0.429470671640077 -0.000200822331250026 -0.05426470106032266
0.4320541450752978 -0.0002031501408898732 -0.05489370428643489
0.4346531593505136 -0.0002055037834611297 -0.05552968789312389
0.43726780795138 -0.0002078835181523656 -0.0561727219163771
0.4398981849259138 -0.0002102896060365115 -0.05682287690135974
0.4425443848878763 -0.000212722310070416 -0.05748022390229519
0.4452065030201759 -0.0002151818952019661 -0.05814483451141023
0.4478846350782926 -0.0002176686282888483 -0.0588167808369833
0.4505788773937215 -0.0002201827780437414 -0.059496135488535
0.4532893268774382 -0.0002227246151165437 -0.06018297159904671
0.4560160810233846 -0.0002252944120990913 -0.06087736282623572
0.458759237911976 -0.0002278924434216818 -0.06157938332459456
0.4615188962136283 -0.0002305189853825016 -0.06228910775334264
0.464295155192308 -0.0002331743162287336 -0.06300661129834251
0.4670881147091019 -0.0002358587160415924 -0.06373196964103503
0.4698978752258099 -0.0002385724667132464 -0.06446525895220338
0.4727245378085577 -0.0002413158520406421 -0.06520655591732556
0.4755682041314329 -0.0002440891576651299 -0.0659559377202605
0.4784289764801414 -0.0002468926709956949 -0.06671348202250411
0.4813069577556875 -0.0002497266812651337 -0.06747926697836899
0.4842022514780743 -0.000252591479555022 -0.06825337124173084
0.487114961790028 -0.0002554873586806382 -0.06903587393493356
0.4900451934607434 -0.0002584146131944921 -0.0698268546497426
0.4929930518896525 -0.000261373539465415 -0.07062639346871616
0.4959586431102161 -0.0002643644355722654 -0.07143457093648323
0.4989420737937372 -0.0002673876012580042 -0.07225146804733386
0.5019434512531983 -0.0002704433379990504 -0.07307716626396035
0.504962883447121 -0.0002735319489654475 -0.0739117475066933
0.5080004789834501 -0.0002766537389264613 -0.0747552941279932
0.5110563471234592 -0.0002798090142763969 -0.07560788891942646
0.5141305977856812 -0.0002829980830677329 -0.07646961512061869
0.5172233415498623 -0.0002862212548927414 -0.07734055638726689
0.520334689660939 -0.000289478840861935 -0.0782207967853156
0.52346475403304 -0.0002927711536639951 -0.07911042080715026
0.5266136472535116 -0.0002960985074745646 -0.08000951334695194
0.5297814825869668 -0.0002994612178895815 -0.08091815968268312
0.5329683739793606 -0.0003028596019613302 -0.08183644548582923
0.5361744360620875 -0.0003062939781713936 -0.08276445681409006
0.5393997841561053 -0.0003097646663261217 -0.083702280083134
0.5426445342760833 -0.0003132719875508061 -0.08465000206502388
0.5459088031345746 -0.000316816264312802 -0.08560770989446494
0.5491927081462149 -0.0003203978203088377 -0.08657549103835432
0.5524963674319456 -0.0003240169804205319 -0.08755343328376138
0.5558198998232626 -0.0003276740707397504 -0.08854162474477933
0.5591634248664905 -0.0003313694184911588 -0.08954015384159801
0.5625270628270829 -0.0003351033519510601 -0.09054910927857288
0.565910934693948 -0.0003388762004446164 -0.09156858004347417
0.5693151621838011 -0.0003426882943153947 -0.09259865539925781
0.5727398677455418 -0.0003465399648207055 -0.09363942485578471
0.5761851745646592 -0.0003504315440961938 -0.09469097816025264
0.5796512065676627 -0.0003543633651467535 -0.09575340529474134
0.5831380884265391 -0.0003583357617457665 -0.09682679644898558
0.5866459455632378 -0.0003623490683724383 -0.09791124200344245
0.5901749041541815 -0.0003664036201906499 -0.09900683252357695
0.5937250911348052 -0.0003704997529739124 -0.1001136587395837
0.5972966342041217 -0.0003746378030202447 -0.101231811523386
0.6008896618293151 -0.0003788181071093012 -0.1023613818770509
0.6045043032503616 -0.0003830410024443053 -0.1035024609170991
0.6081406884846782 -0.0003873068265578632 -0.1046551398490548
0.6117989483317994 -0.0003916159172519468 -0.1058195099512281
0.6154792143780822 -0.0003959686125352315 -0.1069956625577828
0.619181619001439 -0.0004003652505317148 -0.1081836890340445
0.6229062953760992 -0.0004048061694095072 -0.1093836807572584
0.6266533774773996 -0.0004092917073061271 -0.1105957290964034
0.6304230000866031 -0.0004138222022330626 -0.1118199253864036
0.6342152987957473 -0.0004183979920007784 -0.1130563609078638
0.6380304100125211 -0.0004230194141393679 -0.1143051268656292
0.6418684709651717 -0.0004276868057828896 -0.1155663143575313
0.6457296197074404 -0.0004324005035932679 -0.1168400143538251
0.6496139951235281 -0.0004371608436841191 -0.1181263176766059
0.6535217369330918 -0.0004419681614875677 -0.1194253149638216
0.6574529856962692 -0.0004468227916567663 -0.1207370966429318
0.6614078828187353 -0.0004517250680017458 -0.1220617529135744
0.6653865705567885 -0.0004566753233600902 -0.1233993737126198
0.6693891920224675 -0.0004616738894472656 -0.1247500486737282
0.673415891188699 -0.0004667210968070402 -0.1261138671139526
0.6774668128944764 -0.0004718172747040496 -0.1274909180047081
0.6815421028500694 -0.0004769627509210151 -0.1288812899169781
0.6856419076422656 -0.0004821578516966516 -0.1302850710045365
0.6897663747396426 -0.0004874029016486351 -0.1317023489831319
0.693915652497873 -0.0004926982235617244 -0.1331332110732358
0.6980898901650602 -0.0004980441382507971 -0.1345777439630336
0.702289237887107 -0.0005034409645251558 -0.1360360337987788
0.7065138467131162 -0.0005088890190115852 -0.1375081661369816
0.7107638686008243 -0.0005143886159076263 -0.1389942258777402
0.7150394564220665 -0.0005199400669695118 -0.1404942972614807
0.7193407639682761 -0.0005255436813899704 -0.1420084638359386
0.7236679459560159 -0.0005311997654852766 -0.1435368083715954
0.728021158032544 -0.0005369086226260108 -0.1450794128429694
0.7324005567814114 -0.0005426705531825919 -0.1466363584138976
0.736806299728095 -0.0005484858542342122 -0.1482077253588867
0.7412385453456634 -0.0005543548193452103 -0.1497935930026861
0.7456974530604773 -0.0005602777385816316 -0.1513940397247625
0.7501831832579239 -0.0005662548983003935 -0.1530091429023299
0.754695897288186 -0.0005722865807614569 -0.1546389788055537
0.7592357574720454 -0.0005783730641535546 -0.1562836226045025
0.7638029271067222 -0.0005845146224783155 -0.1579431483378372
0.7683975704717476 -0.0005907115251150385 -0.1596176287952075
0.7730198528348741 -0.0005969640367011106 -0.1613071354849391
0.7776699404580188 -0.000603272417131857 -0.1630117386339934
0.7823480006032453 -0.0006096369212012617 -0.1647315070908862
0.7870542015387785 -0.00061605779823096 -0.1664665082254357
0.7917887125450584 -0.0006225352921608557 -0.1682168079532494
0.7965517039208285 -0.0006290696413246268 -0.1699824706750626
0.8013433469892614 -0.0006356610778865787 -0.1717635591245693
0.8061638141041211 -0.000642309827881205 -0.1735601343791112
0.8110132786559631 -0.0006490161111369779 -0.1753722558390861
0.8158919150783704 -0.0006557801407203934 -0.1771999810777212
0.8207998988542287 -0.0006626021227004977 -0.1790433657774456
0.8257374065220374 -0.0006694822562400349 -0.1809024637545189
0.8307046156822607 -0.0006764207331907004 -0.1827773268496646
0.8357017050037151 -0.000683417737509844 -0.1846680047704552
0.8407288542299962 -0.000690473445433872 -0.1865745451381678
0.8457862441859444 -0.0006975880252687232 -0.1884969934311684
0.8508740567841485 -0.0007047616366373596 -0.190435392781574
0.8559924750314897 -0.0007119944304751474 -0.1923897839740049
0.8611416830357236 -0.000719286549040563 -0.1943602054484775
0.8663218660121029 -0.0007266381252573743 -0.1963466931226534
0.8715332102900397 -0.0007340492822771312 -0.1983492802736188
0.8767759033198074 -0.0007415201337000607 -0.2003679975975733
0.882050133679283 -0.000749050783157738 -0.2024028730970623
0.8873560910807308 -0.0007566413234565109 -0.2044539318495196
0.8926939663776258 -0.0007642918368248383 -0.2065211960741014
0.8980639515715189 -0.0007720023947600083 -0.2086046850902674
0.9034662398189428 -0.0007797730570835844 -0.2107044150625512
0.9089010254383604 -0.0007876038718140117 -0.2128203989661359
0.9143685039171535 -0.0007954948753183919 -0.2149526466278665
0.9198688719186553 -0.0008034460915851517 -0.2171011645297153
0.9254023272892237 -0.0008114575314936105 -0.2192659556114103
0.9309690690653579 -0.0008195291931892912 -0.2214470193718486
0.9365692974808579 -0.000827661061694537 -0.2236443517638803
0.9422032139740265 -0.000835853107758851 -0.2258579448836561
0.9478710211949153 -0.0008441052881081505 -0.2280877870379786
0.9535729230126136 -0.0008524175454120231 -0.2303338627354544
0.9593091245225821 -0.0008607898071844041 -0.2325961523894441
0.9650798320540293 -0.0008692219854129906 -0.2348746322179245
0.9708852531773335 -0.000877713976910489 -0.2371692743384008
0.9767255967115094 -0.0008862656625719455 -0.2394800465672275
0.9826010727317186 -0.000894876906263672 -0.2418069121193824
0.9885118925768263 -0.0009035475553540077 -0.2441498297518853
0.9944582688570029 -0.0009122774404041544 -0.2465087536802576
1.000440415461372 -0.0009210663737337903 -0.2488836331909332
1.006458547565703 -0.000929914149567696 -0.2512744126808789
1.012512881640152 -0.0009388205442024068 -0.2536810317026257
1.018603635457047 -0.0009477853148023124 -0.2561034246389599
1.024731028098722 -0.0009568081986595544 -0.2585415205029386
1.030895279965397 -0.0009658889137955889 -0.2609952431004389
1.037096612783106 -0.000975027158267354 -0.2634645108426756
1.043335249611672 -0.0009842226086201015 -0.2659492363281378
1.04961141485273 -0.0009934749205262881 -0.2684493265152246
1.055925334257799 -0.001002783728631357 -0.2709646826805735
1.062277234936404 -0.001012148644879896 -0.2734951999667672
1.068667345364243 -0.001021569258415623 -0.2760407673553092
1.075095895391404 -0.001031045136032344 -0.2786012677884777
1.081563116250635 -0.001040575820944062 -0.2811765778369931
1.088069240565661 -0.00105016083155333 -0.2837665673672133
1.094614502359551 -0.001059799662327367 -0.2863710997778691
1.101199137063137 -0.001069491783222558 -0.2889900318445586
1.107823381523478 -0.001079236637714209 -0.2916232131873617
1.114487474012384 -0.00108903364342136 -0.294270486439672
1.121191654234987 -0.001098882192209815 -0.296931687276038
1.127936163338358 -0.001108781648360814 -0.2996066439173138
1.134721243920186 -0.001118731348059195 -0.3022951769923551
1.141547140037501 -0.001128730600206143 -0.3049970997576346
1.148414097215454 -0.001138778685261584 -0.3077122177844408
1.155322362456149 -0.00114887485343468 -0.3104403284699286
1.162272184247527 -0.00115901832580981 -0.3131812213413734
1.169263812572304 -0.001169208293974641 -0.3159346779556695
1.176297498916961 -0.001179443917701635 -0.3187004712728466
1.183373496280794 -0.001189724325380606 -0.3214783657729512
1.19049205918501 -0.001200048614495192 -0.3242681175847945
1.197653443681885 -0.001210415849750249 -0.327069473979952
1.204857907363973 -0.001220825061988298 -0.3298821730799735
1.212105709373372 -0.001231275249415855 -0.332705944187753
1.219397110411042 -0.001241765376625101 -0.3355405075231709
1.22673237274619 -0.001252294372197299 -0.3383855735755089
1.234111760225694 -0.001262861129975713 -0.3412408434474065
1.241535538283603 -0.001273464509009374 -0.3441060088396683
1.249003973950675 -0.001284103331012179 -0.3469807513646788
1.256517335863991 -0.001294776380401944 -0.3498647425569562
1.264075894276612 -0.00130548240525706 -0.3527576441316518
1.271679921067302 -0.001316220115545619 -0.355659107506039
1.279329689750306 -0.001326988181354474 -0.3585687733209822
1.287025475485191 -0.001337785234531542 -0.3614862718847079
1.294767555086741 -0.001348609867990796 -0.3644112229850049
1.302556207034913 -0.001359460632835112 -0.3673432351117817
1.310391711484858 -0.001370336039574586 -0.3702819057862707
1.318274350276994 -0.001381234558528332 -0.3732268216695994
1.326204406947145 -0.001392154617234355 -0.3761775578629054
1.334182166736741 -0.001403094599895371 -0.3791336777575899
1.342207916603075 -0.001414052848895493 -0.3820947334451461
1.350281945229628 -0.00142502766329097 -0.3850602653093372
1.358404543036452 -0.001436017296322026 -0.3880298013538642
1.366576002190616 -0.001447019957394873 -0.3910028577379311
1.374796616616712 -0.001458033811786978 -0.393978938696604
1.383066682007434 -0.00146905697748495 -0.3969575356863688
1.391386495834208 -0.001480087526103632 -0.399938127633481
1.399756357357896 -0.001491123483881587 -0.4029201812029591
1.408176567639557 -0.001502162829246689 -0.4059031501407767
1.416647429551278 -0.001513203491532218 -0.4088864749269344
1.425169247787069 -0.001524243353073907 -0.4118695833421101
1.433742328873819 -0.00153528024811065 -0.4148518901706139
1.442366981182327 -0.001546311959694311 -0.4178327963653824
1.45104351493839 -0.001557336221829686 -0.4208116896262219
1.459772242233963 -0.001568350719717907 -0.4237879444655788
1.468553477038385 -0.001579353086565063 -0.4267609213461909
1.477387535209671 -0.00159034090397505 -0.4297299667872378
1.486274734505876 -0.001601311703633362 -0.4326944138193253
1.495215394596523 -0.001612262965248577 -0.4356535814282461
1.504209837074101 -0.00162319211451215 -0.4386067740036926
1.513258385465633 -0.001634096525715358 -0.4415532820463873
1.522361365244312 -0.001644973521183774 -0.4444923820152709
1.531519103841213 -0.001655820367866135 -0.4474233354057712
1.540731930657063 -0.001666634279354426 -0.4503453892956563
1.550000177074097 -0.001677412416811469 -0.4532577765956788
1.55932417646797 -0.001688151886040721 -0.4561597152578006
1.568704264219756 -0.001698849737205006 -0.4590504081991899
1.578140777728008 -0.001709502967221039 -0.4619290439492507
1.587634056420891 -0.001720108518281332 -0.4647947962502251
1.597184441768398 -0.001730663275198302 -0.4676468233395363
1.606792277294626 -0.00174116406837517 -0.4704842687525647
1.616457908590138 -0.001751607673890447 -0.4733062613454743
1.626181683324388 -0.001761990810141731 -0.4761119143883278
1.635963951258232 -0.001772310139483589 -0.4789003260076597
1.645805064256506 -0.001782562269932226 -0.4816705796471025
1.655705376300682 -0.001792743752791903 -0.4844217434260114
1.665665243501602 -0.001802851081699559 -0.4871528698813133
1.675685024112287 -0.001812880695653861 -0.4898629967859902
1.685765078540822 -0.001822828978271742 -0.4925511469481891
1.695905769363321 -0.00183269225486142 -0.4952163274203139
1.70610746133697 -0.001842466795479159 -0.4978575303250009
1.716370521413142 -0.001852148815768486 -0.5004737330818856
1.726695318750602 -0.00186173447406774 -0.5030638976260258
1.737082224728785 -0.001871219872516062 -0.5056269707067551
1.747531612961148 -0.001880601059527899 -0.5081618845563236
1.758043859308618 -0.001889874028236102 -0.510667556469204
1.768619341893104 -0.001899034715068222 -0.5131428884173892
1.779258441111101 -0.001908079003222388 -0.5155867679896178
1.789961539647373 -0.001917002722740963 -0.5179980684112763
1.800729022488719 -0.001925801647834765 -0.5203756478213714
1.811561276937818 -0.001934471499726037 -0.5227183500407346
1.822458692627162 -0.001943007948293932 -0.5250250050166539
1.83342166153307 -0.001951406610029029 -0.5272944282701588
1.844450577989788 -0.00195966304865978 -0.5295254210652917
1.855545838703674 -0.001967772778257773 -0.5317167712481917
1.866707842767465 -0.001975731262670524 -0.533867253093826
1.877936991674634 -0.001983533914072949 -0.5359756269145809
1.88923368933383 -0.001991176096603841 -0.5380406400428817
1.90059834208341 -0.001998653127279475 -0.5400610270780614
1.912031358706049 -0.002005960274122631 -0.5420355093807993
1.923533150443451 -0.002013092758642008 -0.5439627957430889
1.935104131011135 -0.002020045758198423 -0.5458415830276149
1.946744716613318 -0.002026814405106508 -0.5476705559250205
1.958455325957888 -0.002033393787095549 -0.5494483870784318
1.970236380271462 -0.002039778950770529 -0.551173738018675
1.982088303314539 -0.002045964902081255 -0.5528452592910393
1.994011521396743 -0.002051946605495536 -0.5544615902318617
2.006006463392153 -0.002057718987481345 -0.5560213599094476
2.018073560754737 -0.002063276938196771 -0.5575231875807193
2.030213247533863 -0.002068615310908102 -0.5589656825339738
2.042425960389917 -0.002073728924208504 -0.5603474446883974
2.05471213861001 -0.002078612564847222 -0.5616670653585517
2.067072224123773 -0.002083260988138901 -0.5629231273649763
2.079506661519261 -0.002087668918842846 -0.5641142052717774
2.092015898058938 -0.002091831054602027 -0.5652388663158882
2.104600383695769 -0.002095742067353742 -0.5662956707882488
2.117260571089404 -0.002099396603833133 -0.5672831721698621
2.129996915622458 -0.002102789288724529 -0.5681999179833258
2.142809875416892 -0.002105914726903862 -0.5690444503987615
2.155699911350493 -0.002108767504458293 -0.5698153065093304
2.16866748707345 -0.002111342191089399 -0.5705110189806046
2.181713069025031 -0.002113633342968262 -0.5711301168220471
2.194837126450363 -0.002115635504404778 -0.57167112583808
2.208040131417308 -0.002117343209945675 -0.5721325691949966
2.221322558833443 -0.002118750987402611 -0.5725129682391897
2.234684886463145 -0.002119853359964671 -0.5728108430679745
2.248127594944775 -0.002120644848585361 -0.5730247131745857
2.261651167807962 -0.002121119974965216 -0.5731530982541148
2.275256091491004 -0.002121273263895283 -0.5731945188367469
2.288942855358358 -0.002121099245946929 -0.5731474970145832
2.302711951718243 -0.002120592460820886 -0.5730105573465922
2.316563875840352 -0.002119747459673773 -0.5727822274872668
2.330499125973664 -0.002118558807781471 -0.5724610389063006
2.344518203364364 -0.002117021088677598 -0.5720455280068549
2.358621612273878 -0.002115128906552796 -0.5715342367738784
2.372809859997005 -0.002112876888630623 -0.5709257134160999
2.387083456880169 -0.002110259689697708 -0.5702185135901341
2.401442916339774 -0.002107271995485864 -0.5694112013143717
2.415888754880671 -0.002103908524451662 -0.5685023494498408
2.430421492114737 -0.002100164031901241 -0.567490540814783
2.445041650779565 -0.00209603331524962 -0.5663743696057854
2.459749756757268 -0.002091511215268492 -0.5651524417349486
2.474546339093393 -0.002086592619273463 -0.5638233756911207
2.489431930015952 -0.002081272467858915 -0.5623858043597399
2.504407064954564 -0.002075545756855807 -0.5608383755518568
2.519472282559719 -0.00206940753926984 -0.5591797525278517
2.534628124722145 -0.002062852931826822 -0.5574086157660724
2.549875136592308 -0.00205587711968089 -0.5555236642350563
2.565213866600017 -0.002048475356841668 -0.5535236155089526
2.580644866474148 -0.002040642971187344 -0.5514072071221187
2.596168691262497 -0.002032375372548202 -0.5491731987533921
2.611785899351737 -0.002023668052541458 -0.5468203721814594
2.627497052487508 -0.002014516587593057 -0.5443475321013851
2.64330271579462 -0.002004916648341526 -0.5417535086656496
2.659203457797384 -0.001994864001841326 -0.5390371580795226
2.675199850440056 -0.00198435451212833 -0.5361973627538612
2.691292469107416 -0.001973384148219682 -0.5332330334667729
2.707481892645458 -0.001961948991248269 -0.5301431112914399
2.723768703382218 -0.001950045232788973 -0.526926567143848
2.740153487148712 -0.001937669179965709 -0.5235824031627765
2.756636833300016 -0.001924817266842991 -0.5201096557879374
2.77321933473646 -0.001911486053004068 -0.5165073953757738
2.789901587924954 -0.00189767222545663 -0.5127747267144022
2.806684192920446 -0.00188337261021278 -0.5089107921526672
2.823567753387507 -0.00186858417580715 -0.5049147725507804
2.840552876622036 -0.001853304031468045 -0.5007858867861403
2.857640173573115 -0.001837529435615905 -0.4965233940497222
2.874830258864976 -0.001821257806358703 -0.4921265966820672
2.892123750819116 -0.001804486717250285 -0.4875948390271315
2.909521271476531 -0.001787213901539321 -0.4829275085804067
2.927023446620097 -0.001769437266571657 -0.4781240398806145
2.944630905797074 -0.001751154891928306 -0.4731839140065696
2.962344282341753 -0.001732365029036608 -0.4681066584721091
2.980164213398238 -0.001713066113881591 -0.462891850660862
2.998091339943359 -0.001693256773015007 -0.4575391194499643
3.016126306809736 -0.00167293581844762 -0.4520481438298938
3.034269762708964 -0.001652102255425578 -0.4464186550057401
3.052522360254954 -0.001630755296621823 -0.440650440231903
3.070884755987404 -0.001608894355425068 -0.4347433409986894
3.089357610395416 -0.001586519048217654 -0.4286972536478185
3.107941587941251 -0.001563629210717353 -0.4225121337881813
3.126637357084233 -0.001540224896906851 -0.4161879960065732
3.14544559030479 -0.001516306375186856 -0.4097249128282167
3.164366964128648 -0.001491874140742077 -0.4031230180582023
3.183402159151157 -0.001466928924899344 -0.3963825093101696
3.202551860061779 -0.001441471686266139 -0.3895036456118278
3.221816755668715 -0.001415503616525076 -0.3824867489706968
3.241197538923678 -0.001389026157609903 -0.3753322090152773
3.260694906946819 -0.001362040993416274 -0.368040480755197
3.280309561051807 -0.001334550048885951 -0.3606120843337521
3.300042206771049 -0.001306555506591123 -0.3530476095091967
3.319893553881069 -0.001278059807692606 -0.3453477159136591
3.339864316428041 -0.001249065643794178 -0.3375131308520838
3.359955212753471 -0.001219575967300539 -0.3295446521010796
3.380166965520037 -0.001189594004183491 -0.3214431513585022
3.400500301737581 -0.001159123241566438 -0.3132095708886298
3.42095595278926 -0.001128167430417284 -0.3048449242498191
3.441534654457853 -0.001096730603886094 -0.2963503012495695
3.46223714695223 -0.001064817068881985 -0.2877268656684935
3.483064174933973 -0.001032431400994205 -0.2789758538879294
3.504016487544163 -0.000999578459379811 -0.2700985789127786
3.525094838430328 -0.0009662633899003848 -0.2610964312190833
3.546299985773546 -0.0009324916129143394 -0.251970875455357
3.567632692315724 -0.0008982688303721274 -0.2427234523597976
3.589093725387028 -0.0008636010404949243 -0.2333557827266513
3.610683856933487 -0.0008284945229124046 -0.223869563390254
3.632403863544755 -0.0007929558372911502 -0.2142665668544097
3.654254526482051 -0.0007569918403480962 -0.2045486458896369
3.676236631706256 -0.0007206096791496309 -0.1947177317225008
3.698350969906183 -0.0006838167803775309 -0.1847758311351354
3.720598336527025 -0.0006466208614419873 -0.174725029468122
3.742979531798957 -0.0006090299412788328 -0.1645674935380347
3.765495360765927 -0.0005710523138171601 -0.1543054644680595
3.788146633314612 -0.0005326965513602448 -0.1439412586015618
3.810934164203546 -0.0004939715383311188 -0.1334772766205621
3.833858773092431 -0.000454886435939802 -0.1229159939983804
3.856921284571616 -0.0004154506765893341 -0.1122599594880765
3.880122528191761 -0.0003756739865287409 -0.101511801243564
3.903463338493672 -0.000335566376024458 -0.09067422416380637
3.926944555038322 -0.0002951381251944662 -0.07975000606502379
3.950567022437048 -0.0002543997904862979 -0.06874199943113091
3.974331590381932 -0.0002133622110521621 -0.05765313313637547
3.998239113676364 -0.0001720364903633323 -0.04648640747731634
4.02229045226579 -0.0001304339938053257 -0.03524489352301083
4.046486471268643 -8.856636003716502e-05 -0.02393173618442916
4.070828041007458 -4.644548652518943e-05 -0.01255015030550952
4.095316037040186 -4.083519093784251e-06 -0.001103417839634771
4.119951340191675 3.850714059707133e-05 0.0104051101298408
4.144734836585366 8.131383872631176e-05 0.02197201438248927
4.169667417675155 0.0001243236864958184 0.03359381220414941
4.194749980277468 0.0001675235601237616 0.04526695738512763
4.219983426603512 0.0002109000959936188 0.05698783890940212
4.24536866429173 0.0002544397091674561 0.06875278595714267
4.270906606440451 0.0002981286002972817 0.08055806977224458
4.296598171640729 0.0003419527501136448 0.09239990217307939
4.322444284009386 0.0003858979323666432 0.1042744390493166
4.348445873222255 0.0004299497270641244 0.1161777839390509
4.374603874547618 0.00047409351942013 0.1281059877446587
4.400919228879844 0.0005183145047994983 0.1400550500688917
4.42739288277324 0.000562597706232319 0.1520209239475008
4.454025788476091 0.0006069279793489396 0.1639995171827367
4.480818903964917 0.0006512900122919155 0.1759866923195579
4.50777319297893 0.0006956683428403502 0.1879782712728406
4.534889625054696 0.0007400473685325457 0.1999700380626461
4.562169175561013 0.0007844113481718149 0.2119577392211091
4.589612825733993 0.0008287444136136455 0.2239370869774775
4.617221562712357 0.0008730305840886573 0.2359037631283535
4.644996379572944 0.0009172537716270107 0.2478534205034369
4.672938275366425 0.0009613977883906941 0.2597816849468009
4.701048255153248 0.001005446362587705 0.271684159617102
4.729327330039782 0.001049383147177122 0.2835564273397992
4.757776517214689 0.001093191726770678 0.2953940524720459
4.786396839985513 0.001136855632063555 0.3071925848020698
4.815189327815487 0.001180358350825391 0.3189475625190812
4.844155016360561 0.001223683336576577 0.3306545145577158
4.873294947506656 0.001266814021306176 0.342308964034576
4.902610169407141 0.001309733827445714 0.3539064314836984
4.932101736520533 0.001352426177723118 0.3654424375192103
4.961770709648425 0.001394874508415808 0.3769125064164823
4.991618155973645 0.001437062281047268 0.3883121692726854
5.021645149098641 0.001478972992228384 0.3996369666660453
5.051852769084097 0.001520590188183706 0.4108824525810194
5.082242102487784 0.001561897477268629 0.4220441977905946
5.112814242403641 0.001602878538593349 0.433117792186588
5.1435702885011 0.001643517136024272 0.4440988485630041
5.174511347064628 0.001683797134444187 0.4549830070097339
5.205638531033534 0.001723702506399977 0.4657659367088515
5.23695296004199 0.001763217343570288 0.4764433390333203
5.26845576045931 0.001802325877234744 0.4870109530780309
5.300148065430462 0.001841012485064392 0.4974645574946636
5.332031014916829 0.001879261698948391 0.5077999726065591
5.364105755737212 0.001917058225486255 0.5180130659459754
5.39637344160908 0.001954386958704396 0.5280997556902599
5.42883523319007 0.001991232982947702 0.5380560114431876
5.461492298119737 0.002027581589028776 0.5478778585986874
5.494345811061548 0.002063418296054435 0.5575613842386354
5.52739695374514 0.002098728850829712 0.5671027369718079
5.560646915008824 0.002133499237705365 0.5764981295948026
5.594096890842349 0.002167715705183685 0.5857438462812583
5.627748084429916 0.002201364769097283 0.594836243440804
5.661601706193463 0.002234433214964361 0.6037717503554827
5.695658973836199 0.002266908121104848 0.6125468754260183
5.729921112386407 0.002298776873977835 0.6211582103161849
5.764389354241504 0.002330027162754545 0.6296024284863527
5.799064939212376 0.00236064699387354 0.6378762891264882
5.833949114567966 0.0023906247186751 0.6459766446233079
5.869043135080146 0.002419949025533727 0.6539004384343826
5.904348263068843 0.002448608944844747 0.6616447064355803
5.939865768447451 0.002476593878559908 0.6692065849019517
5.975596928768503 0.002503893602290135 0.6765833110759241
6.01154302926963 0.002530498259345461 0.6837722215568121
6.047705362919785 0.002556398382305623 0.6907707581294651
6.084085230465758 0.002581584912403665 0.6975764730019586
6.120683940478954 0.00260604918490072 0.7041870248536753
6.15750280940247 0.002629782938717902 0.7106001814379658
6.194543161598441 0.002652778347447685 0.716813827961808
6.231806329395683 0.002675028006508211 0.7228259636147417
6.269293653137611 0.00269652493049072 0.7286347008521111
6.307006481230453 0.002717262581211554 0.7342382729750659
6.344946170191752 0.002737234871279423 0.7396350350944819
6.383114084699157 0.002756436148503889 0.7448234599179385
6.421511597639515 0.002774861212001048 0.7498021421016743
6.460140090158249 0.002792505335111604 0.7545698044433378
6.499000951709037 0.002809364242860224 0.7591252917912235
6.538095580103793 0.00282543411432996 0.76346757168587
6.577425381562945 0.002840711612735583 0.7675957424862507
6.616991770766014 0.002855193871093024 0.7715090294974769
6.656796170902505 0.002868878480422807 0.7752067817832196
6.696840013723089 0.002881763512031236 0.7786884781863637
6.737124739591115 0.002893847523757117 0.7819537290169497
6.777651797534409 0.002905129535591523 0.7850022694643305
6.818422645297399 0.002915609037741206 0.7878339617760066
6.859438749393552 0.002925286014228818 0.7904488016346988
6.900701585158119 0.002934160915818511 0.7928469108425084
6.942212636801205 0.002942234654069296 0.7950285357140605
6.983973397461158 0.002949508625878442 0.7969940537084367
7.025985369258271 0.002955984700647266 0.7987439699612116
7.068250063348816 0.00296166519990943 0.8002789117797631
7.110768999979402 0.002966552910851671 0.8015996322967448
7.153543708541653 0.002970651094416194 0.802707012659451
7.196575727627224 0.002973963455096667 0.8036020538683196
7.239866605083138 0.002976494140345819 0.8042858766168568
7.28341789806747 0.002978247760454772 0.8047597266632802
7.327231173105349 0.002979229361381105 0.8050249674883242
7.37130800614531 0.002979444410957917 0.8050830765687547
7.41564998261598 0.002978898814551021 0.8049356496081398
7.460258697483103 0.002977598905003338 0.8045843978196987
7.505135755306914 0.002975551416395726 0.8040311408361507
7.550282770299852 0.002972763487913855 0.8032778077545923
7.59570136638462 0.002969242671160618 0.8023264391124034
7.641393177252606 0.002964996898517325 0.8011791783380446
7.687359846422636 0.002960034475051243 0.7998382695643763
7.733603027300095 0.002954364090780372 0.7983060609427522
7.780124383236402 0.002947994796869457 0.7965849982108849
7.826925587588838 0.002940935986354723 0.7946776194844293
7.874008323780734 0.002933197399738105 0.7925865567686134
7.921374285362025 0.00292478911691724 0.7903145337776203
7.969025176070168 0.002915721529334299 0.7878643584088563
8.016962709891423 0.002906005335561187 0.7852389215500157
8.065188611122505 0.002895651544395907 0.7824411979157579
8.113704614432605 0.002884671446316927 0.7794742383343205
8.162512464925786 0.002873076600413008 0.7763411662157955
8.211613918203758 0.002860878837292862 0.7730451783383553
8.26101074042902 0.002848090239839962 0.7695895396479626
8.310704708388393 0.002834723122382133 0.7659775776297335
8.360697609556926 0.002820790027442914 0.762212681430115
8.410991242162195 0.002806303717412729 0.7582982996063304
8.461587415248985 0.00279127714970431 0.7542379334130664
8.512487948744354 0.002775723467118434 0.7500351341991737
8.563694673523104 0.002759655994208388 0.7456935024253
8.615209431473632 0.002743088214884948 0.7412166816124764
8.667034075564182 0.002726033757885257 0.7366083544156262
8.719170469909495 0.002708506391172765 0.7318722411103591
8.771620489837867 0.002690520006260601 0.7270120953569503
8.824386021958594 0.002672088600273622 0.7220316993532826
8.877468964229841 0.002653226266979435 0.7169348614113162
8.930871226026907 0.002633947185753858 0.7117254129754194
8.984594728210904 0.002614265603397494 0.7064072037089784
9.038641403197854 0.002594195823003494 0.7009840984863286
9.09301319502819 0.002573752193447254 0.6954599745527398
9.147712059436689 0.00255294909358668 0.6898387172551307
9.202739963922818 0.002531800920245619 0.6841242167950408
9.258098887821502 0.002510322077002909 0.6783203651992933
9.313790822374321 0.002488526959921748 0.6724310524638913
9.369817770801134 0.002466429946185364 0.6664601634832338
9.426181748372137 0.002444045383370138 0.660411575151581
9.482884782480346 0.002421387574479275 0.6542891523189636
9.539928912714528 0.002398470767938446 0.6480967450878818
9.597316190932558 0.002375309148562792 0.6418381863724767
9.655048681335227 0.00235191682236797 0.6355172877942842
9.713128460540494 0.00232830780567747 0.6291378367388978
9.771557617658175 0.002304496018925319 0.6227035946813804
9.830338254365088 0.002280495273747074 0.6162182936980902
9.889472484980656 0.0022563192586796 0.6096856326025819
9.948962436542953 0.002231981535109925 0.6031092758509368
10.00881024888521 0.002207495528460099 0.5964928511598023
10.06901807471279 0.00218287451177674 0.5898399450720809
10.12958807968063 0.002158131601524064 0.5831541018201557
10.1905224424711 0.002133279753517 0.576438822226967
10.25182335487242 0.002108331746924452 0.5696975593834932
10.31349302185747 0.002083300175512545 0.5629337162825677
10.3755336616631 0.002058197449264216 0.556150646256512
10.43794750586993 0.002033035783407976 0.5493516500125699
10.50073679948262 0.002007827182385238 0.5425399713006805
10.56390380101059 0.001982583444570098 0.5357187981888204
10.62745078254932 0.001957316157823216 0.5288912618616081
10.69138002986203 0.001932036681308964 0.5220604317070699
10.7556938424619 0.001906756146514634 0.5152293155920427
10.82039453369479 0.001881485459903609 0.5084008605790935
10.88548443082247 0.001856235288771121 0.5015779491045698
10.95096587510631 0.00183101605286846 0.4947633967153545
11.01684122189147 0.001805837933595645 0.4879599545528421
11.08311284069168 0.001780710867344539 0.4811703075541642
11.14978311527443 0.001755644528910233 0.4743970699697393
11.21685444374672 0.001730648342049381 0.4676427882162656
11.28432923864131 0.001705731480497942 0.4609099411517286
11.35220992700354 0.001680902851652219 0.4542009356658126
11.42049895047856 0.001656171099303849 0.4475181074189312
11.48919876539923 0.001631544612769233 0.4408637233091121
11.55831184287442 0.001607031517094303 0.4342399788252027
11.62784066887791 0.001582639664359296 0.4276489956973121
11.69778774433782 0.001558376648353611 0.4210928258621403
11.76815558522656 0.001534249803030707 0.4145734510454722
11.83894672265132 0.001510266187548514 0.4080927787199098
11.91016370294514 0.00148643259877415 0.4016526454838041
11.98180908775847 0.001462755577747009 0.3952548188076604
12.05388545415131 0.001439241397740484 0.388900993808268
12.12639539468595 0.001415896066186917 0.3825927937688449
12.19934151752018 0.00139272533871923 0.3763317739332629
12.27272644650111 0.001369734714684559 0.3701194202937741
12.34655282125957 0.001346929428401383 0.3639571472285797
12.42082329730504 0.001324314466320116 0.3578463021388342
12.49554054612116 0.001301894570091497 0.3517881662777642
12.57070725526186 0.001279674225013714 0.3457839516289364
12.64632612844798 0.001257657672054904 0.3398348041548882
12.72239988566455 0.00123584891715736 0.3339418063112388
12.79893126325863 0.001214251724361292 0.3281059751886446
12.87592301403773 0.001192869624662325 0.3223282649062065
12.95337790736882 0.001171705916915999 0.3166095668558757
13.03129872927796 0.001150763666459291 0.3109507093299724
13.10968828255048 0.001130045723316877 0.3053524624407452
13.18854938683184 0.001109554719814837 0.2998155374755636
13.26788487872902 0.001089293074774493 0.2943405880301467
13.34769761191256 0.001069262993137336 0.2889282099072129
13.42799045721921 0.001049466472460562 0.2835789428716552
13.50876630275517 0.001029905315428505 0.2782932740312858
13.59002805400002 0.001010581127963041 0.2730716373262448
13.67177863391118 0.0009914953185522575 0.2679144133475976
13.7540209830291 0.0009726491140454682 0.2628219336053454
13.83675805958297 0.0009540435629528724 0.257794481420034
13.91999283959716 0.000935679530491762 0.2528322905841774
14.00372831699829 0.0009175577118745304 0.2479355489528439
14.08796750372286 0.0008996786404854624 0.243104400653126
14.17271342982564 0.0008820426847333413 0.2383389452336765
14.25796914358864 0.0008646500539147524 0.2336392392490456
14.34373771163077 0.0008475008104994197 0.2290052995793326
14.43002221901811 0.0008305948711296359 0.2244371037002444
14.51682576937491 0.0008139320059308103 0.2199345894967966
14.60415148499523 0.0007975118517806464 0.2154976588488115
14.69200250695523 0.0007813339171134811 0.2111261789291099
14.78038199522615 0.0007653975796442035 0.2068199815884859
14.86929312878798 0.0007497020958390726 0.2025788659148402
14.95873910574384 0.0007342466091079397 0.1984026004468204
15.04872314343496 0.0007190301496134504 0.1942909231222656
15.13924847855642 0.0007040516379319205 0.1902435422674202
15.2303183672736 0.000689309895397391 0.1862601393920272
15.3219360853393 0.0006748036467560837 0.1823403699065948
15.41410492821153 0.0006605315201098267 0.1784838631071096
15.50682821117208 0.0006464920566149539 0.1746902247958
15.60010926944577 0.0006326837154257058 0.1709590386169055
15.69395145832038 0.0006191048735891831 0.1672898660282907
15.7883581532674 0.0006057538321502462 0.1636822479510666
15.88333275006339 0.0005926288230210543 0.1601357066258248
15.97887866491215 0.0005797280104355491 0.156649746005658
16.07499933456759 0.0005670494933921246 0.1532238524161992
16.17169821645737 0.0005545913131643184 0.1498574965851046
16.26897878880723 0.0005423514562813905 0.1465501344474433
16.36684455076612 0.0005303278553888737 0.1433012073782284
16.46529902253208 0.0005185183954361838 0.1401101438643868
16.56434574547881 0.0005069209177981713 0.1369763606184539
16.66398828228309 0.000495533221470637 0.1338992629016167
16.76423021705294 0.0004843530668342999 0.130878245540785
16.86507515545651 0.0004733781804757251 0.1279126942312665
16.96652672485178 0.0004626062571450977 0.1250019860657813
17.06858857441703 0.0004520349617721569 0.1221454900791931
17.17126437528214 0.0004416619340782361 0.1193425684947391
17.27455782066058 0.0004314847910562085 0.1165925773941433
17.37847262598229 0.0004215011285118274 0.1138948671341051
17.48301252902732 0.0004117085245800025 0.1112487832964415
17.58818129006027 0.0004021045424977001 0.1086536674373592
17.69398269196554 0.0003926867322645935 0.1061088575361828
17.80042054038342 0.0003834526330792918 0.103613688653655
17.90749866384694 0.000374399776044751 0.1011674936629715
18.01522091391964 0.0003655256858878764 0.09876960371443973
18.12359116533404 0.000356827882900173 0.09641934875986655
18.23261331613107 0.0003483038852219577 0.09411605816978096
18.34229128780023 0.00033995121043929 0.09185906116494463
18.45262902542071 0.0003317673773673341 0.08964768729823869
18.56363049780323 0.0003237499079486438 0.08748126696760403
18.67529969763284 0.0003158963285685253 0.08535913177146862
18.78764064161249 0.0003082041715875953 0.08328061492286397
18.90065737060757 0.0003006709772114086 0.08124505175462185
19.0143539497912 0.0002932942944186507 0.07925177997018337
19.12873446879051 0.0002860716820886032 0.0773001399482544
19.24380304183367 0.0002790007109307554 0.07538947526421057
19.35956380789796 0.0002720789642599471 0.07351913289955063
19.47602093085858 0.0002653040386271742 0.0716884634123479
19.59317859963845 0.0002586735454833422 0.06989682138681735
19.71104102835891 0.0002521851123196936 0.06814356574147325
19.82961245649123 0.0002458363827316333 0.06642805974637554
19.94889714900919 0.0002396250175212501 0.06474967132104503
20.06889939654243 0.0002335486963950501 0.06310777349321209
20.18962351553079 0.0002276051176805744 0.0615017443222432
20.31107384837959 0.0002217919987947688 0.05993096702570029
20.4332547636158 0.0002161070780438426 0.05839483046568517
20.55617065604522 0.000210548114679567 0.05689272916405185
20.67982594691049 0.0002051128886699623 0.05542406324044357
20.80422508405019 0.0001997992020199225 0.05398823876914188
20.92937254205879 0.0001946048797150726 0.05258466803410886
21.05527282244758 0.0001895277688916137 0.05121276930466866
21.18193045380665 0.0001845657394245988 0.04987196699446724
21.30934999196772 0.0001797166855507269 0.04856169209997127
21.43753602016806 0.0001749785249999941 0.04728138196582979
21.5664931492153 0.0001703491988623573 0.04603048024884474
21.69622601765332 0.0001658266730989259 0.04480843732631401
21.82673929192908 0.0001614089384711486 0.04361471027689685
21.95803766656046 0.0001570940096599668 0.04244876264259796
22.09012586430514 0.0001528799261544891 0.04131006466889862
22.22300863633048 0.0001487647532509102 0.0401980935746769
22.35669076238438 0.0001447465807137341 0.03911233319045351
22.49117705096725 0.0001408235229101113 0.0380522739946915
22.62647233950495 0.0001369937203256628 0.03701741352339061
22.76258149452277 0.0001332553385492916 0.03600725609577077
22.89950941182054 0.0001296065676657525 0.035021312650137
23.03726101664865 0.0001260456234487005 0.03405910106625577
23.17584126388527 0.0001225707474250005 0.03312014618273238
23.31525513821456 0.0001191802055830775 0.0322039794479911
23.45550765430593 0.0001158722888524513 0.03131013904985137
23.59660385699449 0.0001126453141983916 0.03043817021131732
23.73854882146243 0.000109497623118722 0.02958762478439536
23.88134765342164 0.0001064275814076503 0.02875806118627831
24.02500548929732 0.0001034335804667213 0.02794904475358107
24.16952749641275 0.0001005140364795719 0.02716014751934928
24.31491887317515 9.766738945351222e-05 0.02639094795408249
24.46118484926266 9.489210405107078e-05 0.02564103119042804
24.60833068581249 9.218666991715265e-05 0.02490998911158333
24.7563616756101 8.954960018780601e-05 0.0241974199483459
24.90528314327963 8.697943162045041e-05 0.02350292831430273
25.05510044547539 8.447472571373575e-05 0.02282612550843012
25.20581897107455 8.203406730159439e-05 0.02216662913518903
25.357444141371 7.965606402705153e-05 0.02152406296234206
25.5099814102703 7.733934739417601e-05 0.02089805720520367
25.66343626448592 7.508257226829729e-05 0.02028824839159264
25.81781422373652 7.288441569676792e-05 0.01969427904318727
25.97312084094457 7.074357740224808e-05 0.0191157978088171
26.12936170243603 6.865878034763928e-05 0.01855245961711501
26.28654242814131 6.662876922290445e-05 0.01800392526763713
26.44466867179741 6.465231030539323e-05 0.01746986139312098
26.6037461211513 6.272819249467427e-05 0.01694994073911008
26.76378049816449 6.08552261779955e-05 0.01644384185738716
26.92477755921884 5.903224248360708e-05 0.0159512489042127
27.08674309532363 5.725809405062552e-05 0.0154718518483518
27.24968293232387 5.553165487535212e-05 0.01500534642954755
27.41360293110984 5.385181903257551e-05 0.01455143381300094
27.57850898782788 5.221750087966112e-05 0.01410982064451848
27.74440703409252 5.062763575964542e-05 0.01368021924049696
27.91130303719981 4.908117861202705e-05 0.01326234721254191
28.07920300034196 4.757710363037795e-05 0.01285592737494982
28.24811296282329 4.611440513114537e-05 0.01246068797946936
28.41803900027744 4.469209675799623e-05 0.01207636250030519
28.58898722488593 4.330921059430695e-05 0.01170268939430172
28.76096378559799 4.196479766483691e-05 0.01133941223650149
28.93397486835177 4.065792805746936e-05 0.01098627975304113
29.1080266962968 3.93876896581124e-05 0.01064304547930575
29.28312553001787 3.815318813342919e-05 0.01030946775526248
29.4592776677602 3.695354765133185e-05 0.009985309920146901
29.63648944565603 3.5787909720979e-05 0.009670339999015868
29.81476723795246 3.465543269899983e-05 0.009364330569323143
29.99411745724076 3.355529245557434e-05 0.00906705894090255
30.17454655468706 3.248668191209201e-05 0.008778307031037595
30.35606102026435 3.144881008606172e-05 0.008497861106384196
30.53866738298595 3.044090235547673e-05 0.008225511854405397
30.72237221114033 2.946220077522213e-05 0.007961054468868627
30.90718211252742 2.851196290534404e-05 0.007704288333229388
31.09310373469621 2.758946163094038e-05 0.007455016971963508
31.28014376518396 2.669398580900788e-05 0.007213048225353276
31.46830893175665 2.582483939316175e-05 0.006978194012975762
31.65760600265105 2.498134083420566e-05 0.00675027017172935
31.84804178681812 2.416282353992863e-05 0.006529096580076599
32.03962313416796 2.336863569621486e-05 0.006314497109705873
32.23235693581619 2.259813931359667e-05 0.006106299367898058
32.42625012433181 2.185071030047214e-05 0.005904334717310876
32.62130967398656 2.112573887591753e-05 0.005708438387525954
32.81754260100581 2.042262855903939e-05 0.005518449201959141
33.01495596382091 1.974079587476694e-05 0.005334209498361949
33.21355686332307 1.907967087378128e-05 0.005155565269312906
33.4133524431188 1.843869654367064e-05 0.004982366003104359
33.61434988978685 1.781732815459466e-05 0.004814464506932789
33.81655643313671 1.721503353239675e-05 0.004651716980697179
34.01997934646867 1.663129308884619e-05 0.004493983025170822
34.22462594683541 1.606559892963307e-05 0.004341125400970394
34.43050359530524 1.551745478940435e-05 0.0041930100110019
34.63761969722685 1.498637644985143e-05 0.004049506013433165
34.84598170249565 1.447189093644647e-05 0.003910485604641934
35.0555971058218 1.397353614788591e-05 0.003775823919086904
35.26647344699975 1.349086123263542e-05 0.003645399131054864
35.47861831117944 1.3023426250603e-05 0.003519092363240548
35.69203932913916 1.257080151329935e-05 0.003396787508449723
35.90674417756002 1.213256770404271e-05 0.003278371262080036
36.12274057930207 1.170831603736597e-05 0.003163733165194813
36.34003630368208 1.129764747479922e-05 0.003052765392617706
36.55863916675303 1.090017256917818e-05 0.002945362710862897
36.77855703158521 1.051551182502291e-05 0.002841422575513908
36.9997978085491 1.014329511674317e-05 0.002740844974015445
37.22236945559986 9.783161275361129e-06 0.002643532314000701
37.4462799785636 9.434758329896292e-06 0.002549389488516581
37.67153743142533 9.097743364377958e-06 0.002458323837386685
37.89814991661868 8.771781894455277e-06 0.002370244978763559
38.12612558531732 8.456547874165145e-06 0.002285064810957468
38.35547263772817 8.151723912122738e-06 0.002202697570853774
38.58619932338635 7.857000626069479e-06 0.002123059659503744
38.81831394145193 7.572076431601822e-06 0.002046069585036422
39.05182484100842 7.296657817615211e-06 0.001971648037087033
39.2867404213631 7.030458965096461e-06 0.001899717783789921
39.52306913234914 6.77320132692404e-06 0.00183020355823534
39.76081947462954 6.524613757168776e-06 0.00176303209340812
40.00000000000288 6.28443249520084e-06 0.001698132117893174
