##########################################################################################
#
# SZ signal computed with SZpack v1.1.1
# Runmode: CNSN-basis
#
# General parameters:
# xmin= 0.1 xmax= 40 np= 1000
# Dtau= 0.01
# Te= 21keV (The ~ 0.041096)
# betac= 0 muc= 1
# betao= 0 muo= 1
#
# Runmode specific parameters:
# eps= 0
# Te_order= 20 beta_order= 2
#
##########################################################################################
#
# Output format: x = (h nu/k T0) | x^3 Dn(x) | DI(x) in MJy/sr 
# Here a CMB temperature of T0 = 2.726 K is assumed.
#
##########################################################################################
0.1 -7.668933345622051e-06 -0.00207224153241009
0.1006015482792701 -7.761290966778238e-06 -0.002097197714680693
0.1012067151618632 -7.854758603681667e-06 -0.002122453837064138
0.1018155224154252 -7.949349546026482e-06 -0.002148013490601697
0.1024279919385451 -8.045077237362649e-06 -0.002173880307908407
0.1030441457615424 -8.141955277785227e-06 -0.002200057963899741
0.1036640060472596 -8.239997434974135e-06 -0.002226550178774697
0.1042875950918594 -8.339217638613092e-06 -0.00225336071650772
0.1049149353256267 -8.43962997877896e-06 -0.002280493384413483
0.1055460493137754 -8.541248716179959e-06 -0.002307952035913387
0.10618095975726 -8.644088283561592e-06 -0.00233574057091545
0.1068196894935924 -8.748163279682687e-06 -0.002363862934186565
0.1074622614976628 -8.853488475447553e-06 -0.002392323117009483
0.1081086988825668 -8.960078823249611e-06 -0.00242112515970758
0.1087590249004362 -9.067949448967011e-06 -0.002450273149481969
0.1094132629432757 -9.177115653364912e-06 -0.002479771220790417
0.1100714365438043 -9.287592924643985e-06 -0.002509623558738109
0.1107335693763015 -9.39939693439037e-06 -0.00253983439798327
0.1113996852574591 -9.512543534013568e-06 -0.002570408021774643
0.1120698081472377 -9.627048764795698e-06 -0.002601348764666924
0.1127439621497288 -9.742928862646911e-06 -0.002632661013805732
0.1134221715140214 -9.860200250181407e-06 -0.002664349206786451
0.1141044606350749 -9.978879541668216e-06 -0.002696417832991993
0.1147908540545956 -1.009898355546702e-05 -0.002728871436953112
0.1154813764619206 -1.022052930572588e-05 -0.002761714616105027
0.1161760526949047 -1.034353400214116e-05 -0.002794952020722546
0.1168749077408149 -1.046801506344914e-05 -0.002828588357565681
0.1175779667372284 -1.059399011595926e-05 -0.002862628389483292
0.118285254972937 -1.072147698769996e-05 -0.002897076933831239
0.118996797888857 -1.085049371776999e-05 -0.002931938864999213
0.119712621078944 -1.098105856501383e-05 -0.002967219116754944
0.1204327502911136 -1.111318999835439e-05 -0.003002922679631977
0.1211572114281675 -1.124690670028894e-05 -0.003039054601874312
0.1218860305487253 -1.138222758196566e-05 -0.003075619993510287
0.1226192338681618 -1.151917177569913e-05 -0.003112624024330155
0.12335684775955 -1.165775863258407e-05 -0.003150071923241299
0.1240988987546095 -1.1798007736312e-05 -0.003187968982001656
0.124845413544661 -1.193993890533084e-05 -0.003226320555803281
0.1255964189815867 -1.208357218447421e-05 -0.003265132061010462
0.1263519420787953 -1.222892785311407e-05 -0.003304408977362684
0.1271120100121947 -1.237602643806012e-05 -0.003344156851460189
0.1278766501211688 -1.252488870263171e-05 -0.003384381293811088
0.128645889909561 -1.267553564837244e-05 -0.003425087979294655
0.1294197570466637 -1.282798853207852e-05 -0.003466282651762603
0.1301982793682135 -1.298226886048578e-05 -0.003507971122603454
0.1309814848773924 -1.313839838520553e-05 -0.00355015926937414
0.1317694017458348 -1.329639911620452e-05 -0.003592853039442459
0.1325620583146414 -1.345629332853585e-05 -0.003636058451805853
0.1333594830953982 -1.361810355141151e-05 -0.003679781594138666
0.1341617047712022 -1.378185257470799e-05 -0.003724028624550041
0.1349687521976928 -1.394756346597756e-05 -0.00376880577618059
0.1357806544040905 -1.411525955921578e-05 -0.003814119354167226
0.13659744059424 -1.428496445430444e-05 -0.003859975735492638
0.1374191401476617 -1.445670203520913e-05 -0.003906381373902511
0.1382457826206078 -1.463049646824978e-05 -0.003953342799438186
0.1390773977471256 -1.480637219391598e-05 -0.004000866616225084
0.1399140154401271 -1.498435393932016e-05 -0.004048959505837683
0.140755665792465 -1.516446673022607e-05 -0.004097628230549781
0.1416023790780148 -1.534673587780964e-05 -0.004146879629757114
0.1424541857527642 -1.553118698315444e-05 -0.004196720621192078
0.1433111164559082 -1.571784595770878e-05 -0.004247158206451491
0.1441732020109516 -1.590673901328703e-05 -0.004298199468294844
0.1450404734268171 -1.609789265855757e-05 -0.00434985156969527
0.1459129618989614 -1.629133371756408e-05 -0.004402121758844264
0.1467906988104967 -1.648708933295976e-05 -0.004455017370025577
0.1476737157333199 -1.668518695442424e-05 -0.004508545820485337
0.148562044429248 -1.68856543494168e-05 -0.004562714613337709
0.1494557168511607 -1.708851962085045e-05 -0.004617531342340633
0.1503547651441497 -1.72938111922384e-05 -0.004673003687882232
0.151259221646675 -1.750155780973076e-05 -0.004729139417531147
0.152169118891728 -1.771178856505615e-05 -0.004785946392235643
0.1530844896080017 -1.792453288857907e-05 -0.00484343256444763
0.1540053667210681 -1.813982054213328e-05 -0.004901605976186152
0.1549317833545624 -1.835768163696383e-05 -0.004960474763885543
0.1558637728313743 -1.857814664314892e-05 -0.005020047160941334
0.156801368674847 -1.880124637460233e-05 -0.005080331493657724
0.1577446046099826 -1.902701199753482e-05 -0.005141336183533952
0.1586935145646554 -1.925547505353531e-05 -0.005203069753501124
0.1596481326708324 -1.948666744444678e-05 -0.005265540823835493
0.1606084932658007 -1.972062143127486e-05 -0.00532875811186354
0.1615746308934029 -1.995736965853422e-05 -0.005392730438540673
0.1625465803052792 -2.019694515223576e-05 -0.005457466727907355
0.1635243764621181 -2.043938130850037e-05 -0.00552297600401238
0.1645080545349132 -2.068471190998957e-05 -0.005589267395352648
0.1654976499062288 -2.093297114241729e-05 -0.005656350139334856
0.1664931981714723 -2.118419357651737e-05 -0.005724233577402881
0.1674947351401746 -2.143841417373443e-05 -0.005792927156575534
0.1685022968372784 -2.16956683137316e-05 -0.005862440436879488
0.1695159195044337 -2.195599178110071e-05 -0.005932783087758208
0.1705356396013016 -2.221942076022595e-05 -0.006003964886684045
0.1715614938068656 -2.248599185987874e-05 -0.006075995725804076
0.172593519020751 -2.275574211793886e-05 -0.006148885613215816
0.1736317523645521 -2.302870898545334e-05 -0.006222644668659727
0.1746762311831677 -2.330493034065724e-05 -0.00629728312730781
0.1757269930461439 -2.358444451294539e-05 -0.00637281134624107
0.1767840757490262 -2.386729026280123e-05 -0.00644923979902604
0.1778475173147181 -2.415350678410762e-05 -0.006526579076339178
0.1789173559948495 -2.444313373474374e-05 -0.006604839894234547
0.1799936302711521 -2.473621122754994e-05 -0.006684033091702397
0.1810763788568441 -2.503277982024509e-05 -0.006764169627944709
0.1821656406980222 -2.53328805390459e-05 -0.006845260588757423
0.1832614549750625 -2.563655489166263e-05 -0.006927317190042056
0.1843638611040305 -2.594384484685042e-05 -0.007010350772280201
0.1854728987380978 -2.62547928452532e-05 -0.007094372803463702
0.1865886077689693 -2.656944183036422e-05 -0.007179394887460552
0.1877110283283176 -2.688783522829277e-05 -0.007265428758547641
0.1888402007892269 -2.721001694579613e-05 -0.007352486280878933
0.1899761657676448 -2.753603140247878e-05 -0.007440579457186114
0.1911189641238435 -2.786592352845926e-05 -0.00752972042814814
0.1922686369638894 -2.819973874863791e-05 -0.007619921468140189
0.1934252256411219 -2.853752300409202e-05 -0.007711194991014894
0.1945887717576404 -2.887932277442608e-05 -0.007803553556141662
0.1957593171658014 -2.922518505339349e-05 -0.00789700986181935
0.1969369039697233 -2.957515735593739e-05 -0.007991576747178795
0.1981215745268011 -2.992928775470765e-05 -0.00808726720205015
0.19931337144923 -3.028762486250742e-05 -0.008184094362219731
0.2005123376055381 -3.065021782484085e-05 -0.008282071507416314
0.2017185161221286 -3.101711635213679e-05 -0.008381212070018388
0.2029319503848305 -3.138837072641534e-05 -0.008481529636855516
0.2041526840404598 -3.176403177953911e-05 -0.008583037943331588
0.205380760998389 -3.214415091120479e-05 -0.008685750878286351
0.2066162254321268 -3.252878012095333e-05 -0.008789682492644951
0.2078591217809067 -3.291797198128566e-05 -0.008894846992153479
0.2091094947512857 -3.331177964008911e-05 -0.009001258738034614
0.2103673893187526 -3.371025686084805e-05 -0.009108932257853038
0.2116328507293451 -3.411345801093426e-05 -0.009217882242351358
0.2129059245012778 -3.452143804753342e-05 -0.009328123541647252
0.2141866564265795 -3.493425254824579e-05 -0.009439671173502161
0.2154750925727398 -3.535195772864826e-05 -0.009552540328066789
0.2167712792843669 -3.577461041467176e-05 -0.009666746360417111
0.2180752631848539 -3.620226805619878e-05 -0.009782304794228607
0.2193870911780562 -3.663498876790712e-05 -0.009899231332812748
0.2207068104499787 -3.707283130245279e-05 -0.01001754185187068
0.2220344684704725 -3.751585504709263e-05 -0.01013725239858062
0.2233701129949433 -3.796412006555e-05 -0.01025837920291049
0.2247137920660681 -3.841768709527428e-05 -0.01038093867687737
0.2260655540155243 -3.887661752590845e-05 -0.01050494740872922
0.2274254474657272 -3.934097342661529e-05 -0.01063042217032873
0.2287935213315797 -3.98108175757279e-05 -0.01075737992516524
0.2301698248222314 -4.028621342813967e-05 -0.01088583781954315
0.2315544074428487 -4.076722512371191e-05 -0.01101581318485374
0.2329473189963953 -4.125391753485426e-05 -0.01114732355043199
0.2343486095854241 -4.174635624353509e-05 -0.01128038663734451
0.2357583296138787 -4.224460753056466e-05 -0.01141502035549371
0.237176529788907 -4.274873841698547e-05 -0.01155124281480198
0.2386032611226849 -4.325881667312539e-05 -0.01168907232765802
0.2400385749342508 -4.377491078924928e-05 -0.01182852740098642
0.2414825228513524 -4.429708999808623e-05 -0.01196962674233494
0.2429351568123028 -4.48254243166698e-05 -0.01211238927118017
0.2443965290678495 -4.535998451074268e-05 -0.01225683410930924
0.2458666921830531 -4.590084209692246e-05 -0.01240298058140508
0.2473456990391787 -4.644806939442595e-05 -0.01255084822902294
0.2488336028355976 -4.700173950994842e-05 -0.01270045680650457
0.250330457091701 -4.756192631823155e-05 -0.01285182627572746
0.2518363156488252 -4.812870450078151e-05 -0.01300497681656694
0.2533512326721881 -4.870214956890814e-05 -0.01315992883312164
0.2548752626528374 -4.928233782690137e-05 -0.01331670294376332
0.2564084604096108 -4.986934638852233e-05 -0.01347531998559296
0.2579508810911079 -5.04632532295888e-05 -0.01363580102865001
0.2595025801776736 -5.106413715286892e-05 -0.01379816736642623
0.261063613483394 -5.167207778248705e-05 -0.01396244051435409
0.2626340371581039 -5.228715561701055e-05 -0.01412864222415146
0.2642139076894062 -5.290945202604546e-05 -0.01429679448290175
0.2658032819047042 -5.353904922116276e-05 -0.01446691950519781
0.2674022169732455 -5.41760302897979e-05 -0.014639039742302
0.2690107704081783 -5.482047923342377e-05 -0.01481317789246101
0.2706290000686201 -5.547248092458713e-05 -0.01498935688929655
0.2722569641617388 -5.613212111638046e-05 -0.0151675999043648
0.2738947212448469 -5.679948650272678e-05 -0.01534793036344608
0.2755423302275071 -5.747466468860835e-05 -0.01553037193850029
0.2771998503736515 -5.815774417483607e-05 -0.01571494854355144
0.2788673413037137 -5.884881440964462e-05 -0.01590168434862923
0.2805448629967726 -5.954796580029232e-05 -0.01609060378290356
0.2822324757927104 -6.025528967410037e-05 -0.01628173152415678
0.283930240394383 -6.097087830561372e-05 -0.01647509250612293
0.285638217869803 -6.16948249695212e-05 -0.01667071193278742
0.2873564696543368 -6.24272238943198e-05 -0.01686861526586654
0.2890850575529139 -6.316817026346284e-05 -0.01706882822511767
0.2908240437422505 -6.391776027975169e-05 -0.01727137680573879
0.2925734907730859 -6.467609114586271e-05 -0.01747628727310657
0.294333461572432 -6.544326103792678e-05 -0.01768358615563725
0.2961040194458372 -6.621936915276064e-05 -0.01789330025754913
0.2978852280796634 -6.700451573674534e-05 -0.0181054566666659
0.2996771515433765 -6.779880203767624e-05 -0.01832008274140588
0.3014798542918515 -6.860233032370461e-05 -0.0185372061159003
0.3032934011676903 -6.941520394854596e-05 -0.01875685471761342
0.3051178574035545 -7.023752730633825e-05 -0.01897905675514461
0.3069532886245115 -7.106940582262962e-05 -0.01920384071579316
0.3087997608503953 -7.191094601911616e-05 -0.01943123538305122
0.3106573404981812 -7.276225550892908e-05 -0.01966126983533033
0.3125260943843745 -7.362344295814709e-05 -0.0198939734355616
0.3144060897274139 -7.449461812594998e-05 -0.02012937584204568
0.3162973941500897 -7.537589191150481e-05 -0.02036750702112204
0.3182000756819758 -7.626737629861486e-05 -0.02060839723221237
0.3201142027618771 -7.716918436530149e-05 -0.02085207703040977
0.3220398442402905 -7.808143035690034e-05 -0.02109857728623022
0.3239770693818822 -7.900422964810307e-05 -0.02134792917535578
0.3259259478679787 -7.99376987216597e-05 -0.02160016417287975
0.3278865497990735 -8.088195522970119e-05 -0.02185531406987672
0.3298589456973481 -8.183711800723426e-05 -0.0221134109770491
0.3318432065092091 -8.280330702166304e-05 -0.02237448731108722
0.3338394036078401 -8.378064340355134e-05 -0.02263857580298166
0.3358476087957689 -8.476924951012044e-05 -0.02290570951518118
0.3378678943074497 -8.576924886643042e-05 -0.02317592182569916
0.3399003328118625 -8.678076616410646e-05 -0.02344924642776942
0.3419449974151257 -8.780392733738177e-05 -0.023725717350394
0.3440019616631268 -8.883885953804185e-05 -0.02400536895157276
0.3460712995441669 -8.988569110031255e-05 -0.02428823590881572
0.3481530854916227 -9.094455159511777e-05 -0.0245743532338041
0.3502473943866234 -9.201557186360963e-05 -0.02486375628145073
0.3523543015607447 -9.30988839560208e-05 -0.02515648073337702
0.3544738827987177 -9.419462115139043e-05 -0.02545256260324328
0.3566062143411555 -9.530291803358656e-05 -0.02575203825729086
0.3587513728872951 -9.642391043477261e-05 -0.0260549443990661
0.3609094355977566 -9.755773542126212e-05 -0.02636131806559812
0.3630804800973185 -9.870453136750261e-05 -0.02667119664739016
0.3652645844777097 -9.986443794855439e-05 -0.0269846178863873
0.3674618273004187 -0.0001010375960906477 -0.02730161986261632
0.369672287599519 -0.0001022241480150971 -0.02762224100605198
0.3718960448845125 -0.0001034242372914342 -0.02794652011097409
0.374133179143189 -0.0001046380087684999 -0.02827449631734783
0.3763837708445035 -0.000105865608581964 -0.02860620911285563
0.3786479009414707 -0.0001071071842365802 -0.02894169835512343
0.3809256508740766 -0.0001083628845588483 -0.02928100425892947
0.3832171025722083 -0.0001096328596679288 -0.02962416738834511
0.3855223384586003 -0.0001109172610427469 -0.02997122867486707
0.3878414414518001 -0.0001122162415348464 -0.03032222942089072
0.3901744949691499 -0.0001135299553054127 -0.03067721128269302
0.3925215829297878 -0.0001148585578562677 -0.03103621627880756
0.3948827897576659 -0.0001162022060992883 -0.03139928680878246
0.3972582003845871 -0.0001175610582845986 -0.03176646563377689
0.3996479002532602 -0.0001189352739944218 -0.03213779587489991
0.402051975320373 -0.0001203250142248518 -0.03251332103530597
0.4044705120596843 -0.000121730441353595 -0.03289308499147859
0.4069035974651345 -0.0001231517190948942 -0.03327713198105003
0.4093513190539743 -0.00012458901255531 -0.03366550661787425
0.4118137648699132 -0.0001260424882672804 -0.03405825390109501
0.4142910234862858 -0.0001275123141149548 -0.0344554191951055
0.4167831840092382 -0.0001289986593506933 -0.0348570482340064
0.4192903360809331 -0.0001305016946741748 -0.03526318714298203
0.4218125698827739 -0.0001320215921644214 -0.03567388241993248
0.4243499761386489 -0.0001335585252582242 -0.03608918092964401
0.4269026461181943 -0.0001351126688249695 -0.03650912992400786
0.429470671640077 -0.0001366841991530922 -0.0369337770383601
0.4320541450752978 -0.0001382732938895296 -0.03736317027512093
0.4346531593505136 -0.000139880132080585 -0.03779735801483686
0.43726780795138 -0.000141504894223114 -0.03823638903001166
0.4398981849259138 -0.000143147762183389 -0.0386803124631826
0.4425443848878763 -0.000144808919198276 -0.03912917782723852
0.4452065030201759 -0.000146488549955135 -0.03958303502700978
0.4478846350782926 -0.0001481868405347147 -0.04004193434383783
0.4505788773937215 -0.000149903978372853 -0.04050592642522612
0.4532893268774382 -0.000151640152322464 -0.04097506230158972
0.4560160810233846 -0.0001533955526593572 -0.04144939338782784
0.458759237911976 -0.0001551703710084346 -0.04192897146338138
0.4615188962136283 -0.0001569648003671812 -0.0424138486785802
0.464295155192308 -0.0001587790351678152 -0.04290407757143709
0.4670881147091019 -0.0001606132711950949 -0.04339971104543798
0.4698978752258099 -0.0001624677055713228 -0.04390080236548994
0.4727245378085577 -0.0001643425368282156 -0.04440740517734145
0.4755682041314329 -0.0001662379648651202 -0.04491957349629163
0.4784289764801414 -0.0001681541908944391 -0.04543736169244367
0.4813069577556875 -0.0001700914174858795 -0.04596082450266144
0.4842022514780743 -0.0001720498485883286 -0.04649001703648045
0.487114961790028 -0.0001740296894468605 -0.04702499475368207
0.4900451934607434 -0.0001760311466079395 -0.04756581346569957
0.4929930518896525 -0.0001780544279821642 -0.04811252935257237
0.4959586431102161 -0.000180099742767943 -0.04866519894232216
0.4989420737937372 -0.0001821673014197813 -0.04922387910238364
0.5019434512531983 -0.0001842573157041263 -0.04978862705469473
0.504962883447121 -0.000186369998673382 -0.05035950036867474
0.5080004789834501 -0.0001885055645977181 -0.05093655694279861
0.5110563471234592 -0.0001906642289882367 -0.05151985501085666
0.5141305977856812 -0.0001928462086269639 -0.05210945315005877
0.5172233415498623 -0.0001950517214804658 -0.05270541025769225
0.520334689660939 -0.0001972809866870263 -0.05330778554765726
0.52346475403304 -0.0001995342246078862 -0.05391663856431216
0.5266136472535116 -0.0002018116567619425 -0.05453202916482841
0.5297814825869668 -0.0002041135057782838 -0.05515401750636522
0.5329683739793606 -0.0002064399954294903 -0.05578266405506741
0.5361744360620875 -0.0002087913506168281 -0.05641802958206484
0.5393997841561053 -0.0002111677972933295 -0.05706017514268773
0.5426445342760833 -0.0002135695624645365 -0.0577091620766676
0.5459088031345746 -0.0002159968742143149 -0.05836505201511246
0.5491927081462149 -0.0002184499616215659 -0.05902790685800137
0.5524963674319456 -0.0002209290547304053 -0.05969778876612635
0.5558198998232626 -0.0002234343845788387 -0.06037476016884094
0.5591634248664905 -0.0002259661831444459 -0.06105888374938327
0.5625270628270829 -0.0002285246832849549 -0.06175022242881859
0.565910934693948 -0.0002311101187445908 -0.06244883936775467
0.5693151621838011 -0.000233722724139952 -0.06315479796252543
0.5727398677455418 -0.0002363627348810826 -0.06386816182386382
0.5761851745646592 -0.0002390303871507601 -0.06458899477130488
0.5796512065676627 -0.000241725917910638 -0.06531736083484573
0.5831380884265391 -0.0002444495648260139 -0.06605332423461691
0.5866459455632378 -0.0002472015662216813 -0.06679694936895297
0.5901749041541815 -0.000249982161079169 -0.06754830081364657
0.5937250911348052 -0.000252791588986466 -0.06830744330836341
0.5972966342041217 -0.0002556300900734733 -0.06907444173920069
0.6008896618293151 -0.0002584979049898485 -0.06984936113270021
0.6045043032503616 -0.0002613952748751267 -0.07063226664777492
0.6081406884846782 -0.0002643224412853618 -0.07142322355588622
0.6117989483317994 -0.0002672796461538648 -0.07222229723043519
0.6154792143780822 -0.0002702671317620509 -0.07302955313888494
0.619181619001439 -0.0002732851406717056 -0.07384505682445816
0.6229062953760992 -0.0002763339156724815 -0.07466887389195009
0.6266533774773996 -0.0002794136997418733 -0.07550106999691321
0.6304230000866031 -0.0002825247359840556 -0.07634171082913058
0.6342152987957473 -0.0002856672675696597 -0.0771908620963426
0.6380304100125211 -0.0002888415376868813 -0.07804858951103578
0.6418684709651717 -0.0002920477894750399 -0.07891495877248975
0.6457296197074404 -0.0002952862659623128 -0.07979003554995211
0.6496139951235281 -0.0002985572100132618 -0.08067388546845945
0.6535217369330918 -0.0003018608642520268 -0.08156657408808339
0.6574529856962692 -0.0003051974709919096 -0.08246816688490329
0.6614078828187353 -0.0003085672721848097 -0.08337872923734294
0.6653865705567885 -0.0003119705093423679 -0.0842983264048629
0.6693891920224675 -0.0003154074234407459 -0.08522702350223048
0.673415891188699 -0.0003188782548753787 -0.08616488548729342
0.6774668128944764 -0.0003223832433904536 -0.08711197714192424
0.6815421028500694 -0.0003259226279542702 -0.08806836303834084
0.6856419076422656 -0.0003294966467068764 -0.08903410752495723
0.6897663747396426 -0.0003331055369039329 -0.09000927471121493
0.693915652497873 -0.000336749534784529 -0.0909939284318652
0.6980898901650602 -0.0003404288754768161 -0.09198813222146995
0.702289237887107 -0.0003441437929636165 -0.09299194930510898
0.7065138467131162 -0.0003478945199681485 -0.09400544256750122
0.7107638686008243 -0.0003516812877949918 -0.0950286745100319
0.7150394564220665 -0.0003555043263086181 -0.09606170724495094
0.7193407639682761 -0.0003593638638497793 -0.09710460247278024
0.7236679459560159 -0.0003632601270351029 -0.09815742142816171
0.728021158032544 -0.0003671933407009855 -0.09922022486469669
0.7324005567814114 -0.000371163727859424 -0.1002930730430109
0.736806299728095 -0.0003751715095089157 -0.1013760256796574
0.7412385453456634 -0.0003792169044832263 -0.1024691419062517
0.7456974530604773 -0.000383300129449787 -0.1035724802690387
0.7501831832579239 -0.0003874213987686601 -0.1046860986907833
0.754695897288186 -0.0003915809242376903 -0.1058100544019074
0.7592357574720454 -0.0003957789150959899 -0.1069444039414314
0.7638029271067222 -0.0004000155779411553 -0.108089203134605
0.7683975704717476 -0.0004042911164425951 -0.1092445070154452
0.7730198528348741 -0.000408605731252548 -0.1104103698026919
0.7776699404580188 -0.0004129596199955608 -0.1115868448969648
0.7823480006032453 -0.0004173529770285123 -0.1127739848159192
0.7870542015387785 -0.0004217859931896418 -0.1139718411264297
0.7917887125450584 -0.000426258855845378 -0.1151804644572445
0.7965517039208285 -0.0004307717487357887 -0.1163999044572239
0.8013433469892614 -0.0004353248515976529 -0.1176302096934895
0.8061638141041211 -0.0004399183401775988 -0.1188714276549742
0.8110132786559631 -0.000444552386172653 -0.1201236047363582
0.8158919150783704 -0.0004492271568560325 -0.1213867861369532
0.8207998988542287 -0.0004539428149097252 -0.1226610158154631
0.8257374065220374 -0.0004586995184736476 -0.1239463365032678
0.8307046156822607 -0.0004634974208690975 -0.125242789629696
0.8357017050037151 -0.0004683366702002644 -0.1265504152143487
0.8407288542299962 -0.0004732174094576784 -0.1278692518950524
0.8457862441859444 -0.0004781397763692604 -0.1291993368876106
0.8508740567841485 -0.0004831039028869308 -0.1305407058470797
0.8559924750314897 -0.0004881099151716904 -0.1318933928637371
0.8611416830357236 -0.0004931579335896918 -0.13325743046202
0.8663218660121029 -0.0004982480722604764 -0.1346328494784531
0.8715332102900397 -0.0005033804387509194 -0.136019678978949
0.8767759033198074 -0.0005085551342106481 -0.1374179462953999
0.882050133679283 -0.0005137722530809074 -0.1388276769470092
0.8873560910807308 -0.0005190318825056654 -0.1402488944811649
0.8926939663776258 -0.0005243341024817705 -0.1416816205140143
0.8980639515715189 -0.0005296789857448758 -0.1431258746996389
0.9034662398189428 -0.0005350665971193581 -0.1445816745543945
0.9089010254383604 -0.0005404969934149026 -0.1460490354289674
0.9143685039171535 -0.0005459702235175324 -0.1475279705329713
0.9198688719186553 -0.0005514863278829712 -0.1490184907980478
0.9254023272892237 -0.0005570453380230401 -0.1505206047390845
0.9309690690653579 -0.0005626472767477931 -0.1520343185196426
0.9365692974808579 -0.0005682921578874481 -0.1535596358768197
0.9422032139740265 -0.00057397998548992 -0.1550965579044129
0.9478710211949153 -0.0005797107539757172 -0.156645083094774
0.9535729230126136 -0.0005854844481028537 -0.158205207329328
0.9593091245225821 -0.0005913010421964239 -0.1597769236703949
0.9650798320540293 -0.0005971604998755951 -0.1613602222874196
0.9708852531773335 -0.0006030627742818895 -0.1629550905186563
0.9767255967115094 -0.000609007807552783 -0.1645615127289286
0.9826010727317186 -0.0006149955300345579 -0.1661794700969325
0.9885118925768263 -0.0006210258606336563 -0.1678089407101761
0.9944582688570029 -0.0006270987065886178 -0.1694498995033548
1.000440415461372 -0.0006332139624563165 -0.1711023179844195
1.006458547565703 -0.0006393715101950906 -0.1727661642570397
1.012512881640152 -0.0006455712192656873 -0.1744414030478794
1.018603635457047 -0.0006518129457754769 -0.1761279954753537
1.024731028098722 -0.0006580965319413894 -0.1778258989045072
1.030895279965397 -0.000664421806492974 -0.1795350670559259
1.037096612783106 -0.0006707885841710361 -0.1812554498702626
1.043335249611672 -0.0006771966646226137 -0.1829869932096456
1.04961141485273 -0.0006836458328291059 -0.1847296389733646
1.055925334257799 -0.0006901358589816214 -0.1864833250641882
1.062277234936404 -0.0006966664972835378 -0.1882479850648003
1.068667345364243 -0.000703237485857446 -0.1900235482126555
1.075095895391404 -0.0007098485470448867 -0.1918099394809718
1.081563116250635 -0.0007164993865191756 -0.1936070793390046
1.088069240565661 -0.0007231896923906237 -0.195414883510266
1.094614502359551 -0.0007299191358054207 -0.1972332631343511
1.101199137063137 -0.0007366873705194418 -0.1990621246517747
1.107823381523478 -0.00074349403147623 -0.2009013694197244
1.114487474012384 -0.000750338735226409 -0.2027508938253917
1.121191654234987 -0.000757221079981414 -0.2046105893004904
1.127936163338358 -0.000764140644286575 -0.2064803419627068
1.134721243920186 -0.0007710969866291542 -0.2083600325097872
1.141547140037501 -0.000778089645996179 -0.2102495363702709
1.148414097215454 -0.0007851181410256146 -0.2121487234741266
1.155322362456149 -0.0007921819686834143 -0.2140574578952747
1.162272184247527 -0.0007992806050441697 -0.2159755980625291
1.169263812572304 -0.0008064135050027577 -0.21790299668168
1.176297498916961 -0.0008135801005819575 -0.2198395002781915
1.183373496280794 -0.0008207798012138122 -0.2217849492732288
1.19049205918501 -0.0008280119940589637 -0.2237391780699464
1.197653443681885 -0.000835276042631383 -0.225702014681873
1.204857907363973 -0.0008425712859844694 -0.2276732805129855
1.212105709373372 -0.0008498970395695628 -0.2296527905896898
1.219397110411042 -0.0008572525945037807 -0.2316403533629811
1.22673237274619 -0.0008646372158022931 -0.2336357702307822
1.234111760225694 -0.0008720501432689984 -0.2356388357786162
1.241535538283603 -0.0008794905914305384 -0.2376493377617752
1.249003973950675 -0.0008869577476596704 -0.2396670565982331
1.256517335863991 -0.0008944507721664847 -0.2416917653662721
1.264075894276612 -0.0009019687986672632 -0.2437232299852164
1.271679921067302 -0.0009095109330650103 -0.2457612088588954
1.279329689750306 -0.0009170762521182145 -0.2478054525159266
1.287025475485191 -0.0009246638046079745 -0.2498557039250875
1.294767555086741 -0.0009322726108011053 -0.2519116983502399
1.302556207034913 -0.0009399016603053726 -0.2539731627707881
1.310391711484858 -0.0009475499129248121 -0.2560398161127961
1.318274350276994 -0.0009552162989243321 -0.2581113693204872
1.326204406947145 -0.0009628997170907845 -0.2601875248323207
1.334182166736741 -0.0009705990342833092 -0.2622679764594896
1.342207916603075 -0.0009783130865161317 -0.2643524096785058
1.350281945229628 -0.0009860406778122931 -0.2664405013214639
1.358404543036452 -0.0009937805783229855 -0.2685319190678621
1.366576002190616 -0.001001531525752843 -0.2706263218297335
1.374796616616712 -0.001009292225108695 -0.2727233596837558
1.383066682007434 -0.001017061346314335 -0.2748226732267333
1.391386495834208 -0.001024837524847155 -0.2769238937476215
1.399756357357896 -0.001032619362441484 -0.2790266434175798
1.408176567639557 -0.00104040542523902 -0.281130534790194
1.416647429551278 -0.001048194242784275 -0.2832351705300333
1.425169247787069 -0.001055984309546297 -0.285340143823839
1.433742328873819 -0.001063774084060972 -0.2874450381487628
1.442366981182327 -0.001071561986572969 -0.2895494266351921
1.45104351493839 -0.00107934640058894 -0.2916528724864431
1.459772242233963 -0.001087125673021467 -0.293754929017658
1.468553477038385 -0.001094898111749246 -0.2958551389965348
1.477387535209671 -0.001102661985859054 -0.2979530347087112
1.486274734505876 -0.001110415526868756 -0.3000481382882358
1.495215394596523 -0.001118156927134596 -0.3021399612871986
1.504209837074101 -0.001125884338258152 -0.3042280042452695
1.513258385465633 -0.001133595873011508 -0.3063117572099044
1.522361365244312 -0.001141289604867925 -0.3083906996095272
1.531519103841213 -0.001148963565367029 -0.3104642995415693
1.540731930657063 -0.001156615745588538 -0.3125320141706905
1.550000177074097 -0.001164244096811025 -0.3145932899067839
1.55932417646797 -0.001171846528235957 -0.3166475617899836
1.568704264219756 -0.001179420906712746 -0.3186942534163694
1.578140777728008 -0.001186965058510848 -0.3207327774168102
1.587634056420891 -0.001194476768145227 -0.3227625351395909
1.597184441768398 -0.001201953776286793 -0.3247829160857843
1.606792277294626 -0.001209393781974286 -0.3267932985069317
1.616457908590138 -0.001216794442631097 -0.3287930494095879
1.626181683324388 -0.001224153371433472 -0.3307815238441761
1.635963951258232 -0.001231468138501198 -0.3327580652267271
1.645805064256506 -0.001238736272155296 -0.3347220056787232
1.655705376300682 -0.001245955257035912 -0.3366726655185289
1.665665243501602 -0.001253122533295911 -0.3386093530434904
1.675685024112287 -0.001260235498877826 -0.3405313651451946
1.685765078540822 -0.001267291508885918 -0.3424379871397926
1.695905769363321 -0.001274287873251196 -0.3443284921370591
1.70610746133697 -0.001281221859030976 -0.3462021416617619
1.716370521413142 -0.001288090691004533 -0.3480581858146135
1.726695318750602 -0.00129489154935787 -0.3498958626466684
1.737082224728785 -0.001301621570468514 -0.3517143983713837
1.747531612961148 -0.001308277848772207 -0.3535130078690222
1.758043859308618 -0.001314857435484222 -0.3552908943411369
1.768619341893104 -0.001321357337405265 -0.3570472489879101
1.779258441111101 -0.001327774519571953 -0.3587812517243459
1.789961539647373 -0.001334105905252839 -0.360492071179196
1.800729022488719 -0.001340348373764749 -0.3621788641049066
1.811561276937818 -0.001346498762628235 -0.3638407759600494
1.822458692627162 -0.001352553868798878 -0.3654769412420337
1.83342166153307 -0.001358510446973964 -0.3670864830295505
1.844450577989788 -0.001364365209996466 -0.368668513091733
1.855545838703674 -0.001370114831241255 -0.37022213253294
1.866707842767465 -0.001375755944090544 -0.3717464316510152
1.877936991674634 -0.001381285140682958 -0.3732404895992698
1.88923368933383 -0.001386698974724225 -0.3747033751459664
1.90059834208341 -0.001391993962142706 -0.376134146851451
1.912031358706049 -0.001397166579493233 -0.3775318526368515
1.923533150443451 -0.001402213265839649 -0.3788955302927618
1.935104131011135 -0.00140713042457655 -0.3802242079715002
1.946744716613318 -0.001411914422610299 -0.3815169039658084
1.958455325957888 -0.001416561590609384 -0.3827726267765026
1.970236380271462 -0.001421068225712276 -0.3839903758441695
1.982088303314539 -0.001425430591813597 -0.3851691416264924
1.994011521396743 -0.001429644918756948 -0.3863079053801444
2.006006463392153 -0.001433707405062699 -0.3874056398978699
2.018073560754737 -0.001437614219212108 -0.3884613098554701
2.030213247533863 -0.00144136149902954 -0.3894738716448717
2.042425960389917 -0.001444945353365463 -0.3904422738288921
2.05471213861001 -0.001448361864324036 -0.3913654577431624
2.067072224123773 -0.001451607087463053 -0.3922423575501542
2.079506661519261 -0.001454677052342147 -0.3930719003873117
2.092015898058938 -0.00145756776526587 -0.3938530071082657
2.104600383695769 -0.001460275210327038 -0.3945845925647585
2.117260571089404 -0.001462795349610494 -0.3952655656617039
2.129996915622458 -0.001465124125689475 -0.3958948300317356
2.142809875416892 -0.001467257463385085 -0.3964712845106395
2.155699911350493 -0.001469191270398949 -0.3969938233083046
2.16866748707345 -0.001470921439128452 -0.397461336499223
2.181713069025031 -0.00147244384897355 -0.3978727106458199
2.194837126450363 -0.001473754367546852 -0.3982268291254309
2.208040131417308 -0.001474848852148605 -0.3985225725288641
2.221322558833443 -0.001475723152238667 -0.3987588193283554
2.234684886463145 -0.001476373111070106 -0.3989344463189897
2.248127594944775 -0.001476794567365681 -0.3990483290717043
2.261651167807962 -0.001476983357693296 -0.3990993425751697
2.275256091491004 -0.001476935318363872 -0.3990863617486147
2.288942855358358 -0.001476646287399653 -0.3990082619736896
2.302711951718243 -0.00147611210707486 -0.3988639197809824
2.316563875840352 -0.001475328625870544 -0.3986522133782436
2.330499125973664 -0.001474291700509522 -0.3983720232002516
2.344518203364364 -0.001472997199025377 -0.3980222327380951
2.358621612273878 -0.001471441002778499 -0.3976017290839327
2.372809859997005 -0.001469619008352697 -0.3971094034434809
2.387083456880169 -0.001467527130943364 -0.3965441520515378
2.401442916339774 -0.001465161307046277 -0.3959048768985325
2.415888754880671 -0.001462517495977981 -0.3951904861413488
2.430421492114737 -0.001459591683024322 -0.3943998949541015
2.445041650779565 -0.001456379883476117 -0.3935320266186222
2.459749756757268 -0.001452878143789402 -0.3925858128379743
2.474546339093393 -0.001449082544091147 -0.391560194413527
2.489431930015952 -0.001444989203317768 -0.3904541226334475
2.504407064954564 -0.001440594280901071 -0.3892665597282622
2.519472282559719 -0.001435893978384462 -0.3879964793075779
2.534628124722145 -0.001430884544456755 -0.3866428677202787
2.549875136592308 -0.001425562278682755 -0.3852047250625771
2.565213866600017 -0.001419923532017017 -0.383681065316838
2.580644866474148 -0.001413964710721984 -0.3820709174103073
2.596168691262497 -0.001407682282646909 -0.3803733269117563
2.611785899351737 -0.001401072777307234 -0.3785873560529301
2.627497052487508 -0.001394132788323866 -0.3767120843876713
2.64330271579462 -0.001386858980729084 -0.3747466107660662
2.659203457797384 -0.001379248092845667 -0.3726900538422097
2.675199850440056 -0.001371296936879167 -0.370541552234244
2.691292469107416 -0.001363002405180992 -0.368300266216722
2.707481892645458 -0.001354361475901615 -0.3659653792481757
2.723768703382218 -0.001345371211883382 -0.363536097671938
2.740153487148712 -0.001336028764726187 -0.3610116518147395
2.756636833300016 -0.001326331383730679 -0.358391298403275
2.77321933473646 -0.001316276414989433 -0.355674320318625
2.789901587924954 -0.001305861303001405 -0.3528600270325041
2.806684192920446 -0.001295083599785624 -0.3499477570698918
2.823567753387507 -0.001283940967794587 -0.3469368787962697
2.840552876622036 -0.001272431178649685 -0.3438267900759179
2.857640173573115 -0.00126055211988415 -0.3406169200939426
2.874830258864976 -0.001248301803286521 -0.3373067316107853
2.892123750819116 -0.001235678361765172 -0.3338957201149791
2.909521271476531 -0.001222680052795378 -0.3303834147545886
2.927023446620097 -0.001209305269827923 -0.326769381419959
2.944630905797074 -0.001195552541010502 -0.3230532223982218
2.962344282341753 -0.001181420529020311 -0.3192345763280602
2.980164213398238 -0.001166908041167207 -0.3153131209297071
2.998091339943359 -0.001152014034282006 -0.3112885743258259
3.016126306809736 -0.001136737610854358 -0.3071606939979147
3.034269762708964 -0.001121078025273058 -0.3029292784725177
3.052522360254954 -0.001105034695153259 -0.2985941703819785
3.070884755987404 -0.001088607196211044 -0.2941552550794854
3.089357610395416 -0.001071795264181552 -0.2896124611573741
3.107941587941251 -0.001054598807853694 -0.2849657639692695
3.126637357084233 -0.001037017908386793 -0.2802151854454339
3.14544559030479 -0.001019052816397706 -0.2753607933056709
3.164366964128648 -0.001000703961863565 -0.2704027037351695
3.183402159151157 -0.000981971961681052 -0.2653410834271152
3.202551860061779 -0.0009628576127830013 -0.2601761477227085
3.221816755668715 -0.0009433618968405496 -0.2549081618817466
3.241197538923678 -0.0009234859940208052 -0.2495374448001156
3.260694906946819 -0.0009032312765467806 -0.2440643672696052
3.280309561051807 -0.0008825993080744909 -0.238489351809592
3.300042206771049 -0.000861591856984722 -0.2328128762586415
3.319893553881069 -0.0008402108972766218 -0.2270354740159677
3.339864316428041 -0.0008184586021930391 -0.2211577323189204
3.359955212753471 -0.0007963373525587363 -0.2151802944960733
3.380166965520037 -0.0007738497470610546 -0.2091038627451896
3.400500301737581 -0.0007509985924663437 -0.2029291954895775
3.42095595278926 -0.0007277869058423801 -0.1966571079786169
3.441534654457853 -0.0007042179292656131 -0.19028847626184
3.46223714695223 -0.0006802951232503341 -0.1838242354134108
3.483064174933973 -0.000656022162667062 -0.1772653784292222
3.504016487544163 -0.0006314029486229643 -0.1706129594371343
3.525094838430328 -0.0006064416115068858 -0.1638680945197783
3.546299985773546 -0.0005811425009443762 -0.1570319590002806
3.567632692315724 -0.0005555101913148962 -0.15010578893308
3.589093725387028 -0.0005295494938289125 -0.1430908843673101
3.610683856933487 -0.0005032654446582892 -0.1359886061394822
3.632403863544755 -0.000476663303874234 -0.1288003755865059
3.654254526482051 -0.0004497485691022107 -0.1215276782354162
3.676236631706256 -0.0004225269699333726 -0.1141720622932736
3.698350969906183 -0.0003950044599278116 -0.1067351364863419
3.720598336527025 -0.0003671872254423324 -0.09921857244546298
3.742979531798957 -0.0003390816906783353 -0.09162410607005778
3.765495360765927 -0.0003106945042502788 -0.0839535338987573
3.788146633314612 -0.0002820325410392526 -0.07620871361026112
3.810934164203546 -0.0002531029144250246 -0.06839156732858914
3.833858773092431 -0.0002239129634899736 -0.06050407816542456
3.856921284571616 -0.0001944702481220552 -0.05254828889687402
3.880122528191761 -0.0001647825595972888 -0.04452630482298777
3.903463338493672 -0.000134857916511028 -0.03644029266833808
3.926944555038322 -0.0001047045531996376 -0.02829247745341194
3.950567022437048 -7.433092426832778e-05 -0.02008514371808821
3.974331590381932 -4.37457101210124e-05 -0.01182063701587451
3.998239113676364 -1.295780181261678e-05 -0.00350135982081159
4.02229045226579 1.802370105233842e-05 0.004870229040355493
4.046486471268643 4.918948118148229e-05 0.01329161191890684
4.070828041007458 8.053001539710575e-05 0.02176021553333381
4.095316037040186 0.0001120355831267391 0.0302734132635991
4.119951340191675 0.0001436962606327867 0.03882852359191191
4.144734836585366 0.0001755019241392075 0.04742281094759616
4.169667417675155 0.0002074422638010225 0.05605348948182583
4.194749980277468 0.0002395067839009817 0.06471772312076665
4.219983426603512 0.0002716847989877602 0.07341262452206868
4.24536866429173 0.0003039654492250687 0.08213525922238742
4.270906606440451 0.0003363377061406118 0.09088264719082423
4.296598171640729 0.0003687903683981639 0.09965176168648844
4.322444284009386 0.0004013120723091921 0.108439532098869
4.348445873222255 0.000433891302857858 0.1172428469269278
4.374603874547618 0.0004665163934634722 0.1260585537149116
4.400919228879844 0.0004991755297139633 0.1348834600611824
4.42739288277324 0.0005318567638169575 0.1437143375230791
4.454025788476091 0.0005645480190400907 0.1525479228167455
4.480818903964917 0.0005972370901110924 0.1613809179252381
4.50777319297893 0.0006299116570959523 0.1702099938485795
4.534889625054696 0.0006625592937295478 0.1790317928547987
4.562169175561013 0.0006951674693103601 0.1878429289919063
4.589612825733993 0.0007277235585218544 0.1966399907417544
4.617221562712357 0.0007602148529638638 0.2054195441359606
4.644996379572944 0.0007926285660671922 0.2141781340838947
4.672938275366425 0.0008249518397319849 0.2229122861664498
4.701048255153248 0.000857171757035086 0.2316185100697283
4.729327330039782 0.000889275349568593 0.2402933015680117
4.757776517214689 0.0009212496039584901 0.2489331442851759
4.786396839985513 0.0009530814735532889 0.2575345128531085
4.815189327815487 0.0009847578873490883 0.2660938753233712
4.844155016360561 0.001016265757843413 0.2746076952894047
4.873294947506656 0.001047591991839269 0.2830724348059201
4.902610169407141 0.00107872349989632 0.2914845569427241
4.932101736520533 0.001109647204841459 0.2998405280843816
4.961770709648425 0.001140350053511561 0.3081368211032545
4.991618155973645 0.001170819025910643 0.3163699178338812
5.021645149098641 0.001201041143374159 0.3245363112790695
5.051852769084097 0.001231003481456645 0.3326325090923005
5.082242102487784 0.00126069318014738 0.3406550363381273
5.112814242403641 0.001290097450660031 0.3486004373268217
5.1435702885011 0.001319203587626491 0.3564652789093017
5.174511347064628 0.001347998983024393 0.3642461542405194
5.205638531033534 0.001376471131053858 0.3719396840972193
5.23695296004199 0.001404607637845789 0.379542519501241
5.26845576045931 0.001432396239280646 0.387051346534374
5.300148065430462 0.001459824806051479 0.3944628877064525
5.332031014916829 0.001486881349968154 0.4017739036588363
5.364105755737212 0.001513554041715251 0.4089811979628166
5.39637344160908 0.001539831221354359 0.4160816199574666
5.42883523319007 0.001565701400138095 0.4230720652398129
5.461492298119737 0.001591153274303843 0.4299494793920755
5.494345811061548 0.001616175743730121 0.4367108630228506
5.52739695374514 0.001640757910647295 0.4433532714187308
5.560646915008824 0.001664889087790949 0.449873816747446
5.594096890842349 0.001688558821241757 0.4562696742294833
5.627748084429916 0.001711756892501268 0.4625380826989884
5.661601706193463 0.001734473320012033 0.4686763450145244
5.695658973836199 0.001756698378872508 0.4746818333862846
5.729921112386407 0.001778422613579139 0.480551992819161
5.764389354241504 0.001799636832727292 0.4862843396808727
5.799064939212376 0.001820332121210804 0.4918764649984337
5.833949114567966 0.001840499863627649 0.4973260407826584
5.869043135080146 0.00186013173687063 0.5026308180260725
5.904348263068843 0.001879219713986838 0.5077886277457881
5.939865768447451 0.001897756089175718 0.5127973877382924
5.975596928768503 0.001915733479001954 0.5176551029071847
6.01154302926963 0.001933144816763766 0.5223598637414205
6.047705362919785 0.001949983370572484 0.5269098512006369
6.084085230465758 0.001966242759413274 0.5313033410549626
6.120683940478954 0.001981916940048133 0.5355387003460425
6.15750280940247 0.001997000214810536 0.5396143894932492
6.194543161598441 0.002011487257554359 0.5435289693054064
6.231806329395683 0.002025373102076895 0.5472810978525418
6.269293653137611 0.002038653139380303 0.5508695297258986
6.307006481230453 0.00205132314101843 0.5542931223465358
6.344946170191752 0.002063379261480172 0.5575508366093443
6.383114084699157 0.002074818024408861 0.5606417331593521
6.421511597639515 0.002085636335743078 0.563564975942536
6.460140090158249 0.002095831502448417 0.5663198372673782
6.499000951709037 0.002105401212831066 0.5689056924853508
6.538095580103793 0.002114343538020715 0.5713220203916152
6.577425381562945 0.002122656956651477 0.5735684098941151
6.616991770766014 0.002130340342076082 0.5756445565586927
6.656796170902505 0.002137392951879139 0.5775502597754404
6.696840013723089 0.002143814445928126 0.5792854276363048
6.737124739591115 0.00214960489079882 0.5808500781308922
6.777651797534409 0.002154764738713694 0.5822443334553598
6.818422645297399 0.002159294833642756 0.5834684216609407
6.859438749393552 0.002163196430122628 0.5845226817390924
6.900701585158119 0.002166471169931711 0.5854075573188356
6.942212636801205 0.002169121076488435 0.5861235951530911
6.983973397461158 0.002171148574342743 0.5866714503855229
7.025985369258271 0.002172556477622346 0.5870518834285713
7.068250063348816 0.002173347972463029 0.5872657552159023
7.110768999979402 0.002173526627321603 0.587314029989097
7.153543708541653 0.002173096398574632 0.5871977768104956
7.196575727627224 0.002172061604865275 0.586918162631396
7.239866605083138 0.00217042692578605 0.5864764519361183
7.28341789806747 0.002168197416939428 0.5858740108115671
7.327231173105349 0.002165378486879932 0.5851123007166967
7.37130800614531 0.00216197588494844 0.5841928751951905
7.41564998261598 0.0021579957126829 0.5831173829587757
7.460258697483103 0.002153444414665051 0.5818875654138956
7.505135755306914 0.002148328756315716 0.580505250661719
7.550282770299852 0.002142655825847253 0.5789723540257172
7.59570136638462 0.002136433038714218 0.5772908792542899
7.641393177252606 0.002129668111178983 0.5754629113778629
7.687359846422636 0.002122369052787744 0.5734906146758125
7.733603027300095 0.002114544174546391 0.5713762348856897
7.780124383236402 0.002106202068688938 0.5691220937363936
7.826925587588838 0.002097351592363956 0.5667305845400451
7.874008323780734 0.002088001870498787 0.5642041729659312
7.921374285362025 0.0020781622877393 0.5615453948625285
7.969025176070168 0.002067842465535121 0.5587568500656441
8.016962709891423 0.002057052257285971 0.5558412010868971
8.065188611122505 0.002045801748653555 0.5528011731979938
8.113704614432605 0.00203410123419995 0.5496395481181297
8.162512464925786 0.002021961206028833 0.5463591609447064
8.211613918203758 0.002009392353809497 0.5429629001598215
8.26101074042902 0.001996405548339503 0.5394537031886917
8.310704708388393 0.001983011824548876 0.5358345518071751
8.360697609556926 0.001969222377010982 0.5321084709287534
8.410991242162195 0.001955048551228891 0.5282785262499979
8.461587415248985 0.001940501823939343 0.5243478189284574
8.512487948744354 0.001925593794228058 0.5203194831819008
8.563694673523104 0.001910336177832544 0.5161966847488677
8.615209431473632 0.001894740789277475 0.511982616061423
8.667034075564182 0.001878819529883882 0.5076804930050905
8.719170469909495 0.001862584380701525 0.5032935530090924
8.771620489837867 0.001846047388869648 0.4988250513608539
8.824386021958594 0.001829220653819989 0.494278257477886
8.877468964229841 0.001812116318382321 0.4896564525043894
8.930871226026907 0.001794746557433534 0.4849629262440966
8.984594728210904 0.001777123564422783 0.4802009735191983
9.038641403197854 0.001759259541801312 0.4753738915843604
9.09301319502819 0.001741166689570122 0.4704849770321648
9.147712059436689 0.00172285719301236 0.4655375224782439
9.202739963922818 0.001704343213627506 0.4605348141115867
9.258098887821502 0.001685636877783273 0.4554801286281407
9.313790822374321 0.001666750263610126 0.4503767296895462
9.369817770801134 0.001647695394235668 0.4452278660949834
9.426181748372137 0.001628484228051198 0.4400367691510758
9.482884782480346 0.001609128642369567 0.4348066482560369
9.539928912714528 0.001589640428901216 0.4295406896772413
9.597316190932558 0.001570031286401296 0.4242420545643831
9.655048681335227 0.001550312804609538 0.4189138746098293
9.713128460540494 0.001530496459228597 0.413559250691705
9.771557617658175 0.001510593601807458 0.4081812501402637
9.830338254365088 0.001490615446840241 0.4027829032518239
9.889472484980656 0.001470573087126539 0.3973672074393229
9.948962436542953 0.001450477455290682 0.391937116834342
10.00881024888521 0.001430339312436491 0.3864955392214808
10.06901807471279 0.001410169273751095 0.3810453429568261
10.12958807968063 0.001389977781122298 0.3755893495688235
10.1905224424711 0.001369775098970678 0.3701303326320593
10.25182335487242 0.001349571306761292 0.3646710157438282
10.31349302185747 0.00132937628956985 0.359214069974997
10.3755336616631 0.001309199741876429 0.3537621148951124
10.43794750586993 0.001289051158298353 0.3483177160683105
10.50073679948262 0.001268939818937142 0.3428833810938793
10.56390380101059 0.00124887479639698 0.337461561502736
10.62745078254932 0.001228864952677084 0.3320546519177054
10.69138002986203 0.001208918922270888 0.3266649854867108
10.7556938424619 0.001189045115321519 0.3212948347354212
10.82039453369479 0.001169251721543309 0.3159464126268929
10.88548443082247 0.001149546697642831 0.3106218691625772
10.95096587510631 0.001129937760834412 0.3053232896301306
11.01684122189147 0.001110432399042963 0.3000526973603465
11.08311284069168 0.001091037865638757 0.2948120523044269
11.14978311527443 0.001071761165016383 0.2896032471372361
11.21685444374672 0.001052609063978834 0.2844281103334223
11.28432923864131 0.001033588093746277 0.2792884067102135
11.35220992700354 0.001014704535825669 0.2741858336092106
11.42049895047856 0.0009959644258828713 0.2691220219426812
11.48919876539923 0.0009773735633553269 0.2640985387910254
11.55831184287442 0.0009589375034387035 0.259116885237466
11.62784066887791 0.0009406615502535984 0.2541784945216076
11.69778774433782 0.0009225507714888663 0.2492847359962458
11.76815558522656 0.0009046099979457041 0.2444369150041742
11.83894672265132 0.0008868438111028786 0.2396362695181526
11.91016370294514 0.0008692565556404298 0.2348839735249689
11.98180908775847 0.000851852346195862 0.2301811388510457
12.05388545415131 0.0008346350576855625 0.2255288125471671
12.12639539468595 0.0008176083282600188 0.220927977687015
12.19934151752018 0.0008007755727801704 0.216379557008648
12.27272644650111 0.0007841399797948055 0.211884412097756
12.34655282125957 0.0007677045051452114 0.2074433416595568
12.42082329730504 0.0007514718876760092 0.20305708576406
12.49554054612116 0.0007354446534332523 0.1987263269804457
12.57070725526186 0.0007196251077716438 0.1944516882443355
12.64632612844798 0.0007040153398367797 0.1902337340689514
12.72239988566455 0.0006886172465463361 0.1860729770251315
12.79893126325863 0.0006734325331352682 0.1819698778886496
12.87592301403773 0.0006584626459580989 0.1779248274825546
12.95337790736882 0.0006437088712678208 0.1739381733684634
13.03129872927796 0.0006291723571767795 0.1700102257806654
13.10968828255048 0.0006148540024307128 0.1661412275714791
13.18854938683184 0.0006007545322513007 0.1623313747048566
13.26788487872902 0.0005868745138464578 0.1585808204474576
13.34769761191256 0.0005732143316847998 0.1548896686875019
13.42799045721921 0.0005597742025470089 0.1512579780018364
13.50876630275517 0.0005465541867277902 0.1476857646828431
13.59002805400002 0.000533554186235257 0.1441730022518907
13.67177863391118 0.0005207739461474249 0.1407196218258766
13.7540209830291 0.0005082130682804409 0.1373255158105526
13.83675805958297 0.000495871014733328 0.1339905388583592
13.91999283959716 0.000483747105305589 0.1307145071706303
14.00372831699829 0.0004718405291435629 0.1274972016445835
14.08796750372286 0.0004601503519864099 0.1243383698312761
14.17271342982564 0.0004486755149102708 0.1212377255962615
14.25796914358864 0.0004374148405795475 0.1181949508087625
14.34373771163077 0.0004263670431123441 0.1152096980074374
14.43002221901811 0.0004155307297214487 0.1122815908437933
14.51682576937491 0.0004049044023284573 0.1094102245183428
14.60415148499523 0.0003944864681060763 0.1065951686292655
14.69200250695523 0.0003842752438997146 0.1038359683671777
14.78038199522615 0.0003742689561513586 0.1011321444945623
14.86929312878798 0.0003644657488929496 0.09848319550567897
14.95873910574384 0.0003548636904951028 0.09588859945015264
15.04872314343496 0.00034546077483829 0.09334781424944152
15.13924847855642 0.0003362549253106671 0.09086027877709994
15.2303183672736 0.0003272440028156513 0.08842541502252581
15.3219360853393 0.000318425808670042 0.08604262887406894
15.41410492821153 0.0003097980861900496 0.08371131054759598
15.50682821117208 0.0003013585280707854 0.0814308365805205
15.60010926944577 0.000293104780532196 0.07920057095208646
15.69395145832038 0.000285034444817333 0.07701986548821924
15.7883581532674 0.0002771450822916635 0.07488806123942301
15.88333275006339 0.0002694342194791375 0.07280448984158909
15.97887866491215 0.0002618993502701943 0.07076847411262678
16.07499933456759 0.0002545379389962516 0.06877932888322871
16.17169821645737 0.0002473474255218312 0.06683636237282678
16.26897878880723 0.0002403252279816851 0.06493887692919779
16.36684455076612 0.0002334687450703173 0.06308616964712088
16.46529902253208 0.0002267753602741734 0.06127753351196791
16.56434574547881 0.0002202424448197389 0.05951225819631648
16.66398828228309 0.0002138673599412949 0.05778963067272574
16.76423021705294 0.0002076474600951796 0.05610893608227018
16.86507515545651 0.0002015800957930048 0.05446945850010988
16.96652672485178 0.0001956626157944347 0.05287048152800682
17.06858857441703 0.0001898923698665312 0.05131128903993442
17.17126437528214 0.0001842667111673702 0.04979116582616043
17.27455782066058 0.0001787829981333221 0.04830939810321365
17.37847262598229 0.0001734385970899368 0.04686527421937767
17.48301252902732 0.0001682308843146309 0.04545808521205476
17.58818129006027 0.0001631572474208483 0.0440871251817832
17.69398269196554 0.0001582150875888458 0.0427516918950236
17.80042054038342 0.0001534018218372121 0.04145108739795148
17.90749866384694 0.0001487148837761422 0.04018461822000156
18.01522091391964 0.0001441517251668048 0.03895159579522827
18.12359116533404 0.000139709818570575 0.03775133717816148
18.23261331613107 0.0001353866577671946 0.03658316515679864
18.34229128780023 0.0001311797585396634 0.03544640846469219
18.45262902542071 0.0001270866611342797 0.0343404024456833
18.56363049780323 0.0001231049311911804 0.03326448930534526
18.67529969763284 0.0001192321596309152 0.0322180180803346
18.78764064161249 0.0001154659643496503 0.03120034509645617
18.90065737060757 0.0001118039921422831 0.03021083448831276
19.0143539497912 0.000108243917902388 0.02924885798312048
19.12873446879051 0.000104783445347743 0.02831379509675517
19.24380304183367 0.0001014203094593394 0.02740503379280313
19.35956380789796 9.815227585919966e-05 0.02652197031443984
19.47602093085858 9.497714053628329e-05 0.0256640091103663
19.59317859963845 9.189273181930391e-05 0.0248305633678888
19.71104102835891 8.88969109404013e-05 0.02402105516523018
19.82961245649123 8.598757078058483e-05 0.02323491513253294
19.94889714900919 8.316263684870161e-05 0.02247158271638868
20.06889939654243 8.042006908933589e-05 0.0217305066683551
20.18962351553079 7.775786021242424e-05 0.02101114459359714
20.31107384837959 7.51740356434765e-05 0.02031296293743609
20.4332547636158 7.266665557592498e-05 0.01963543753991994
20.55617065604522 7.023381407621969e-05 0.01897805339400893
20.67982594691049 6.787363798038986e-05 0.01834030434741276
20.80422508405019 6.55842882397822e-05 0.01772169346622578
20.92937254205879 6.336396052573448e-05 0.01712173319831741
21.05527282244758 6.121088330415205e-05 0.01653994485305865
21.18193045380665 5.912331814849127e-05 0.01597585868589409
21.30934999196772 5.70995614153022e-05 0.01542901435109452
21.43753602016806 5.51379423404807e-05 0.01489896038734042
21.5664931492153 5.323682238153637e-05 0.01438525403999458
21.69622601765332 5.139459677552312e-05 0.01388746168207438
21.82673929192908 4.96096938326041e-05 0.01340515862336423
21.95803766656046 4.788057331332307e-05 0.012937928671934
22.09012586430514 4.620572716767988e-05 0.01248536433384648
22.22300863633048 4.458368029719428e-05 0.0120470670190765
22.35669076238438 4.301298840356698e-05 0.01162264646019233
22.49117705096725 4.149223779591587e-05 0.01121172066026847
22.62647233950495 4.002004682103126e-05 0.01081391627935848
22.76258149452277 3.859506418312458e-05 0.0104288681804701
22.89950941182054 3.72159678723496e-05 0.0100562191400383
23.03726101664865 3.588146621789026e-05 0.009695620132482796
23.17584126388527 3.459029754748462e-05 0.009346730238207118
23.31525513821456 3.334122834662781e-05 0.009009216146192304
23.45550765430593 3.213305350442305e-05 0.008682752220428892
23.59660385699449 3.09645971755978e-05 0.008367020732844462
23.73854882146243 2.983471074850694e-05 0.008061711314232712
23.88134765342164 2.874227231229317e-05 0.007766520810273563
24.02500548929732 2.768618776670201e-05 0.007481153581419009
24.16952749641275 2.666538958165795e-05 0.007205321167715124
24.31491887317515 2.567883550556505e-05 0.006938741939768746
24.46118484926266 2.472550917278254e-05 0.006681141262894969
24.60833068581249 2.380442011605794e-05 0.006432251500476732
24.7563616756101 2.291460194869227e-05 0.006191811522763168
24.90528314327963 2.205511226346625e-05 0.005959566679558189
25.05510044547539 2.122503346947488e-05 0.005735269026343645
25.20581897107455 2.042347110126289e-05 0.005518676867386608
25.357444141371 1.964955308006204e-05 0.005309554556116482
25.5099814102703 1.890243049111842e-05 0.005107672705168521
25.66343626448592 1.81812768143735e-05 0.004912807978504262
25.81781422373652 1.748528657818354e-05 0.004724742727629696
25.97312084094457 1.681367561581715e-05 0.004543265060904106
26.12936170243603 1.616568132359457e-05 0.00436816891329254
26.28654242814131 1.554056103173523e-05 0.004199253606148455
26.44466867179741 1.493759168981872e-05 0.004036323762221377
26.6037461211513 1.435607056946924e-05 0.003879189495530983
26.76378049816449 1.37953140100852e-05 0.003727666072447595
26.92477755921884 1.32546565790277e-05 0.003581573684764622
27.08674309532363 1.273345155134811e-05 0.003440737579326938
27.24968293232387 1.223107053728552e-05 0.003304987957376045
27.41360293110984 1.174690220571732e-05 0.003174159629610479
27.57850898782788 1.128035229280805e-05 0.003048092018522841
27.74440703409252 1.083084397505451e-05 0.00292662925920124
27.91130303719981 1.03978165254284e-05 0.002809619836202266
28.07920300034196 9.980724881508511e-06 0.002696916466854895
28.24811296282329 9.579040167168505e-06 0.00258837624222707
28.41803900027744 9.192248859046413e-06 0.002483860401895325
28.58898722488593 8.819851933373195e-06 0.002383234103407229
28.76096378559799 8.461365106741631e-06 0.002286366487340138
28.93397486835177 8.116318744624082e-06 0.002193130652581557
29.1080266962968 7.784256736193677e-06 0.002103403352291769
29.28312553001787 7.46473634972737e-06 0.002017064954831946
29.4592776677602 7.157328607110629e-06 0.001933999544959986
29.63648944565603 6.861617264384659e-06 0.001854094648361644
29.81476723795246 6.57719832743696e-06 0.001777241100784077
29.99411745724076 6.303680394182207e-06 0.001703333140497392
30.17454655468706 6.040684166274649e-06 0.001632268276353234
30.35606102026435 5.787841649492086e-06 0.00156394707171856
30.53866738298595 5.544796221496765e-06 0.001498273162785474
30.72237221114033 5.311202705098716e-06 0.001435153278367898
30.90718211252742 5.086726439041438e-06 0.001374496988816265
31.09310373469621 4.871043053395374e-06 0.001316216645326026
31.28014376518396 4.663838775191738e-06 0.001260227462523734
31.46830893175665 4.464809720925081e-06 0.001206447327292396
31.65760600265105 4.273661406701175e-06 0.001154796666407323
31.84804178681812 4.090108939310935e-06 0.001105198498166685
32.03962313416796 3.91387677820201e-06 0.001057578368073263
32.23235693581619 3.744698033919187e-06 0.001011864159264292
32.42625012433181 3.582314424871597e-06 0.0009679860808294133
32.62130967398656 3.426476419977775e-06 0.0009258767063551576
32.81754260100581 3.276942520426578e-06 0.0008854707798477741
33.01495596382091 3.133479002744566e-06 0.0008467051463068294
33.21355686332307 2.995860133128931e-06 0.0008095188096406425
33.4133524431188 2.863867719534602e-06 0.0007738528116346277
33.61434988978685 2.737290653369806e-06 0.0007396501081117123
33.81655643313671 2.615924987770709e-06 0.000706855590083124
34.01997934646867 2.49957385971302e-06 0.0006754160627019726
34.22462594683541 2.388046909956953e-06 0.0006452800885251378
34.43050359530524 2.281160180243043e-06 0.0006163979597342935
34.63761969722685 2.17873625873445e-06 0.0005887217374362365
34.84598170249565 2.080603764592157e-06 0.0005622051123886687
35.0555971058218 1.986597088317054e-06 0.0005368033348373869
35.26647344699975 1.896556520946133e-06 0.0005124732494267077
35.47861831117944 1.810327999433424e-06 0.0004891732263982171
35.69203932913916 1.727762705102344e-06 0.0004668630530875831
35.90674417756002 1.648717067309625e-06 0.0004455039349145943
36.12274057930207 1.573052772648655e-06 0.0004250584978700166
36.34003630368208 1.500636312553336e-06 0.0004054906662725097
36.55863916675303 1.431338856974133e-06 0.0003867656286343164
36.77855703158521 1.365036368276641e-06 0.0003688498684380792
36.9997978085491 1.301609260288123e-06 0.0003517110720069563
37.22236945559986 1.240942155573579e-06 0.0003353180629175868
37.4462799785636 1.182923948129844e-06 0.0003196408189408183
37.67153743142533 1.127447678748382e-06 0.0003046504383631774
37.89814991661868 1.074410203306143e-06 0.000290319050354918
38.12612558531732 1.023712154196905e-06 0.0002766198045482891
38.35547263772817 9.75257984544573e-07 0.0002635268829845195
38.58619932338635 9.289556367363715e-07 0.0002510154105473485
38.81831394145193 8.847164137521322e-07 0.0002390614201945929
39.05182484100842 8.424550535865861e-07 0.0002276418730679797
39.2867404213631 8.020895219551834e-07 0.0002167346024796707
39.52306913234914 7.635408000247306e-07 0.0002063182565544301
39.76081947462954 7.267329016610346e-07 0.0001963723028901538
40.00000000000288 6.915928269207173e-07 0.0001868770159907768
