##########################################################################################
#
# SZ signal computed with SZpack v1.1.1
# Runmode: CNSN-basis
#
# General parameters:
# xmin= 0.1 xmax= 40 np= 1000
# Dtau= 0.01
# Te= 4keV (The ~ 0.00782781)
# betac= 0 muc= 1
# betao= 0 muo= 1
#
# Runmode specific parameters:
# eps= 0
# Te_order= 20 beta_order= 2
#
##########################################################################################
#
# Output format: x = (h nu/k T0) | x^3 Dn(x) | DI(x) in MJy/sr 
# Here a CMB temperature of T0 = 2.726 K is assumed.
#
##########################################################################################
0.1 -1.542359031578955e-06 -0.0004167646658384756
0.1006015482792701 -1.560938471332028e-06 -0.0004217850624138622
0.1012067151618632 -1.579741324614459e-06 -0.0004268658281140766
0.1018155224154252 -1.598770269001432e-06 -0.0004320076864533616
0.1024279919385451 -1.618028013131866e-06 -0.0004372113693397689
0.1030441457615424 -1.637517297252709e-06 -0.0004424776172222343
0.1036640060472596 -1.657240895449602e-06 -0.0004478071796933312
0.1042875950918594 -1.677201614522128e-06 -0.0004532008151853481
0.1049149353256267 -1.69740229366e-06 -0.000458659290882791
0.1055460493137754 -1.717845806512132e-06 -0.0004641833832814728
0.10618095975726 -1.73853506147281e-06 -0.000469773878265839
0.1068196894935924 -1.759473000466886e-06 -0.0004754315707807128
0.1074622614976628 -1.780662600190027e-06 -0.0004811572651664263
0.1081086988825668 -1.80210687399817e-06 -0.0004869517756693732
0.1087590249004362 -1.82380887029264e-06 -0.0004928159260056496
0.1094132629432757 -1.845771672805225e-06 -0.0004987505494380831
0.1100714365438043 -1.867998403135616e-06 -0.0005047564894618818
0.1107335693763015 -1.890492219935567e-06 -0.0005108345995841835
0.1113996852574591 -1.913256318191017e-06 -0.0005169857431300765
0.1120698081472377 -1.93629393125463e-06 -0.0005232107937918176
0.1127439621497288 -1.95960833180975e-06 -0.0005295106358893036
0.1134221715140214 -1.983202830271176e-06 -0.0005358861639379423
0.1141044606350749 -2.007080775787713e-06 -0.0005423382829195527
0.1147908540545956 -2.031245558758629e-06 -0.0005488679089623446
0.1154813764619206 -2.055700609158097e-06 -0.0005554759688881605
0.1161760526949047 -2.080449396488935e-06 -0.0005621634001999771
0.1168749077408149 -2.105495432512749e-06 -0.0005689311518196227
0.1175779667372284 -2.130842270956095e-06 -0.0005757801840083785
0.118285254972937 -2.156493506329855e-06 -0.0005827114680479613
0.118996797888857 -2.182452775822839e-06 -0.000589725986752195
0.119712621078944 -2.208723761058709e-06 -0.0005968247349417562
0.1204327502911136 -2.235310186144454e-06 -0.0006040087189168474
0.1211572114281675 -2.262215818380117e-06 -0.0006112789566489723
0.1218860305487253 -2.289444471311178e-06 -0.0006186364786057299
0.1226192338681618 -2.317000003218311e-06 -0.0006260823273427268
0.12335684775955 -2.344886316637615e-06 -0.0006336175573739376
0.1240988987546095 -2.373107361158926e-06 -0.0006412432359278451
0.124845413544661 -2.401667133866775e-06 -0.0006489604430665905
0.1255964189815867 -2.430569677650021e-06 -0.0006567702712292167
0.1263519420787953 -2.459819082854562e-06 -0.0006646738256782516
0.1271120100121947 -2.489419489898128e-06 -0.0006726722252062559
0.1278766501211688 -2.519375087062508e-06 -0.0006807666015392582
0.128645889909561 -2.549690110843845e-06 -0.0006889580994314061
0.1294197570466637 -2.580368849403514e-06 -0.0006972478775974385
0.1301982793682135 -2.611415641497257e-06 -0.0007056371084233245
0.1309814848773924 -2.642834875453783e-06 -0.0007141269776902662
0.1317694017458348 -2.674630991907748e-06 -0.0007227186853131873
0.1325620583146414 -2.7068084851677e-06 -0.0007314134457103658
0.1333594830953982 -2.739371901007833e-06 -0.0007402124872067414
0.1341617047712022 -2.772325837989344e-06 -0.000749117052390959
0.1349687521976928 -2.805674950910947e-06 -0.0007581283990477442
0.1357806544040905 -2.83942394853886e-06 -0.0007672477995445153
0.13659744059424 -2.873577593498292e-06 -0.0007764765408020628
0.1374191401476617 -2.908140705965181e-06 -0.0007858159252921023
0.1382457826206078 -2.943118163321411e-06 -0.00079526727094411
0.1390773977471256 -2.978514898501496e-06 -0.0008048319106985771
0.1399140154401271 -3.014335902521016e-06 -0.0008145111931902228
0.140755665792465 -3.050586226920746e-06 -0.0008243064834084305
0.1416023790780148 -3.087270981089048e-06 -0.0008342191619737237
0.1424541857527642 -3.124395333177971e-06 -0.0008442506253853074
0.1433111164559082 -3.161964514256859e-06 -0.0008544022871434251
0.1441732020109516 -3.199983816291954e-06 -0.0008646755772034234
0.1450404734268171 -3.23845859143987e-06 -0.0008750719417848375
0.1459129618989614 -3.2773942558096e-06 -0.0008855928443879347
0.1467906988104967 -3.316796290125768e-06 -0.0008962397659729324
0.1476737157333199 -3.356670237385907e-06 -0.0009070142043269651
0.148562044429248 -3.397021705047701e-06 -0.0009179176746551048
0.1494557168511607 -3.437856368622576e-06 -0.0009289517105513948
0.1503547651441497 -3.479179968669582e-06 -0.0009401178631865581
0.151259221646675 -3.520998311214932e-06 -0.0009514177014213626
0.152169118891728 -3.563317272415582e-06 -0.0009628528130667781
0.1530844896080017 -3.606142797159092e-06 -0.0009744248045056421
0.1540053667210681 -3.649480897616109e-06 -0.0009861353003015221
0.1549317833545624 -3.69333765689002e-06 -0.0009979859441848976
0.1558637728313743 -3.737719230939499e-06 -0.001009978399572656
0.156801368674847 -3.782631845542097e-06 -0.001022114348747617
0.1577446046099826 -3.828081798019972e-06 -0.001034395493324846
0.1586935145646554 -3.874075461937047e-06 -0.001046823555520885
0.1596481326708324 -3.920619284037529e-06 -0.001059400277326504
0.1606084932658007 -3.967719784032319e-06 -0.001072127420448984
0.1615746308934029 -4.015383559555014e-06 -0.001085006767651289
0.1625465803052792 -4.06361728576419e-06 -0.001098040122644602
0.1635243764621181 -4.112427713038996e-06 -0.001111229309465645
0.1645080545349132 -4.161821670328206e-06 -0.001124576173381632
0.1654976499062288 -4.211806068518723e-06 -0.001138082581800483
0.1664931981714723 -4.262387896780567e-06 -0.001151750423283192
0.1674947351401746 -4.313574223733586e-06 -0.001165581607859092
0.1685022968372784 -4.365372203053986e-06 -0.001179578068540801
0.1695159195044337 -4.417789070784119e-06 -0.001193741760597303
0.1705356396013016 -4.47083214429827e-06 -0.001208074661274482
0.1715614938068656 -4.524508827318486e-06 -0.001222578771150466
0.172593519020751 -4.578826610888886e-06 -0.001237256114398899
0.1736317523645521 -4.633793070144916e-06 -0.001252108737915948
0.1746762311831677 -4.689415867179128e-06 -0.00126713871209468
0.1757269930461439 -4.745702755934783e-06 -0.001282348132147366
0.1767840757490262 -4.802661578134834e-06 -0.001297739117005447
0.1778475173147181 -4.860300263764783e-06 -0.001313313809450009
0.1789173559948495 -4.918626837319008e-06 -0.001329074377799614
0.1799936302711521 -4.977649415977332e-06 -0.001345023015417587
0.1810763788568441 -5.037376207564542e-06 -0.001361161940160658
0.1821656406980222 -5.097815515377671e-06 -0.001377493395683346
0.1832614549750625 -5.158975740853061e-06 -0.001394019652158638
0.1843638611040305 -5.220865379414617e-06 -0.001410743005156133
0.1854728987380978 -5.283493022698824e-06 -0.001427665776243274
0.1865886077689693 -5.346867364886105e-06 -0.00144479031469615
0.1877110283283176 -5.410997198594749e-06 -0.001462118996389996
0.1888402007892269 -5.475891414494707e-06 -0.001479654223694827
0.1899761657676448 -5.541559007894267e-06 -0.001497398427255244
0.1911189641238435 -5.608009078286542e-06 -0.001515354065867889
0.1922686369638894 -5.675250826156462e-06 -0.001533523625618651
0.1934252256411219 -5.743293557365823e-06 -0.001551909621067568
0.1945887717576404 -5.812146687740006e-06 -0.001570514596488208
0.1957593171658014 -5.881819738110891e-06 -0.001589341124528209
0.1969369039697233 -5.95232233577299e-06 -0.001608391806602738
0.1981215745268011 -6.023664221967291e-06 -0.001627669274916725
0.19931337144923 -6.095855248318838e-06 -0.001647176191502248
0.2005123376055381 -6.168905375334052e-06 -0.001666915247812494
0.2017185161221286 -6.242824679010842e-06 -0.001686889166507892
0.2029319503848305 -6.317623352228429e-06 -0.001707100701831659
0.2041526840404598 -6.393311700323813e-06 -0.001727552638414509
0.205380760998389 -6.469900144794031e-06 -0.001748247792275048
0.2066162254321268 -6.547399229873773e-06 -0.001769189012597129
0.2078591217809067 -6.625819617062114e-06 -0.001790379180250905
0.2091094947512857 -6.705172085642247e-06 -0.001811821207933266
0.2103673893187526 -6.7854675409426e-06 -0.001833518042400104
0.2116328507293451 -6.866717011970774e-06 -0.001855472663826961
0.2129059245012778 -6.948931648557349e-06 -0.00187768808503726
0.2141866564265795 -7.032122727652903e-06 -0.001900167353203834
0.2154750925727398 -7.116301656961705e-06 -0.001922913550830795
0.2167712792843669 -7.20147996931133e-06 -0.001945929794232135
0.2180752631848539 -7.287669325467748e-06 -0.001969219234292398
0.2193870911780562 -7.374881522546729e-06 -0.001992785058739545
0.2207068104499787 -7.463128488550441e-06 -0.002016630490668676
0.2220344684704725 -7.552422281703952e-06 -0.002040758788362745
0.2233701129949433 -7.642775099081976e-06 -0.002065173247623613
0.2247137920660681 -7.734199276088258e-06 -0.002089877201631374
0.2260655540155243 -7.826707282068263e-06 -0.002114874019758845
0.2274254474657272 -7.920311725955545e-06 -0.002140167109097286
0.2287935213315797 -8.015025362408129e-06 -0.002165759916114533
0.2301698248222314 -8.110861085147608e-06 -0.002191655924855131
0.2315544074428487 -8.207831928721975e-06 -0.002217858657416675
0.2329473189963953 -8.305951078334236e-06 -0.002244371676605629
0.2343486095854241 -8.405231865160694e-06 -0.002271198584672262
0.2357583296138787 -8.505687764184758e-06 -0.002298343022725319
0.237176529788907 -8.607332402759e-06 -0.002325808673045595
0.2386032611226849 -8.710179562520759e-06 -0.002353599259603554
0.2400385749342508 -8.814243173394116e-06 -0.002381718546438592
0.2414825228513524 -8.919537318272575e-06 -0.00241017033892435
0.2429351568123028 -9.026076241695492e-06 -0.002438958486113198
0.2443965290678495 -9.133874342565145e-06 -0.002468086878768292
0.2458666921830531 -9.242946174637262e-06 -0.002497559449496127
0.2473456990391787 -9.353306457244171e-06 -0.002527380175644061
0.2488336028355976 -9.464970072236741e-06 -0.00255755307847399
0.250330457091701 -9.577952060023679e-06 -0.002588082222092117
0.2518363156488252 -9.692267627618486e-06 -0.002618971715623343
0.2533512326721881 -9.807932153465242e-06 -0.002650225714515248
0.2548752626528374 -9.924961179889822e-06 -0.002681848418498322
0.2564084604096108 -1.004337041656066e-05 -0.002713844072521103
0.2579508810911079 -1.016317575143063e-05 -0.002746216969706808
0.2595025801776736 -1.028439324354565e-05 -0.002778971449410135
0.261063613483394 -1.040703912194387e-05 -0.002812111896919799
0.2626340371581039 -1.053112979671202e-05 -0.00284564274644611
0.2642139076894062 -1.065668185835899e-05 -0.002879568480951689
0.2658032819047042 -1.078371207185914e-05 -0.002913893630541913
0.2674022169732455 -1.091223738374297e-05 -0.002948622774380889
0.2690107704081783 -1.104227493009542e-05 -0.002983760542852705
0.2706290000686201 -1.117384202772365e-05 -0.003019311615174843
0.2722569641617388 -1.130695617618846e-05 -0.003055280719947105
0.2738947212448469 -1.144163507040344e-05 -0.003091672638556058
0.2755423302275071 -1.157789659454364e-05 -0.003128492203529068
0.2771998503736515 -1.171575881895492e-05 -0.003165744297699189
0.2788673413037137 -1.1855240010961e-05 -0.003203433857125348
0.2805448629967726 -1.199635863737628e-05 -0.003241565871771342
0.2822324757927104 -1.213913335648738e-05 -0.003280145383339154
0.283930240394383 -1.228358302378706e-05 -0.003319177486818327
0.285638217869803 -1.242972670310039e-05 -0.003358667333492401
0.2873564696543368 -1.257758365703416e-05 -0.003398620128358211
0.2890850575529139 -1.272717334730051e-05 -0.003439041130213345
0.2908240437422505 -1.287851544825059e-05 -0.003479935655313108
0.2925734907730859 -1.303162984292952e-05 -0.003521309076304522
0.294333461572432 -1.318653661765784e-05 -0.003563166820762162
0.2961040194458372 -1.334325607199744e-05 -0.003605514373881078
0.2978852280796634 -1.350180872491472e-05 -0.003648357280142164
0.2996771515433765 -1.366221530482857e-05 -0.003691701140622981
0.3014798542918515 -1.38244967536735e-05 -0.003735551614095686
0.3032934011676903 -1.398867424068025e-05 -0.003779914420750711
0.3051178574035545 -1.415476915305763e-05 -0.003824795339678886
0.3069532886245115 -1.432280309421288e-05 -0.003870200208390548
0.3087997608503953 -1.449279789745342e-05 -0.003916134926517943
0.3106573404981812 -1.466477562515175e-05 -0.003962605455589558
0.3125260943843745 -1.48387585607937e-05 -0.004009617816881454
0.3144060897274139 -1.501476921753689e-05 -0.004057178093729896
0.3162973941500897 -1.519283034822744e-05 -0.004105292434237953
0.3182000756819758 -1.537296493391192e-05 -0.004153967048171318
0.3201142027618771 -1.555519618598147e-05 -0.004203208207537659
0.3220398442402905 -1.573954756172763e-05 -0.004253022250789999
0.3239770693818822 -1.592604275652135e-05 -0.004303415580713394
0.3259259478679787 -1.611470569946464e-05 -0.004354394663249947
0.3278865497990735 -1.630556056648791e-05 -0.00440596603103788
0.3298589456973481 -1.649863178339608e-05 -0.004458136284234627
0.3318432065092091 -1.669394401537206e-05 -0.004510912087680537
0.3338394036078401 -1.689152217363648e-05 -0.004564300172698431
0.3358476087957689 -1.70913914290887e-05 -0.004618307340779558
0.3378678943074497 -1.729357720005302e-05 -0.004672940460272481
0.3399003328118625 -1.749810515217282e-05 -0.004728206466354458
0.3419449974151257 -1.770500121474097e-05 -0.004784112365444139
0.3440019616631268 -1.791429157561249e-05 -0.004840665233826889
0.3460712995441669 -1.812600267393454e-05 -0.004897872215690353
0.3481530854916227 -1.834016121187745e-05 -0.004955740526294311
0.3502473943866234 -1.855679416202002e-05 -0.005014277453966299
0.3523543015607447 -1.877592875455389e-05 -0.005073490356644047
0.3544738827987177 -1.899759248168377e-05 -0.005133386663064492
0.3566062143411555 -1.922181311410106e-05 -0.005193973877215155
0.3587513728872951 -1.944861868918111e-05 -0.005255259575144886
0.3609094355977566 -1.967803750817407e-05 -0.005317251404204803
0.3630804800973185 -1.991009815228076e-05 -0.005379957087392183
0.3652645844777097 -2.014482948134369e-05 -0.005443384422996776
0.3674618273004187 -2.038226062350238e-05 -0.005507541281805525
0.369672287599519 -2.062242098485889e-05 -0.005572435609714334
0.3718960448845125 -2.086534026120736e-05 -0.005638075430897505
0.374133179143189 -2.11110484235239e-05 -0.005704468843886961
0.3763837708445035 -2.135957571983684e-05 -0.005771624022077585
0.3786479009414707 -2.161095269326753e-05 -0.005839549218602079
0.3809256508740766 -2.186521017217476e-05 -0.005908252763667863
0.3832171025722083 -2.21223792641592e-05 -0.005977743062937003
0.3855223384586003 -2.23824913708805e-05 -0.006048028601529962
0.3878414414518001 -2.264557819122987e-05 -0.006119117944882896
0.3901744949691499 -2.291167170802509e-05 -0.006191019735152449
0.3925215829297878 -2.318080419504266e-05 -0.006263742693115959
0.3948827897576659 -2.345300823250368e-05 -0.006337295622355911
0.3972582003845871 -2.372831669186372e-05 -0.006411687405149981
0.3996479002532602 -2.400676273480467e-05 -0.00648692700219862
0.402051975320373 -2.428837983147007e-05 -0.006563023457552471
0.4044705120596843 -2.457320175388415e-05 -0.006639985896834105
0.4069035974651345 -2.486126256648421e-05 -0.006717823524679757
0.4093513190539743 -2.515259663873166e-05 -0.006796545628146986
0.4118137648699132 -2.544723865296868e-05 -0.006876161578837633
0.4142910234862858 -2.574522358860079e-05 -0.006956680828623774
0.4167831840092382 -2.604658672612727e-05 -0.007038112910736771
0.4192903360809331 -2.635136366508371e-05 -0.007120467444615576
0.4218125698827739 -2.665959030959633e-05 -0.007203754132003345
0.4243499761386489 -2.697130286405602e-05 -0.007287982755778484
0.4269026461181943 -2.72865378501954e-05 -0.007373163184569102
0.429470671640077 -2.760533210470774e-05 -0.007459305372109604
0.4320541450752978 -2.792772276632273e-05 -0.00754641935374841
0.4346531593505136 -2.825374728540672e-05 -0.007634515249042057
0.43726780795138 -2.858344343604096e-05 -0.007723603265018883
0.4398981849259138 -2.891684929853476e-05 -0.00781369369145388
0.4425443848878763 -2.925400326021798e-05 -0.00790479690108282
0.4452065030201759 -2.959494403403564e-05 -0.007996923354626756
0.4478846350782926 -2.993971064646536e-05 -0.008090083597527165
0.4505788773937215 -3.028834242949673e-05 -0.008184288257778675
0.4532893268774382 -3.064087903528745e-05 -0.008279548049889326
0.4560160810233846 -3.099736043831836e-05 -0.008375873775462906
0.458759237911976 -3.135782691939317e-05 -0.008473276318875463
0.4615188962136283 -3.172231907164634e-05 -0.008571766648898704
0.464295155192308 -3.209087781559032e-05 -0.008671355822765967
0.4670881147091019 -3.246354438122984e-05 -0.008772054981339265
0.4698978752258099 -3.284036030535207e-05 -0.008873875348377051
0.4727245378085577 -3.322136744892769e-05 -0.008976828235236222
0.4755682041314329 -3.36066079885253e-05 -0.009080925038552156
0.4784289764801414 -3.399612440456306e-05 -0.009186177237064193
0.4813069577556875 -3.438995949245126e-05 -0.009292596394626462
0.4842022514780743 -3.478815636882148e-05 -0.009400194161891109
0.487114961790028 -3.519075845323245e-05 -0.009508982271364973
0.4900451934607434 -3.559780947030747e-05 -0.009618972537987143
0.4929930518896525 -3.600935346567399e-05 -0.009730176863436047
0.4959586431102161 -3.642543478925695e-05 -0.009842607231615083
0.4989420737937372 -3.684609808881309e-05 -0.009956275706905523
0.5019434512531983 -3.727138832441863e-05 -0.01007119443808127
0.504962883447121 -3.770135076376149e-05 -0.01018737565703674
0.5080004789834501 -3.813603096707077e-05 -0.01030483167471464
0.5110563471234592 -3.857547479392967e-05 -0.01042357488294686
0.5141305977856812 -3.901972841217442e-05 -0.01054361775685914
0.5172233415498623 -3.946883827848554e-05 -0.01066497284962655
0.520334689660939 -3.992285113659079e-05 -0.0107876527919879
0.52346475403304 -4.038181403157903e-05 -0.01091167029611352
0.5266136472535116 -4.084577429570526e-05 -0.01103703815176964
0.5297814825869668 -4.131477953817846e-05 -0.01116376922355889
0.5329683739793606 -4.178887765526239e-05 -0.01129187645364971
0.5361744360620875 -4.226811682881132e-05 -0.01142137286138064
0.5393997841561053 -4.275254550876559e-05 -0.01155227153853043
0.5426445342760833 -4.324221241520593e-05 -0.01168458564987313
0.5459088031345746 -4.37371665475249e-05 -0.01181832843565636
0.5491927081462149 -4.423745716535167e-05 -0.01195351320644689
0.5524963674319456 -4.474313378286721e-05 -0.01209015334159457
0.5558198998232626 -4.525424617909619e-05 -0.01222826229201333
0.5591634248664905 -4.577084438657403e-05 -0.01236785357711888
0.5625270628270829 -4.62929786779616e-05 -0.01250894078121181
0.565910934693948 -4.682069957066305e-05 -0.01265153755472539
0.5693151621838011 -4.735405782674546e-05 -0.01279565761420391
0.5727398677455418 -4.789310443432483e-05 -0.01294131473727284
0.5761851745646592 -4.843789060489147e-05 -0.01308852276191623
0.5796512065676627 -4.898846777953622e-05 -0.01323729558815903
0.5831380884265391 -4.954488761152399e-05 -0.01338764717335829
0.5866459455632378 -5.010720195703291e-05 -0.01353959152970072
0.5901749041541815 -5.067546287938565e-05 -0.01369314272534611
0.5937250911348052 -5.124972263956295e-05 -0.01384831488186388
0.5972966342041217 -5.183003368085416e-05 -0.01400512217008556
0.6008896618293151 -5.241644862742759e-05 -0.0141635788097184
0.6045043032503616 -5.300902028248925e-05 -0.01432369906884789
0.6081406884846782 -5.360780161013519e-05 -0.014485497259034
0.6117989483317994 -5.421284572835144e-05 -0.01464898773341971
0.6154792143780822 -5.482420590892025e-05 -0.01481418488670566
0.619181619001439 -5.544193556192879e-05 -0.01498110315096418
0.6229062953760992 -5.606608822387057e-05 -0.01514975699242421
0.6266533774773996 -5.669671755434169e-05 -0.01532016091057852
0.6304230000866031 -5.733387732571581e-05 -0.01549232943539379
0.6342152987957473 -5.797762140763158e-05 -0.01566627712311891
0.6380304100125211 -5.862800375960674e-05 -0.01584201855428925
0.6418684709651717 -5.928507842318814e-05 -0.01601956833160541
0.6457296197074404 -5.994889950562958e-05 -0.01619894107552291
0.6496139951235281 -6.061952116939592e-05 -0.01638015142141591
0.6535217369330918 -6.129699762285937e-05 -0.01656321401706336
0.6574529856962692 -6.198138310516025e-05 -0.01674814351855812
0.6614078828187353 -6.267273187350501e-05 -0.01693495458687473
0.6653865705567885 -6.337109819162219e-05 -0.01712366188475012
0.6693891920224675 -6.407653631412362e-05 -0.01731428007245771
0.673415891188699 -6.478910047297965e-05 -0.01750682380415297
0.6774668128944764 -6.550884486494903e-05 -0.01770130772447675
0.6815421028500694 -6.62358236330105e-05 -0.0178977464635378
0.6856419076422656 -6.697009085206395e-05 -0.0180961546330492
0.6897663747396426 -6.771170051655359e-05 -0.01829654682298386
0.693915652497873 -6.846070651990015e-05 -0.01849893759601689
0.6980898901650602 -6.921716263580027e-05 -0.01870334148247246
0.702289237887107 -6.998112250743137e-05 -0.01890977297740681
0.7065138467131162 -7.075263962793745e-05 -0.01911824653533528
0.7107638686008243 -7.153176731340123e-05 -0.01932877656292905
0.7150394564220665 -7.23185586932566e-05 -0.01954137741642445
0.7193407639682761 -7.311306669398896e-05 -0.01975606339721858
0.7236679459560159 -7.391534400567797e-05 -0.01997284874282879
0.728021158032544 -7.472544306749366e-05 -0.02019174762297347
0.7324005567814114 -7.554341605628365e-05 -0.02041277413648827
0.736806299728095 -7.636931485384197e-05 -0.02063594230248165
0.7412385453456634 -7.720319101817772e-05 -0.02086126605257132
0.7456974530604773 -7.804509577794362e-05 -0.02108875922937884
0.7501831832579239 -7.889508000629249e-05 -0.0213184355794652
0.754695897288186 -7.975319417554715e-05 -0.02155030874108216
0.7592357574720454 -8.061948835215001e-05 -0.0217843922428075
0.7638029271067222 -8.149401217913678e-05 -0.02202069949880924
0.7683975704717476 -8.237681482487004e-05 -0.02225924379499279
0.7730198528348741 -8.326794496283194e-05 -0.02250003828354069
0.7776699404580188 -8.416745076536217e-05 -0.02274309598122053
0.7823480006032453 -8.507537985934833e-05 -0.02298842975741192
0.7870542015387785 -8.599177927858388e-05 -0.02323605232123306
0.7917887125450584 -8.691669546674536e-05 -0.02348597622234518
0.7965517039208285 -8.785017424695654e-05 -0.02373821384272838
0.8013433469892614 -8.879226075187887e-05 -0.02399277737779126
0.8061638141041211 -8.974299942065013e-05 -0.02424967883554363
0.8110132786559631 -9.070243398436956e-05 -0.02450893003267448
0.8158919150783704 -9.167060739583119e-05 -0.02477054257556498
0.8207998988542287 -9.26475617944555e-05 -0.02503452785081264
0.8257374065220374 -9.363333851044965e-05 -0.02530089702635543
0.8307046156822607 -9.462797801120188e-05 -0.02556966103698684
0.8357017050037151 -9.5631519824291e-05 -0.02584083056355218
0.8407288542299962 -9.664400255104732e-05 -0.02611441603661278
0.8457862441859444 -9.766546383540224e-05 -0.02639042762802889
0.8508740567841485 -9.869594026516658e-05 -0.02666887522428377
0.8559924750314897 -9.973546736371512e-05 -0.02694976842423677
0.8611416830357236 -0.0001007840795848417 -0.02723311653773311
0.8663218660121029 -0.0001018418102245424 -0.02751892856176666
0.8715332102900397 -0.0001029086913583639 -0.02780721316355051
0.8767759033198074 -0.000103984753861643 -0.0280979786859862
0.882050133679283 -0.0001050700273505676 -0.02839123313173738
0.8873560910807308 -0.0001061645400657057 -0.02868698413175812
0.8926939663776258 -0.0001072683188946559 -0.02898523895141321
0.8980639515715189 -0.0001083813893459024 -0.02928600448341361
0.9034662398189428 -0.0001095037754197512 -0.02958928721294156
0.9089010254383604 -0.0001106354995823574 -0.02989509321063267
0.9143685039171535 -0.0001117765827781124 -0.03020342813592297
0.9198688719186553 -0.0001129270443271789 -0.03051429720936165
0.9254023272892237 -0.0001140869018199262 -0.03082770518408607
0.9309690690653579 -0.0001152561711579614 -0.03114365635690901
0.9365692974808579 -0.0001164348664951784 -0.03146215455238927
0.9422032139740265 -0.0001176230000750085 -0.0317832030788549
0.9478710211949153 -0.0001188205822540442 -0.03210680473478645
0.9535729230126136 -0.0001200276214898719 -0.03243296180552935
0.9593091245225821 -0.0001212441241834767 -0.03276167602070972
0.9650798320540293 -0.0001224700946181089 -0.0330929485377152
0.9708852531773335 -0.0001237055349983981 -0.03342677995226431
0.9767255967115094 -0.0001249504453401155 -0.03376317026861859
0.9826010727317186 -0.0001262048233059406 -0.03410211885520486
0.9885118925768263 -0.0001274686642685442 -0.03444362446166101
0.9944582688570029 -0.0001287419612590972 -0.03478768520492236
1.000440415461372 -0.0001300247047563194 -0.03513429851222021
1.006458547565703 -0.0001313168826951763 -0.03548346112343159
1.012512881640152 -0.0001326184804808213 -0.03583516909484673
1.018603635457047 -0.0001339294808082939 -0.03618941775044923
1.024731028098722 -0.0001352498635447243 -0.03654620165008638
1.030895279965397 -0.0001365796058038906 -0.03690551460961527
1.037096612783106 -0.0001379186818370702 -0.0372673496714096
1.043335249611672 -0.0001392670627978532 -0.03763169904080927
1.04961141485273 -0.000140624716821243 -0.03799855410749441
1.055925334257799 -0.0001419916089908939 -0.03836790543663247
1.062277234936404 -0.0001433677010832979 -0.03873974269975441
1.068667345364243 -0.0001447529515385911 -0.03911405466686613
1.075095895391404 -0.0001461473155146638 -0.0394908292210698
1.081563116250635 -0.0001475507446943432 -0.03987005330646208
1.088069240565661 -0.0001489631870881141 -0.04025171287482692
1.094614502359551 -0.0001503845871498363 -0.04063579291690377
1.101199137063137 -0.0001518148856791844 -0.04102227743602561
1.107823381523478 -0.0001532540195119867 -0.04141114936444468
1.114487474012384 -0.0001547019215975316 -0.04180239058422163
1.121191654234987 -0.000156158521001032 -0.0421959819278914
1.127936163338358 -0.0001576237426122054 -0.04259190309971794
1.134721243920186 -0.000159097507049646 -0.04299013264985439
1.141547140037501 -0.0001605797307692894 -0.04339064800365151
1.148414097215454 -0.0001620703258732919 -0.04379342541001461
1.155322362456149 -0.0001635691998138281 -0.04419843986136585
1.162272184247527 -0.0001650762555484168 -0.04460566513561529
1.169263812572304 -0.0001665913914677582 -0.04501507377666154
1.176297498916961 -0.0001681145010177798 -0.04542663699226402
1.183373496280794 -0.0001696454727464251 -0.0458403246666856
1.19049205918501 -0.0001711841903615767 -0.04625610537634431
1.197653443681885 -0.0001727305324197812 -0.04667394630570292
1.204857907363973 -0.0001742843721334674 -0.04709381319517678
1.212105709373372 -0.0001758455775452138 -0.0475156703882232
1.219397110411042 -0.0001774140113553372 -0.0479394807847537
1.22673237274619 -0.0001789895305177441 -0.04836520573192792
1.234111760225694 -0.0001805719864204044 -0.04879280507291999
1.241535538283603 -0.0001821612248581024 -0.04922223713955547
1.249003973950675 -0.0001837570856015551 -0.04965345863588174
1.256517335863991 -0.0001853594023776833 -0.05008642463283695
1.264075894276612 -0.0001869680030039352 -0.050521088604546
1.271679921067302 -0.000188582709079125 -0.05095740234478126
1.279329689750306 -0.0001902033356665491 -0.05139531588133657
1.287025475485191 -0.0001918296915385959 -0.05183477754212389
1.294767555086741 -0.0001934615790412715 -0.05227573391856648
1.302556207034913 -0.0001950987935913347 -0.05271812972971849
1.310391711484858 -0.0001967411238496679 -0.05316190786911185
1.318274350276994 -0.0001983883517652333 -0.05360700941663391
1.326204406947145 -0.0002000402521158386 -0.05405337351443655
1.334182166736741 -0.0002016965923833516 -0.05450093733321758
1.342207916603075 -0.0002033571329825136 -0.05494963613404897
1.350281945229628 -0.0002050216269804684 -0.0553994031925902
1.358404543036452 -0.0002066898196411656 -0.05585016967598021
1.366576002190616 -0.0002083614487317713 -0.05630186472563346
1.374796616616712 -0.000210036244446397 -0.05675441543663044
1.383066682007434 -0.0002117139288302764 -0.05720774670212324
1.391386495834208 -0.0002133942159023713 -0.057661781246465
1.399756357357896 -0.0002150768117989301 -0.0581164396640013
1.408176567639557 -0.0002167614143192124 -0.0585716402963193
1.416647429551278 -0.0002184477126624028 -0.05902729916115847
1.425169247787069 -0.0002201353877613861 -0.05948333004260093
1.433742328873819 -0.0002218241120590816 -0.05993964443063411
1.442366981182327 -0.0002235135489225427 -0.06039615136283312
1.45104351493839 -0.0002252033529834279 -0.0608527575163604
1.459772242233963 -0.0002268931701492527 -0.06130936721100595
1.468553477038385 -0.000228582636993473 -0.06176588224438041
1.477387535209671 -0.0002302713807839093 -0.06222220189959549
1.486274734505876 -0.0002319590197483401 -0.06267822301703077
1.495215394596523 -0.0002336451626634732 -0.06313383988326841
1.504209837074101 -0.0002353294084399842 -0.06358894411896567
1.513258385465633 -0.0002370113465567601 -0.0640434247961926
1.522361365244312 -0.0002386905569201827 -0.06449716840040898
1.531519103841213 -0.0002403666091886865 -0.06495005864795121
1.540731930657063 -0.0002420390630975287 -0.06540197657378936
1.550000177074097 -0.0002437074685920564 -0.06585280056753749
1.55932417646797 -0.0002453713652351133 -0.06630240621332767
1.568704264219756 -0.000247030282099874 -0.06675066626085242
1.578140777728008 -0.0002486837381760008 -0.06719745073511332
1.587634056420891 -0.0002503312420465071 -0.06764262684910557
1.597184441768398 -0.0002519722913255163 -0.06808605885189326
1.606792277294626 -0.0002536063731731624 -0.06852760816774207
1.616457908590138 -0.0002552329642679022 -0.06896713338863769
1.626181683324388 -0.0002568515301027823 -0.06940449008412823
1.635963951258232 -0.0002584615252422542 -0.06983953087071908
1.645805064256506 -0.0002600623936058209 -0.07027210548851753
1.655705376300682 -0.0002616535679499873 -0.0707020606612495
1.665665243501602 -0.0002632344696136637 -0.07112924002746432
1.675685024112287 -0.0002648045090608432 -0.07155348428717284
1.685765078540822 -0.0002663630856812363 -0.0719746311479766
1.695905769363321 -0.0002679095871365268 -0.07239251514841782
1.70610746133697 -0.0002694433899085257 -0.07280696780609758
1.716370521413142 -0.0002709638594148191 -0.07321781764892518
1.726695318750602 -0.0002724703493542143 -0.07362489003824969
1.737082224728785 -0.0002739622018573846 -0.07402800720956587
1.747531612961148 -0.0002754387479343279 -0.07442698839342317
1.758043859308618 -0.0002768993070889929 -0.07482164971129292
1.768619341893104 -0.0002783431869411697 -0.07521180407339843
1.779258441111101 -0.0002797696838818483 -0.07559726135580104
1.789961539647373 -0.0002811780830257676 -0.07597782838757822
1.800729022488719 -0.0002825676575606668 -0.07635330877498325
1.811561276937818 -0.000283937669269001 -0.07672350304241927
1.822458692627162 -0.0002852873688129857 -0.07708820870946183
1.83342166153307 -0.0002866159952111748 -0.07744722014942378
1.844450577989788 -0.0002879227758781485 -0.07780032860007936
1.855545838703674 -0.0002892069272259336 -0.07814732232617554
1.866707842767465 -0.0002904676544600575 -0.07848798656432325
1.877936991674634 -0.0002917041511519931 -0.0788221034074667
1.88923368933383 -0.0002929155999596174 -0.07914945199956012
1.90059834208341 -0.0002941011727527235 -0.07946980856948291
1.912031358706049 -0.0002952600300790187 -0.07978294628674544
1.923533150443451 -0.0002963913216196562 -0.08008863538457957
1.935104131011135 -0.0002974941866470648 -0.08038664328364981
1.946744716613318 -0.0002985677537087849 -0.08067673450662204
1.958455325957888 -0.0002996111406028243 -0.08095867067150408
1.970236380271462 -0.0003006234550946289 -0.0812322106853804
1.982088303314539 -0.0003016037949236446 -0.08149711074618507
1.994011521396743 -0.0003025512474526108 -0.08175312424793647
2.006006463392153 -0.0003034648903913248 -0.08200000197630757
2.018073560754737 -0.0003043437921027623 -0.08223749219134337
2.030213247533863 -0.0003051870112987043 -0.08246534054521568
2.042425960389917 -0.0003059935974371749 -0.08268329018961559
2.05471213861001 -0.000306762591321421 -0.0828910819376054
2.067072224123773 -0.0003074930250465443 -0.08308845424919779
2.079506661519261 -0.0003081839220201462 -0.08327514323693451
2.092015898058938 -0.0003088342977291414 -0.08345088287308872
2.104600383695769 -0.0003094431599598825 -0.08361540504914566
2.117260571089404 -0.0003100095086822436 -0.08376843954448054
2.129996915622458 -0.0003105323367308399 -0.08390971421043243
2.142809875416892 -0.0003110106302700531 -0.08403895509596014
2.155699911350493 -0.0003114433688112497 -0.0841558864522946
2.16866748707345 -0.0003118295256287951 -0.08426023084535127
2.181713069025031 -0.0003121680684282757 -0.08435170933629192
2.194837126450363 -0.0003124579595756802 -0.08443004154345247
2.208040131417308 -0.0003126981563317279 -0.0844949457056612
2.221322558833443 -0.0003128876115891887 -0.08454613888147199
2.234684886463145 -0.0003130252742810896 -0.08458333705946675
2.248127594944775 -0.0003131100896442844 -0.08460625522947524
2.261651167807962 -0.0003131409998757623 -0.08461460755991784
2.275256091491004 -0.0003131169446846059 -0.08460810754695153
2.288942855358358 -0.0003130368616807054 -0.08458646811950525
2.302711951718243 -0.0003128996869633919 -0.08454940179833612
2.316563875840352 -0.0003127043557514513 -0.0844966208662668
2.330499125973664 -0.0003124498028678803 -0.0844278374991729
2.344518203364364 -0.0003121349633848265 -0.08434276394025367
2.358621612273878 -0.0003117587732732934 -0.08424111267559037
2.372809859997005 -0.0003113201699302909 -0.08412259657658913
2.387083456880169 -0.0003108180929182619 -0.08398692909978302
2.401442916339774 -0.0003102514847028987 -0.08383382448619935
2.415888754880671 -0.0003096192911646069 -0.08366299789956361
2.430421492114737 -0.0003089204623462149 -0.0834741656283399
2.445041650779565 -0.000308153953431031 -0.08326704535001417
2.459749756757268 -0.0003073187252122413 -0.0830413562579314
2.474546339093393 -0.0003064137447564262 -0.08279681924058593
2.489431930015952 -0.0003054379866229417 -0.08253315721111376
2.504407064954564 -0.0003043904334434991 -0.08225009526390197
2.519472282559719 -0.0003032700764349977 -0.08194736081316266
2.534628124722145 -0.0003020759166330105 -0.08162468392623613
2.549875136592308 -0.0003008069659079772 -0.0812817975981789
2.565213866600017 -0.0002994622472646781 -0.08091843783268542
2.580644866474148 -0.0002980407958620118 -0.0805343439176445
2.596168691262497 -0.0002965416606117361 -0.08012925885713935
2.611785899351737 -0.000294963904393054 -0.07970292942943114
2.627497052487508 -0.000293306604760718 -0.07925510637829779
2.64330271579462 -0.0002915688558088793 -0.07878554491666925
2.659203457797384 -0.0002897497688091458 -0.07829400489903864
2.675199850440056 -0.0002878484725072043 -0.07778025090161342
2.691292469107416 -0.0002858641147681299 -0.07724405266689845
2.707481892645458 -0.0002837958641271307 -0.07668518552272659
2.723768703382218 -0.0002816429096925489 -0.0761034303560483
2.740153487148712 -0.0002794044622800969 -0.0754985739194166
2.756636833300016 -0.000277079756791046 -0.07487040947360316
2.77321933473646 -0.0002746680521716871 -0.07421873677664409
2.789901587924954 -0.0002721686319586207 -0.07354336223118423
2.806684192920446 -0.0002695808067268413 -0.07284409954597998
2.823567753387507 -0.0002669039150154933 -0.07212076998605019
2.840552876622036 -0.0002641373231619457 -0.07137320232784104
2.857640173573115 -0.0002612804271697607 -0.07060123336397446
2.874830258864976 -0.0002583326550375334 -0.06980470853252975
2.892123750819116 -0.0002552934661215909 -0.06898348174483682
2.909521271476531 -0.0002521623521696767 -0.06813741566479072
2.927023446620097 -0.0002489388404691235 -0.06726638255952717
2.944630905797074 -0.0002456224936975094 -0.0663702642590681
2.962344282341753 -0.0002422129100235733 -0.06544895218359006
2.980164213398238 -0.0002387097259346332 -0.06450234810742812
2.998091339943359 -0.0002351126177245467 -0.06353036456114136
3.016126306809736 -0.0002314213006236813 -0.06253292459641985
3.034269762708964 -0.0002276355306123601 -0.06150996227610044
3.052522360254954 -0.0002237551076491407 -0.06046142354648799
3.070884755987404 -0.0002197798744638719 -0.05938726591122422
3.089357610395416 -0.0002157097172164819 -0.05828745860930051
3.107941587941251 -0.0002115445692083311 -0.05716198361791171
3.126637357084233 -0.0002072844108822083 -0.05601083565245519
3.14544559030479 -0.0002029292691720536 -0.05483402199081788
3.164366964128648 -0.0001984792203728042 -0.05363156324884424
3.183402159151157 -0.0001939343924098855 -0.05240349399358135
3.202551860061779 -0.0001892949630972526 -0.05114986227257975
3.221816755668715 -0.0001845611615783847 -0.04987073000326828
3.241197538923678 -0.0001797332723281862 -0.04856617405431758
3.260694906946819 -0.0001748116335295709 -0.04723628580697304
3.280309561051807 -0.0001697966370339286 -0.04588117114437218
3.300042206771049 -0.0001646887322461239 -0.04450095150132003
3.319893553881069 -0.0001594884265535457 -0.04309576398022351
3.339864316428041 -0.0001541962836692523 -0.04166576090338859
3.359955212753471 -0.000148812926125963 -0.04021111048692807
3.380166965520037 -0.0001433390383621049 -0.03873199767464972
3.400500301737581 -0.0001377753640914114 -0.03722862342728921
3.42095595278926 -0.0001321227070588556 -0.03570120492677255
3.441534654457853 -0.0001263819353943646 -0.03414997675264423
3.46223714695223 -0.0001205539798873278 -0.03257519041581758
3.483064174933973 -0.0001146398329347487 -0.03097711407435256
3.504016487544163 -0.0001086405520866777 -0.02935603349147565
3.525094838430328 -0.0001025572610742258 -0.02771225231336222
3.546299985773546 -9.639114703081188e-05 -0.0260460913182828
3.567632692315724 -9.014346219637292e-05 -0.02435788887710185
3.589093725387028 -8.381552755285056e-05 -0.02264800193563177
3.610683856933487 -7.740872949831271e-05 -0.02091680511593889
3.632403863544755 -7.092451963405891e-05 -0.01916469065881683
3.654254526482051 -6.436441885661422e-05 -0.01739206952949419
3.676236631706256 -5.773001582070813e-05 -0.01559937100231237
3.698350969906183 -5.102296473527764e-05 -0.01378704206517803
3.720598336527025 -4.424498804510831e-05 -0.01195554814417603
3.742979531798957 -3.739787779781583e-05 -0.01010537347294484
3.765495360765927 -3.048349203641904e-05 -0.0082370201179048
3.788146633314612 -2.350375545782796e-05 -0.006351008156189781
3.810934164203546 -1.646066279754075e-05 -0.00444787659023457
3.833858773092431 -9.356275293319575e-06 -0.002528182392215924
3.856921284571616 -2.192719302172636e-06 -0.0005925001303438558
3.880122528191761 5.02781058843957e-06 0.001358577190451587
3.903463338493672 1.230305269013056e-05 0.003324438433732439
3.926944555038322 1.963068160829951e-05 0.005304455248846281
3.950567022437048 2.700830689075195e-05 0.007297981705766685
3.974331590381932 3.443347137640885e-05 0.009304353848893792
3.998239113676364 4.190365567378121e-05 0.01132289090719405
4.02229045226579 4.941627878857222e-05 0.01335289546378617
4.046486471268643 5.696869543836457e-05 0.01539365273033609
4.070828041007458 6.455819957464334e-05 0.01744443149875154
4.095316037040186 7.218202692459456e-05 0.01950448482800778
4.119951340191675 7.983735333632385e-05 0.02157304959700495
4.144734836585366 8.752129577792851e-05 0.02364934677452986
4.169667417675155 9.52309165245929e-05 0.02573258255066146
4.194749980277468 0.0001029632232947559 0.02782194837356494
4.219983426603512 0.0001107151682367182 0.02991662067566037
4.24536866429173 0.0001184836525539846 0.032015762123448
4.270906606440451 0.0001262655283024678 0.03411852210313508
4.296598171640729 0.0001340575973186613 0.03622403643101482
4.322444284009386 0.0001418566144709309 0.03833142823200598
4.348445873222255 0.0001496592910250315 0.04043980884905753
4.374603874547618 0.0001574622947744457 0.04254827787836764
4.400919228879844 0.0001652622513865524 0.04465592353313544
4.42739288277324 0.0001730557487834197 0.04676182382730582
4.454025788476091 0.0001808393386480165 0.04886504698256658
4.480818903964917 0.0001886095368936058 0.05096465155518452
4.50777319297893 0.0001963628279106474 0.05305968758357138
4.534889625054696 0.00020409566719745 0.05514919729911905
4.562169175561013 0.0002118044823131103 0.05723221538369547
4.589612825733993 0.0002194856760616035 0.05930776983002576
4.617221562712357 0.0002271356300182097 0.06137488289457652
4.644996379572944 0.0002347507063366745 0.0634325715858733
4.672938275366425 0.0002423272501956003 0.06547984832554601
4.701048255153248 0.0002498615936401761 0.06751572198641238
4.729327330039782 0.000257350058022911 0.06953919855199443
4.757776517214689 0.0002647889565520063 0.0715492818051206
4.786396839985513 0.0002721745979306114 0.073544974311298
4.815189327815487 0.0002795032891511905 0.07552527817378532
4.844155016360561 0.0002867713384116426 0.07748919582156476
4.873294947506656 0.0002939750587729371 0.07943573099768081
4.902610169407141 0.0003011107709730098 0.08136388951959017
4.932101736520533 0.0003081748063872815 0.08327268007913077
4.961770709648425 0.0003151635112733055 0.08516111538947857
4.991618155973645 0.0003220732494602632 0.08702821291188276
5.021645149098641 0.0003289004050162554 0.08887299557640121
5.051852769084097 0.0003356413869209031 0.0906944930444957
5.082242102487784 0.0003422926323141068 0.09249174258688693
5.112814242403641 0.0003488506085158159 0.09426378962932162
5.1435702885011 0.0003553118173322056 0.09600968891615538
5.174511347064628 0.0003616727998546675 0.09772850580709956
5.205638531033534 0.0003679301377038977 0.09941931661338969
5.23695296004199 0.0003740804563126404 0.1010812094848236
5.26845576045931 0.0003801204312157291 0.1027132861094093
5.300148065430462 0.0003860467893904891 0.104314662075558
5.332031014916829 0.0003918563112130299 0.1058844674006994
5.364105755737212 0.0003975458366798466 0.1074218482124354
5.39637344160908 0.0004031122688093091 0.1089259676676657
5.42883523319007 0.0004085525739059701 0.1103960060240062
5.461492298119737 0.0004138637862800182 0.111831161915045
5.494345811061548 0.0004190430146338552 0.1132306540760746
5.52739695374514 0.0004240874411869754 0.1145937211076241
5.560646915008824 0.0004289943243153095 0.1159196221886422
5.594096890842349 0.0004337610064113246 0.1172076392003948
5.627748084429916 0.0004383849142237188 0.1184570768182545
5.661601706193463 0.0004428635590876549 0.1196672625739127
5.695658973836199 0.0004471945436214986 0.1208375486649217
5.729921112386407 0.0004513755658497151 0.1219673130687531
5.764389354241504 0.00045540441698884 0.1230559589445396
5.799064939212376 0.0004592789854482121 0.1241029157141222
5.833949114567966 0.0004629972646642 0.125107641178957
5.869043135080146 0.0004665573501279268 0.1260696207169688
5.904348263068843 0.000469957440429885 0.1269883675648188
5.939865768447451 0.0004731958455873695 0.1278634250680818
5.975596928768503 0.0004762709870475445 0.1286943666820742
6.01154302926963 0.0004791813954033279 0.1294807953546575
6.047705362919785 0.0004819257162725754 0.1302223451148678
6.084085230465758 0.0004845027153645164 0.1309186824419293
6.120683940478954 0.0004869112735989998 0.131569504946414
6.15750280940247 0.000489150389417046 0.132174541994582
6.194543161598441 0.0004912191871412605 0.1327335569674687
6.231806329395683 0.0004931169125812903 0.1332463460734251
6.269293653137611 0.0004948429317267877 0.1337127379949401
6.307006481230453 0.0004963967381463029 0.1341325958879133
6.344946170191752 0.0004977779532416458 0.1345058174503872
6.383114084699157 0.0004989863211914679 0.1348323335562396
6.421511597639515 0.0005000217128731532 0.1351121093149278
6.460140090158249 0.0005008841314721077 0.135345145587188
6.499000951709037 0.0005015737054302422 0.1355314770796283
6.538095580103793 0.0005020906884612225 0.1356711723488485
6.577425381562945 0.0005024354670087166 0.1357643358167523
6.616991770766014 0.0005026085554145069 0.1358111064649106
6.656796170902505 0.0005026105919763731 0.1358116567693522
6.696840013723089 0.0005024423441596682 0.135766194108797
6.737124739591115 0.000502104709250881 0.1356749609412561
6.777651797534409 0.0005015987069717732 0.1355382328082805
6.818422645297399 0.0005009254808007463 0.1353563186920099
6.859438749393552 0.0005000863030865299 0.1351295623969555
6.900701585158119 0.00049908256691709 0.1348583403528777
6.942212636801205 0.0004979157837030473 0.1345430609617955
6.983973397461158 0.0004965875883767302 0.1341841660028351
7.025985369258271 0.000495099734873785 0.133782129411305
7.068250063348816 0.0004934540899743474 0.1333374556145038
7.110768999979402 0.0004916526355975856 0.1328506801517338
7.153543708541653 0.0004896974694045283 0.132322369837193
7.196575727627224 0.0004875907961716506 0.1317531204290106
7.239866605083138 0.0004853349265488586 0.1311435562936383
7.28341789806747 0.0004829322803410818 0.130494331292578
7.327231173105349 0.0004803853786011328 0.1298061266457737
7.37130800614531 0.0004776968392036743 0.1290796497356419
7.41564998261598 0.0004748693789815448 0.1283156346843337
7.460258697483103 0.0004719058097133551 0.1275148412695334
7.505135755306914 0.0004688090308388713 0.1266780529560636
7.550282770299852 0.0004655820288679843 0.1258060767361817
7.59570136638462 0.0004622278770417935 0.1248997430380007
7.641393177252606 0.0004587497269069326 0.1239599034487662
7.687359846422636 0.0004551508051451989 0.1229874298581831
7.733603027300095 0.0004514344140758356 0.1219832145941387
7.780124383236402 0.0004476039248581033 0.1209481685859523
7.826925587588838 0.0004436627720850755 0.1198832199035513
7.874008323780734 0.0004396144528704274 0.1187893135107103
7.921374285362025 0.0004354625229549369 0.1176674102129789
7.969025176070168 0.000431210589782292 0.1165184847866787
8.016962709891423 0.000426862309792124 0.1153435252474466
8.065188611122505 0.0004224213862445105 0.1141435322623887
8.113704614432605 0.0004178915623133949 0.1129195172838361
8.162512464925786 0.0004132766170421184 0.1116725014564788
8.211613918203758 0.0004085803629496325 0.1104035149705348
8.26101074042902 0.0004038066405961057 0.1091135955933087
8.310704708388393 0.0003989593135337836 0.1078037873048518
8.360697609556926 0.0003940422650820159 0.1064751394265335
8.410991242162195 0.0003890593940535806 0.1051287054662408
8.461587415248985 0.0003840146095437583 0.1037655417103215
8.512487948744354 0.0003789118273108886 0.102386706245565
8.563694673523104 0.0003737549654640181 0.1009932577939513
8.615209431473632 0.0003685479397152683 0.099586254429781
8.667034075564182 0.0003632946598058846 0.09816675261394962
8.719170469909495 0.0003579990250307353 0.0967358059846111
8.771620489837867 0.0003526649195143826 0.09529446408071338
8.824386021958594 0.0003472962091154763 0.09384377150552664
8.877468964229841 0.0003418967373695861 0.09238476683034635
8.930871226026907 0.0003364703199949124 0.09091848110986742
8.984594728210904 0.0003310207424416153 0.0894459372199823
9.038641403197854 0.0003255517567419476 0.08796814900664778
9.09301319502819 0.0003200670755201131 0.08648611966727381
9.147712059436689 0.0003145703692405714 0.08500084100718112
9.202739963922818 0.0003090652643680197 0.08351329294240534
9.258098887821502 0.0003035553381118644 0.08202444207958746
9.313790822374321 0.0002980441139067779 0.08053524049476425
9.369817770801134 0.0002925350610895386 0.07904662564604592
9.426181748372137 0.0002870315913310579 0.07755951940950562
9.482884782480346 0.000281537052198592 0.07607482633960844
9.539928912714528 0.0002760547274388902 0.07459343374572189
9.597316190932558 0.0002705878353781607 0.0731162112597664
9.655048681335227 0.0002651395224646208 0.07164400909133201
9.713128460540494 0.0002597128617713508 0.07017765762313065
9.771557617658175 0.0002543108537243978 0.06871796760773884
9.830338254365088 0.0002489364214838938 0.0672657289195184
9.889472484980656 0.0002435924062759574 0.06582170929323769
9.948962436542953 0.0002382815699781235 0.06438665502268712
10.00881024888521 0.0002330065930808316 0.06296129040984796
10.06901807471279 0.0002277700680991503 0.06154631598465785
10.12958807968063 0.0002225745018025779 0.06014240910753081
10.1905224424711 0.000217422315858996 0.05875022414336174
10.25182335487242 0.0002123158412300075 0.05737039094707647
10.31349302185747 0.0002072573171506312 0.05600351458793271
10.3755336616631 0.0002022488945364364 0.05465017627017026
10.43794750586993 0.0001972926330494986 0.05331093254019573
10.50073679948262 0.0001923904964461251 0.05198631402947969
10.56390380101059 0.0001875443573877514 0.05067682675452123
10.62745078254932 0.0001827559974155985 0.04938295210999979
10.69138002986203 0.0001780271013115263 0.04810514534500752
10.7556938424619 0.0001733592601429948 0.0468438363858357
10.82039453369479 0.0001687539742134744 0.0455994306332125
10.88548443082247 0.0001642126492824196 0.04437230794089266
10.95096587510631 0.0001597365956098898 0.04316282235750211
11.01684122189147 0.0001553270334007244 0.04197130359762206
11.08311284069168 0.0001509850919513933 0.04079805681125727
11.14978311527443 0.0001467118056327171 0.03964336149831706
11.21685444374672 0.0001425081196964421 0.03850747307762422
11.28432923864131 0.0001383748921871845 0.03739062340354626
11.35220992700354 0.0001343128901091692 0.0362930197302004
11.42049895047856 0.0001303227923730758 0.03521484550772806
11.48919876539923 0.0001264051944515981 0.03415626164028528
11.55831184287442 0.0001225606067728987 0.03311740605193399
11.62784066887791 0.0001187894538923948 0.03209839346284826
11.69778774433782 0.0001150920807878811 0.03109931709033511
11.76815558522656 0.00011146875387501 0.03012024892322984
11.83894672265132 0.0001079196584768629 0.02916123903814268
11.91016370294514 0.0001044449039277346 0.02822231697856513
11.98180908775847 0.0001010445270770803 0.02730349270167995
12.05388545415131 9.771849093322448e-05 0.02640475621187467
12.12639539468595 9.446668664462747e-05 0.02552607809610427
12.19934151752018 9.128893889992867e-05 0.02466741098305046
12.27272644650111 8.818500628803933e-05 0.02382868964042318
12.34655282125957 8.515458086824558e-05 0.02300983085879708
12.42082329730504 8.219729415981115e-05 0.02221073507007692
12.49554054612116 7.931271928170817e-05 0.02143128692567961
12.57070725526186 7.650036994578331e-05 0.02067135502447508
12.64632612844798 7.375970491556483e-05 0.01993079311761161
12.72239988566455 7.109013180010067e-05 0.01920944113365829
12.79893126325863 6.849100710162211e-05 0.0185071251914843
12.87592301403773 6.596163818220488e-05 0.01782365813167528
12.95337790736882 6.350128814767979e-05 0.01715884083622701
13.03129872927796 6.110917726942013e-05 0.01651246261273007
13.10968828255048 5.878448338021444e-05 0.01588430130133961
13.18854938683184 5.652634657902555e-05 0.01527412454606
13.26788487872902 5.433387172901929e-05 0.01468169046974335
13.34769761191256 5.220612890103058e-05 0.0141067477939196
13.42799045721921 5.014215660171507e-05 0.01354903671108339
13.50876630275517 4.814096513138416e-05 0.01300828979202302
13.59002805400002 4.62015377255234e-05 0.01248423229427291
13.67177863391118 4.432283232221312e-05 0.01197658263969282
13.7540209830291 4.250378518236753e-05 0.01148505339270155
13.83675805958297 4.07433126380917e-05 0.0110093517327049
13.91999283959716 3.904031228768105e-05 0.01054917977699942
14.00372831699829 3.739366608948252e-05 0.01010423541677231
14.08796750372286 3.580224248191005e-05 0.009674212889956089
14.17271342982564 3.426489769177456e-05 0.00925880313475569
14.25796914358864 3.27804779892934e-05 0.008857694398980157
14.34373771163077 3.134782193624322e-05 0.008470572847521621
14.43002221901811 2.996576184128748e-05 0.008097122955602967
14.51682576937491 2.863312553848122e-05 0.007737027989352019
14.60415148499523 2.734873842812742e-05 0.007389970557266404
14.69200250695523 2.611142489341884e-05 0.007055632993007881
14.78038199522615 2.492000994996916e-05 0.006733697801126226
14.86929312878798 2.377332099580951e-05 0.006423848129930163
14.95873910574384 2.267018902667366e-05 0.006125768099872577
15.04872314343496 2.160945012563056e-05 0.005839143206067838
15.13924847855642 2.058994714815312e-05 0.00556366077361841
15.2303183672736 1.961053060874801e-05 0.005299010197193296
15.3219360853393 1.867005984588176e-05 0.005044883255805628
15.41410492821153 1.776740482208052e-05 0.004800974599222066
15.50682821117208 1.690144675396431e-05 0.004566981918205947
15.60010926944577 1.607107883573555e-05 0.004342606140012903
15.69395145832038 1.527520791433323e-05 0.00412755188103843
15.7883581532674 1.451275531670799e-05 0.003921527670357952
15.88333275006339 1.378265702176681e-05 0.003724245996188414
15.97887866491215 1.308386486557156e-05 0.003535423631547986
16.07499933456759 1.241534789277155e-05 0.003354781999429995
16.17169821645737 1.177609205986234e-05 0.003182047092619768
16.26897878880723 1.116510081980635e-05 0.003016949631666408
16.36684455076612 1.058139675717299e-05 0.002859225506718071
16.46529902253208 1.002402132121152e-05 0.002708615705394931
16.56434574547881 9.492034758387176e-06 0.002564866294559587
16.66398828228309 8.98451743143451e-06 0.002427728776741748
16.76423021705294 8.500570213968921e-06 0.002296960196767194
16.86507515545651 8.039313789199523e-06 0.002172322952261244
16.96652672485178 7.599889294482822e-06 0.002053584967815193
17.06858857441703 7.181459348393598e-06 0.001940519972513703
17.17126437528214 6.783207456838241e-06 0.001832907339459197
17.27455782066058 6.404337660606559e-06 0.001730531990535968
17.37847262598229 6.04407488543733e-06 0.001633184491002258
17.48301252902732 5.70166567131077e-06 0.001540661246554186
17.58818129006027 5.376377547979525e-06 0.001452764334586429
17.69398269196554 5.067499484299915e-06 0.00136930162560713
17.80042054038342 4.774341263858672e-06 0.001290086614524451
17.90749866384694 4.49623290163944e-06 0.001214938263022578
18.01522091391964 4.232525093322708e-06 0.001143681120968171
18.12359116533404 3.982589726744852e-06 0.001076145464612982
18.23261331613107 3.745818670531432e-06 0.001012166969267453
18.34229128780023 3.521623302829329e-06 0.0009515865819582497
18.45262902542071 3.309435303875658e-06 0.00089425073559028
18.56363049780323 3.108706054402373e-06 0.0008400111863881076
18.67529969763284 2.91890554397207e-06 0.0007887247189146568
18.78764064161249 2.739522679249039e-06 0.0007402532293698988
18.90065737060757 2.570065524768526e-06 0.0006944637906497128
19.0143539497912 2.410059882164721e-06 0.0006512282684355506
19.12873446879051 2.259049042643231e-06 0.0006104232543094091
19.24380304183367 2.116594405006473e-06 0.0005719302327520057
19.35956380789796 1.982274307271853e-06 0.0005356352654314252
19.47602093085858 1.855683276682479e-06 0.0005014287885466507
19.59317859963845 1.736432430834965e-06 0.0004692057212173039
19.71104102835891 1.624149044509318e-06 0.000438865348435673
19.82961245649123 1.5184753775319e-06 0.0004103110043406513
19.94889714900919 1.419068638765469e-06 0.0003834500624873967
20.06889939654243 1.325601194837233e-06 0.0003581939922482582
20.18962351553079 1.237759301407138e-06 0.0003344580159856273
20.31107384837959 1.155242666570922e-06 0.0003121609910779928
20.4332547636158 1.077764792799333e-06 0.0002912255023161864
20.55617065604522 1.005052115365153e-06 0.0002715776290956083
20.67982594691049 9.368431996192922e-07 0.0002531467285102064
20.80422508405019 8.728888455347042e-07 0.0002358654636015472
20.92937254205879 8.129518415052577e-07 0.0002196697368321975
21.05527282244758 7.568059293401891e-07 0.0002044984104143035
21.18193045380665 7.042355916574498e-07 0.0001902932488606195
21.30934999196772 6.550361942316361e-07 0.0001769989574486955
21.43753602016806 6.090130303966283e-07 0.00016456292400654
21.5664931492153 5.659808455895069e-07 0.0001529350904384507
21.69622601765332 5.257639709058324e-07 0.0001420679888133182
21.82673929192908 4.881957757818959e-07 0.0001319165934725372
21.95803766656046 4.531179618923229e-07 0.0001224381302323239
22.09012586430514 4.20380504925999e-07 0.000113592060650844
22.22300863633048 3.898415382255691e-07 0.0001053400505861527
22.35669076238438 3.613665612679864e-07 9.764575631775768e-05
22.49117705096725 3.348281829202498e-07 9.047475517111365e-05
22.62647233950495 3.101061913633155e-07 8.379456441193638e-05
22.76258149452277 2.870869262287142e-07 7.757447158967817e-05
22.89950941182054 2.656628576273626e-07 7.178542078585706e-05
23.03726101664865 2.457325980832798e-07 6.640001583869607e-05
23.17584126388527 2.272005994620288e-07 6.139243844940428e-05
23.31525513821456 2.09976612358756e-07 5.673830210207597e-05
23.45550765430593 1.939755675214173e-07 5.241462002276591e-05
23.59660385699449 1.791175278994772e-07 4.839979222244924e-05
23.73854882146243 1.653271549334254e-07 4.46734612817857e-05
23.88134765342164 1.525334800581003e-07 4.121645060846504e-05
24.02500548929732 1.406699192156248e-07 3.801076835878346e-05
24.16952749641275 1.296739089619023e-07 3.503950910907579e-05
24.31491887317515 1.19486584477961e-07 3.228676685036094e-05
24.46118484926266 1.100527383874524e-07 2.973762386031573e-05
24.60833068581249 1.013206705430912e-07 2.73781101136957e-05
24.7563616756101 9.324182079103045e-08 2.519510405068455e-05
24.90528314327963 8.577065303693392e-08 2.317630125009951e-05
25.05510044547539 7.886463264048946e-08 2.131020832110657e-05
25.20581897107455 7.248390644317165e-08 1.958605644272738e-05
25.357444141371 6.659112962432833e-08 1.799375457819213e-05
25.5099814102703 6.115145211146624e-08 1.652388580282913e-05
25.66343626448592 5.613232937702091e-08 1.516765617898987e-05
25.81781422373652 5.150330353179716e-08 1.39168356047638e-05
25.97312084094457 4.723595189774607e-08 1.276374391770058e-05
26.12936170243603 4.330381919983659e-08 1.170123257220723e-05
26.28654242814131 3.968219303700397e-08 1.072262396899528e-05
26.44466867179741 3.634801556221833e-08 9.821687589932695e-06
26.6037461211513 3.327986826328168e-08 8.992635885625225e-06
26.76378049816449 3.045779947165624e-08 8.230077666148323e-06
26.92477755921884 2.78632078423069e-08 7.52898661584592e-06
27.08674309532363 2.547882184633427e-08 6.884695751983848e-06
27.24968293232387 2.328860943006486e-08 6.292873013508138e-06
27.41360293110984 2.127764426340377e-08 5.749485119680112e-06
27.57850898782788 1.943206379141542e-08 5.250786235089786e-06
27.74440703409252 1.773903936113008e-08 4.793309897546049e-06
27.91130303719981 1.6186652554292e-08 4.373835601641289e-06
28.07920300034196 1.47638367022865e-08 3.989372995354536e-06
28.24811296282329 1.346036451392698e-08 3.637158536925051e-06
28.41803900027744 1.226676480675735e-08 3.314632994610692e-06
28.58898722488593 1.11742508919326e-08 3.019422095388546e-06
28.76096378559799 1.017470195922105e-08 2.749331494950156e-06
28.93397486835177 9.26062456147586e-09 2.502336370324872e-06
29.1080266962968 8.425077562652264e-09 2.276561139897123e-06
29.28312553001787 7.66164377920328e-09 2.070271800557503e-06
29.4592776677602 6.964417128342445e-09 1.881872455002908e-06
29.63648944565603 6.327940428285401e-09 1.709888504585283e-06
29.81476723795246 5.747170217087855e-09 1.552957142922429e-06
29.99411745724076 5.217467799167896e-09 1.409824936556545e-06
30.17454655468706 4.734562292544004e-09 1.279337839856607e-06
30.35606102026435 4.294510579227687e-09 1.160430373114461e-06
30.53866738298595 3.893684426020774e-09 1.052122142423461e-06
30.72237221114033 3.528754967846934e-09 9.535136468809296e-07
30.90718211252742 3.196654300394689e-09 8.637759004408041e-07
31.09310373469621 2.894558754304282e-09 7.821459123901164e-07
31.28014376518396 2.619882694082449e-09 7.079250117383469e-07
31.46830893175665 2.370250185820944e-09 6.404711914812565e-07
31.65760600265105 2.143475511720503e-09 5.791938433819976e-07
31.84804178681812 1.937557326116715e-09 5.235521788563442e-07
32.03962313416796 1.750663576506246e-09 4.730511544457256e-07
32.23235693581619 1.581110895821469e-09 4.272359033525554e-07
32.42625012433181 1.427356916485831e-09 3.85689658602036e-07
32.62130967398656 1.287994269685462e-09 3.480321315704332e-07
32.81754260100581 1.161732545171403e-09 3.139146372984145e-07
33.01495596382091 1.047389290279683e-09 2.830176623139025e-07
33.21355686332307 9.438868443342309e-10 2.550500092482205e-07
33.4133524431188 8.502404925595353e-10 2.297455958754024e-07
33.61434988978685 7.655484871483203e-10 2.068607586800957e-07
33.81655643313671 6.889886445878785e-10 1.861733334126569e-07
34.01997934646867 6.198126065713975e-10 1.674811043157428e-07
34.22462594683541 5.573360555362748e-10 1.50599160240609e-07
34.43050359530524 5.009346233607882e-10 1.35358789125873e-07
34.63761969722685 4.500415395128006e-10 1.216068424979323e-07
34.84598170249565 4.041398713871897e-10 1.092036387132632e-07
35.0555971058218 3.627580149171264e-10 9.802174446529031e-08
35.26647344699975 3.254680718120042e-10 8.794553629381665e-08
35.47861831117944 2.918812749623057e-10 7.886996447230669e-08
35.69203932913916 2.616432465759954e-10 7.069927169714022e-08
35.90674417756002 2.344322025118937e-10 6.334650787607211e-08
36.12274057930207 2.099568918255815e-10 5.673297336781217e-08
36.34003630368208 1.879522962585011e-10 5.078705693029066e-08
36.55863916675303 1.6817763669749e-10 4.544369704113602e-08
36.77855703158521 1.504154135367071e-10 4.064412259148676e-08
36.9997978085491 1.344683401894755e-10 3.63350242826081e-08
37.22236945559986 1.20157226467595e-10 3.246798268855715e-08
37.4462799785636 1.073201806941027e-10 2.899925265708984e-08
37.67153743142533 9.58109653427343e-11 2.588931898291435e-08
37.89814991661868 8.549690303120675e-11 2.310233058093348e-08
38.12612558531732 7.625801033511693e-11 2.060586643194632e-08
38.35547263772817 6.798628188073375e-11 1.837074213558294e-08
38.58619932338635 6.058394287192864e-11 1.637053772126474e-08
38.81831394145193 5.396254359997647e-11 1.458135297344812e-08
39.05182484100842 4.804255725682644e-11 1.298169875574923e-08
39.2867404213631 4.275225944667897e-11 1.155219424098329e-08
39.52306913234914 3.802679918738534e-11 1.027531588414482e-08
39.76081947462954 3.380782901350955e-11 9.135297471636941e-09
40.00000000000288 3.00429502836889e-11 8.117980236395165e-09
