##########################################################################################
#
# SZ signal computed with SZpack v1.1.1
# Runmode: CNSN-basis
#
# General parameters:
# xmin= 0.1 xmax= 40 np= 1000
# Dtau= 0.01
# Te= 47keV (The ~ 0.0919767)
# betac= 0 muc= 1
# betao= 0 muo= 1
#
# Runmode specific parameters:
# eps= 0
# Te_order= 20 beta_order= 2
#
##########################################################################################
#
# Output format: x = (h nu/k T0) | x^3 Dn(x) | DI(x) in MJy/sr 
# Here a CMB temperature of T0 = 2.726 K is assumed.
#
##########################################################################################
0.1 -1.587972402030347e-05 -0.004290899679923328
0.1006015482792701 -1.607088314427535e-05 -0.004342553261737256
0.1012067151618632 -1.626433777163547e-05 -0.004394827117224788
0.1018155224154252 -1.646011533768367e-05 -0.004447728659746452
0.1024279919385451 -1.665824359421933e-05 -0.004501265388184909
0.1030441457615424 -1.685875061505001e-05 -0.004555444888433446
0.1036640060472596 -1.706166481866855e-05 -0.004610274839523619
0.1042875950918594 -1.726701495674277e-05 -0.004665763010515022
0.1049149353256267 -1.747483011077736e-05 -0.004721917259593289
0.1055460493137754 -1.768513971313782e-05 -0.004778745539751023
0.10618095975726 -1.789797354990568e-05 -0.004836255899559318
0.1068196894935924 -1.811336174846346e-05 -0.004894456479813052
0.1074622614976628 -1.833133479007252e-05 -0.004953355516929592
0.1081086988825668 -1.855192352904257e-05 -0.005012961348128613
0.1087590249004362 -1.87751591762434e-05 -0.005073282406976787
0.1094132629432757 -1.900107330195744e-05 -0.005134327224158568
0.1100714365438043 -1.922969786163042e-05 -0.005196104434434331
0.1107335693763015 -1.946106518750783e-05 -0.005258622774380465
0.1113996852574591 -1.969520798128291e-05 -0.005321891080402741
0.1120698081472377 -1.993215933470612e-05 -0.005385918294305268
0.1127439621497288 -2.01719527393091e-05 -0.005450713465918016
0.1134221715140214 -2.041462207008917e-05 -0.005516285748688174
0.1141044606350749 -2.066020159564194e-05 -0.005582644402418098
0.1147908540545956 -2.090872600365256e-05 -0.005649798800153379
0.1154813764619206 -2.11602303838028e-05 -0.005717758423564095
0.1161760526949047 -2.141475022724037e-05 -0.005786532862801456
0.1168749077408149 -2.167232145422978e-05 -0.005856131823969371
0.1175779667372284 -2.193298041108821e-05 -0.005926565128296508
0.118285254972937 -2.219676385812809e-05 -0.005997842708878219
0.118996797888857 -2.246370898880573e-05 -0.006069974615850735
0.119712621078944 -2.273385344746474e-05 -0.006142971021185672
0.1204327502911136 -2.300723530944988e-05 -0.006216842213316533
0.1211572114281675 -2.328389308823544e-05 -0.00629159859906489
0.1218860305487253 -2.356386576629475e-05 -0.006367250711981714
0.1226192338681618 -2.384719277968849e-05 -0.006443809208182933
0.12335684775955 -2.413391401312266e-05 -0.006521284865014053
0.1240988987546095 -2.442406982822553e-05 -0.006599688588690921
0.124845413544661 -2.471770106790856e-05 -0.006679031415478115
0.1255964189815867 -2.501484903914885e-05 -0.006759324507036546
0.1263519420787953 -2.531555552964702e-05 -0.006840579154924614
0.1271120100121947 -2.561986283419497e-05 -0.006922806787723119
0.1278766501211688 -2.592781373221352e-05 -0.007006018964965645
0.128645889909561 -2.623945149121011e-05 -0.007090227378072875
0.1294197570466637 -2.655481990159609e-05 -0.00717544385976065
0.1301982793682135 -2.687396326572525e-05 -0.007261680381078058
0.1309814848773924 -2.719692638745924e-05 -0.007348949048587869
0.1317694017458348 -2.752375459970586e-05 -0.007437262111807726
0.1325620583146414 -2.785449377811714e-05 -0.007526631966911538
0.1333594830953982 -2.81891903186425e-05 -0.00761707115066407
0.1341617047712022 -2.852789115078008e-05 -0.007708592344001608
0.1349687521976928 -2.887064377230784e-05 -0.007801208381416735
0.1357806544040905 -2.921749622620865e-05 -0.007894932244723219
0.13659744059424 -2.956849709946012e-05 -0.007989777062728989
0.1374191401476617 -2.992369556017947e-05 -0.008085756121273156
0.1382457826206078 -3.028314135398604e-05 -0.008182882862243111
0.1390773977471256 -3.064688478718054e-05 -0.008281170879029354
0.1399140154401271 -3.101497675212893e-05 -0.00838063392338453
0.140755665792465 -3.138746875174979e-05 -0.008481285912040226
0.1416023790780148 -3.176441287235271e-05 -0.008583140919367557
0.1424541857527642 -3.214586179274425e-05 -0.008686213179837731
0.1433111164559082 -3.253186882592764e-05 -0.008790517099289796
0.1441732020109516 -3.292248789855936e-05 -0.00889606724937958
0.1450404734268171 -3.331777354368355e-05 -0.009002878365616427
0.1459129618989614 -3.371778093846056e-05 -0.009110965357557918
0.1467906988104967 -3.412256591064571e-05 -0.009220343310560519
0.1476737157333199 -3.453218491483169e-05 -0.009331027479359981
0.148562044429248 -3.49466950543013e-05 -0.009443033293976218
0.1494557168511607 -3.536615411697186e-05 -0.00955637636942594
0.1503547651441497 -3.579062054495521e-05 -0.00967107249749739
0.151259221646675 -3.622015343860975e-05 -0.009787137647845232
0.152169118891728 -3.665481260321252e-05 -0.009904587980601969
0.1530844896080017 -3.709465853465319e-05 -0.01002343984251224
0.1540053667210681 -3.753975240470164e-05 -0.01014370976295197
0.1549317833545624 -3.799015609746493e-05 -0.01026541446377947
0.1558637728313743 -3.84459322284357e-05 -0.01038857086448257
0.156801368674847 -3.890714411378622e-05 -0.01051319607388149
0.1577446046099826 -3.937385578748693e-05 -0.01063930739475447
0.1586935145646554 -3.984613204816727e-05 -0.01076692233650016
0.1596481326708324 -4.032403842814584e-05 -0.01089605860676918
0.1606084932658007 -4.080764119107561e-05 -0.01102673411082783
0.1615746308934029 -4.12970073813567e-05 -0.01115896696491003
0.1625465803052792 -4.179220481985336e-05 -0.01129277549506001
0.1635243764621181 -4.229330208056829e-05 -0.01142817823082941
0.1645080545349132 -4.280036852392315e-05 -0.01156519391427009
0.1654976499062288 -4.331347433015101e-05 -0.01170384150895718
0.1664931981714723 -4.383269046243871e-05 -0.01184414019002971
0.1674947351401746 -4.435808867834566e-05 -0.01198610934727608
0.1685022968372784 -4.488974158552747e-05 -0.01212976860019131
0.1695159195044337 -4.542772261451197e-05 -0.01227513779062074
0.1705356396013016 -4.597210600809485e-05 -0.01242223697989467
0.1715614938068656 -4.652296687111496e-05 -0.01257108646227819
0.172593519020751 -4.708038117979862e-05 -0.01272170676749617
0.1736317523645521 -4.764442574920245e-05 -0.0128741186519359
0.1746762311831677 -4.82151782614962e-05 -0.01302834310628948
0.1757269930461439 -4.879271731435343e-05 -0.01318440136862954
0.1767840757490262 -4.937712237999863e-05 -0.01334231491334332
0.1778475173147181 -4.996847380970402e-05 -0.01350210545234769
0.1789173559948495 -5.05668528955969e-05 -0.01366379495179036
0.1799936302711521 -5.117234185207076e-05 -0.01382740562702684
0.1810763788568441 -5.178502379512991e-05 -0.01399295993703915
0.1821656406980222 -5.240498279002064e-05 -0.01416048059730636
0.1832614549750625 -5.303230387726551e-05 -0.01432999058683933
0.1843638611040305 -5.366707303098959e-05 -0.01450151313692001
0.1854728987380978 -5.430937718064779e-05 -0.01467507173697238
0.1865886077689693 -5.495930427339196e-05 -0.01485069015141483
0.1877110283283176 -5.561694323282774e-05 -0.01502839240851578
0.1888402007892269 -5.628238395478656e-05 -0.01520820279925118
0.1899761657676448 -5.695571737215107e-05 -0.01539014589482116
0.1911189641238435 -5.763703544979892e-05 -0.01557424654528381
0.1922686369638894 -5.832643115251898e-05 -0.01576052987088568
0.1934252256411219 -5.902399848796283e-05 -0.01594902127366786
0.1945887717576404 -5.972983255142943e-05 -0.01613974644956736
0.1957593171658014 -6.044402947629677e-05 -0.01633273137502307
0.1969369039697233 -6.116668644795226e-05 -0.01652800231073998
0.1981215745268011 -6.189790177712566e-05 -0.01672558582150462
0.19931337144923 -6.263777486408169e-05 -0.01692550876650948
0.2005123376055381 -6.338640618327647e-05 -0.01712779829520697
0.2017185161221286 -6.41438973479765e-05 -0.01733248186477029
0.2029319503848305 -6.491035112326171e-05 -0.017539587243607
0.2041526840404598 -6.568587138183627e-05 -0.01774914249941855
0.205380760998389 -6.647056313992523e-05 -0.01796117600890004
0.2066162254321268 -6.726453262127658e-05 -0.01817571647503431
0.2078591217809067 -6.806788720261209e-05 -0.01839279291235212
0.2091094947512857 -6.888073541815335e-05 -0.01861243464815513
0.2103673893187526 -6.97031870400579e-05 -0.01883467134425076
0.2116328507293451 -7.053535305437496e-05 -0.01905953299045511
0.2129059245012778 -7.137734563235601e-05 -0.01928704989684071
0.2141866564265795 -7.22292781915111e-05 -0.01951725271023476
0.2154750925727398 -7.309126543034018e-05 -0.01975017242360387
0.2167712792843669 -7.39634232723984e-05 -0.01998584036093989
0.2180752631848539 -7.484586889316437e-05 -0.02022428818452002
0.2193870911780562 -7.573872080142382e-05 -0.02046554791689768
0.2207068104499787 -7.66420987849359e-05 -0.02070965192622086
0.2220344684704725 -7.755612390320599e-05 -0.02095663292427929
0.2233701129949433 -7.84809185708295e-05 -0.02120652398902493
0.2247137920660681 -7.941660655143508e-05 -0.02145935856293536
0.2260655540155243 -8.036331291390306e-05 -0.02171517044118345
0.2274254474657272 -8.13211640865869e-05 -0.02197399378628871
0.2287935213315797 -8.229028791680831e-05 -0.02223586314419356
0.2301698248222314 -8.327081360335611e-05 -0.02250081342602372
0.2315544074428487 -8.426287171267921e-05 -0.02276887991246374
0.2329473189963953 -8.526659427517483e-05 -0.02304009827977526
0.2343486095854241 -8.628211473869581e-05 -0.02331450458723415
0.2357583296138787 -8.730956794536527e-05 -0.02359213527086551
0.237176529788907 -8.834909021213921e-05 -0.02387302716521269
0.2386032611226849 -8.940081935021912e-05 -0.02415721750858283
0.2400385749342508 -9.046489460548468e-05 -0.02444474392695103
0.2414825228513524 -9.154145670231224e-05 -0.02473564444580064
0.2429351568123028 -9.263064792629729e-05 -0.02502995751247594
0.2443965290678495 -9.373261205257112e-05 -0.02532772197681232
0.2458666921830531 -9.484749434944152e-05 -0.02562897709212018
0.2473456990391787 -9.5975441680435e-05 -0.02593376254275787
0.2488336028355976 -9.711660247333242e-05 -0.02624211843576481
0.250330457091701 -9.827112668083593e-05 -0.02655408529023322
0.2518363156488252 -9.94391658566522e-05 -0.02686970405786671
0.2533512326721881 -0.0001006208732002175 -0.02718901613506554
0.2548752626528374 -0.0001018164034828023 -0.02751206334295927
0.2564084604096108 -0.0001030259130794288 -0.02783888793603109
0.2579508810911079 -0.0001042495600720263 -0.02816953262999193
0.2595025801776736 -0.0001054875041789046 -0.02850404058272305
0.261063613483394 -0.0001067399067428698 -0.02884245539106498
0.2626340371581039 -0.0001080069308352315 -0.02918482111892138
0.2642139076894062 -0.0001092887412478803 -0.02953118229511844
0.2658032819047042 -0.0001105855044349564 -0.02988158389764293
0.2674022169732455 -0.0001118973885788549 -0.03023607137147771
0.2690107704081783 -0.0001132245636642372 -0.03059469064860039
0.2706290000686201 -0.000114567201392235 -0.03095748812480041
0.2722569641617388 -0.0001159254751981774 -0.03132451066446889
0.2738947212448469 -0.0001172995603690556 -0.03169580563233924
0.2755423302275071 -0.0001186896339836394 -0.03207142087730579
0.2771998503736515 -0.0001200958748814834 -0.03245140472404892
0.2788673413037137 -0.0001215184637631452 -0.03283580600011519
0.2805448629967726 -0.0001229575832115238 -0.03322467404168341
0.2822324757927104 -0.000124413417614175 -0.03361805867257311
0.283930240394383 -0.0001258861532154408 -0.03401601021833067
0.285638217869803 -0.0001273759782186607 -0.03441857953384803
0.2873564696543368 -0.0001288830826939818 -0.03482581797845184
0.2890850575529139 -0.000130407658579424 -0.03523777741619136
0.2908240437422505 -0.0001319498998053281 -0.03565451024946573
0.2925734907730859 -0.0001335100022546471 -0.03607606940829439
0.294333461572432 -0.0001350881637100231 -0.03650250833601646
0.2961040194458372 -0.0001366845839445307 -0.03693388101381068
0.2978852280796634 -0.0001382994647761857 -0.03737024197542457
0.2996771515433765 -0.0001399330099725664 -0.03781164628140168
0.3014798542918515 -0.000141585425286294 -0.038258149528669
0.3032934011676903 -0.0001432569185800313 -0.03870980788431303
0.3051178574035545 -0.0001449476997369035 -0.03916667806137451
0.3069532886245115 -0.0001466579806415123 -0.03962881731371806
0.3087997608503953 -0.0001483879753037602 -0.04009628346949112
0.3106573404981812 -0.0001501378998476322 -0.04056913492809266
0.3125260943843745 -0.0001519079724349379 -0.04104743063956726
0.3144060897274139 -0.00015369841334131 -0.04153123012514086
0.3162973941500897 -0.0001555094450446322 -0.04202059350111517
0.3182000756819758 -0.0001573412921160945 -0.04251558144942941
0.3201142027618771 -0.000159194181236969 -0.04301625522219323
0.3220398442402905 -0.0001610683413373151 -0.0435226766791668
0.3239770693818822 -0.0001629640035205093 -0.04403490826736761
0.3259259478679787 -0.0001648814010203756 -0.04455301300948671
0.3278865497990735 -0.000166820769316936 -0.04507705453516591
0.3298589456973481 -0.0001687823461597154 -0.04560709708729502
0.3318432065092091 -0.0001707663714686909 -0.04614320549524705
0.3338394036078401 -0.0001727730873911827 -0.04668544519025106
0.3358476087957689 -0.000174802738420692 -0.0472338822375034
0.3378678943074497 -0.0001768555712818039 -0.04778858330506722
0.3399003328118625 -0.0001789318349256151 -0.04834961566263685
0.3419449974151257 -0.0001810317806721573 -0.04891704722002244
0.3440019616631268 -0.0001831556621596443 -0.04949094651343592
0.3460712995441669 -0.0001853037352752077 -0.05007138268677484
0.3481530854916227 -0.00018747625825551 -0.05065842551880932
0.3502473943866234 -0.0001896734917471742 -0.05125214543951098
0.3523543015607447 -0.0001918956986879264 -0.05185261349793602
0.3544738827987177 -0.000194143144341444 -0.05245990137164174
0.3566062143411555 -0.0001964160964378876 -0.05307408140465999
0.3587513728872951 -0.0001987148250636988 -0.05369522657771921
0.3609094355977566 -0.0002010396026322004 -0.05432341050030012
0.3630804800973185 -0.0002033907040198218 -0.05495870744744561
0.3652645844777097 -0.0002057684065481524 -0.05560119235491139
0.3674618273004187 -0.0002081729898878716 -0.05625094079320652
0.369672287599519 -0.0002106047361380892 -0.05690802898903239
0.3718960448845125 -0.0002130639299218983 -0.05757253385110202
0.374133179143189 -0.0002155508582536882 -0.05824453293428668
0.3763837708445035 -0.0002180658105500687 -0.05892410444256755
0.3786479009414707 -0.0002206090787793157 -0.05961132726941784
0.3809256508740766 -0.0002231809573688531 -0.06030628097280321
0.3832171025722083 -0.0002257817431476845 -0.06100904575962622
0.3855223384586003 -0.0002284117354671294 -0.06171970251835063
0.3878414414518001 -0.0002310712362198697 -0.06243833282414803
0.3901744949691499 -0.0002337605497192976 -0.06316501890629622
0.3925215829297878 -0.0002364799827530076 -0.06389984366263328
0.3948827897576659 -0.0002392298447058534 -0.06464289069280917
0.3972582003845871 -0.0002420104474228765 -0.06539424426124736
0.3996479002532602 -0.000244822105194066 -0.06615398929302659
0.402051975320373 -0.0002476651348994626 -0.06692221141308996
0.4044705120596843 -0.0002505398559444747 -0.06769899692876642
0.4069035974651345 -0.0002534465901730453 -0.06848443280630738
0.4093513190539743 -0.0002563856619646839 -0.0692786066971061
0.4118137648699132 -0.0002593573982894048 -0.07008160695254237
0.4142910234862858 -0.0002623621285677148 -0.07089352258614984
0.4167831840092382 -0.0002654001846958287 -0.07171444328042924
0.4192903360809331 -0.0002684719011824777 -0.07254445942381595
0.4218125698827739 -0.0002715776150199469 -0.07338366207583252
0.4243499761386489 -0.0002747176656401495 -0.07423214295521953
0.4269026461181943 -0.0002778923950429372 -0.07508999447460665
0.429470671640077 -0.0002811021477646588 -0.07595730973201657
0.4320541450752978 -0.0002843472707640162 -0.07683418248002222
0.4346531593505136 -0.0002876281134890299 -0.07772070714384133
0.43726780795138 -0.0002909450279603298 -0.07861697884384296
0.4398981849259138 -0.0002942983686201961 -0.07952309335475616
0.4425443848878763 -0.000297688492328629 -0.08043914710460824
0.4452065030201759 -0.0003011157584964113 -0.08136523721067973
0.4478846350782926 -0.0003045805289763825 -0.08230146145012544
0.4505788773937215 -0.0003080831679896004 -0.08324791824002226
0.4532893268774382 -0.0003116240422260378 -0.08420470666457874
0.4560160810233846 -0.0003152035208453363 -0.08517192647533883
0.458759237911976 -0.000318821975340736 -0.08614967805441388
0.4615188962136283 -0.0003224797795722267 -0.08713806242344056
0.464295155192308 -0.0003261773098636926 -0.08813718126983061
0.4670881147091019 -0.0003299149448521926 -0.08914713690604438
0.4698978752258099 -0.0003336930654543983 -0.09016803226052211
0.4727245378085577 -0.0003375120549790423 -0.09119997090806872
0.4755682041314329 -0.0003413722990447804 -0.09224305704765928
0.4784289764801414 -0.0003452741854788752 -0.09329739547506191
0.4813069577556875 -0.0003492181043818592 -0.09436309160031069
0.4842022514780743 -0.000353204448151557 -0.09544025145419674
0.487114961790028 -0.0003572336113338046 -0.09652898164793058
0.4900451934607434 -0.0003613059906212128 -0.09762938937280818
0.4929930518896525 -0.0003654219849433847 -0.09874158242458869
0.4959586431102161 -0.0003695819953283945 -0.09986566916606439
0.4989420737937372 -0.0003737864248401902 -0.101001758510146
0.5019434512531983 -0.0003780356786558722 -0.1021499599407446
0.504962883447121 -0.0003823301640081857 -0.1033103834972319
0.5080004789834501 -0.0003866702900634256 -0.1044831397414491
0.5110563471234592 -0.0003910564679450912 -0.1056683397640982
0.5141305977856812 -0.0003954891107637298 -0.1068660951928067
0.5172233415498623 -0.0003999686334657406 -0.1080765181512719
0.520334689660939 -0.0004044954527996313 -0.1092997212501436
0.52346475403304 -0.0004090699873764761 -0.1105358176033601
0.5266136472535116 -0.0004136926575507843 -0.1117849207959577
0.5297814825869668 -0.000418363885332864 -0.1130471448603903
0.5329683739793606 -0.0004230840944199445 -0.1143226042849388
0.5361744360620875 -0.0004278537101511428 -0.1156114140015427
0.5393997841561053 -0.0004326731593754323 -0.1169136893501237
0.5426445342760833 -0.0004375428704335945 -0.1182295460737085
0.5459088031345746 -0.0004424632731687524 -0.1195591003212752
0.5491927081462149 -0.0004474347987848349 -0.120902468609509
0.5524963674319456 -0.0004524578797842537 -0.1222597678059608
0.5558198998232626 -0.0004575329499787195 -0.1236311151319709
0.5591634248664905 -0.0004626604443858303 -0.1250166281347252
0.5625270628270829 -0.0004678407991259974 -0.1264164246594036
0.565910934693948 -0.0004730744514012195 -0.1278306228434443
0.5693151621838011 -0.000478361839439233 -0.1292593411014527
0.5727398677455418 -0.0004837034023654018 -0.1307026980905845
0.5761851745646592 -0.000489099580146811 -0.1321608126954386
0.5796512065676627 -0.0004945508135539605 -0.1336338040177071
0.5831380884265391 -0.0005000575440358172 -0.135121791342412
0.5866459455632378 -0.0005056202136366721 -0.1366248941154393
0.5901749041541815 -0.0005112392649426609 -0.1381432319290885
0.5937250911348052 -0.0005169151409767191 -0.1396769244936876
0.5972966342041217 -0.0005226482850953199 -0.1412260916096907
0.6008896618293151 -0.0005284391409147431 -0.1427908531477549
0.6045043032503616 -0.0005342881522109246 -0.1443713290216784
0.6081406884846782 -0.0005401957628093155 -0.145967639158639
0.6117989483317994 -0.0005461624164989946 -0.1475799034759862
0.6154792143780822 -0.0005521885569181898 -0.1492082418503079
0.619181619001439 -0.0005582746274402288 -0.1508527740866124
0.6229062953760992 -0.000564421071084117 -0.1525136198941659
0.6266533774773996 -0.0005706283303891532 -0.1541908988526116
0.6304230000866031 -0.000576896847275717 -0.1558847303743534
0.6342152987957473 -0.0005832270629616576 -0.1575952336819625
0.6380304100125211 -0.0005896194178423949 -0.1593225277757794
0.6418684709651717 -0.0005960743513054857 -0.1610667313838074
0.6457296197074404 -0.0006025923016501647 -0.1628279629399717
0.6496139951235281 -0.0006091737059830592 -0.1646063405559401
0.6535217369330918 -0.0006158190000033696 -0.1664019819630759
0.6574529856962692 -0.0006225286178813857 -0.1682150044796119
0.6614078828187353 -0.0006293029921841192 -0.1700455249905549
0.6653865705567885 -0.0006361425536771537 -0.1718936598941436
0.6693891920224675 -0.0006430477311060435 -0.1737595250427792
0.673415891188699 -0.000650018951152322 -0.1756432357311391
0.6774668128944764 -0.0006570566382804696 -0.1775449066548251
0.6815421028500694 -0.0006641612144314918 -0.1794646518275645
0.6856419076422656 -0.0006713330989589325 -0.1814025845639204
0.6897663747396426 -0.0006785727085309457 -0.1833588174528298
0.693915652497873 -0.0006858804568141979 -0.1853334622721903
0.6980898901650602 -0.0006932567542883464 -0.18732662993873
0.702289237887107 -0.0007007020082182921 -0.1893384305005096
0.7065138467131162 -0.0007082166223984116 -0.1913689730678108
0.7107638686008243 -0.0007158009967953272 -0.1934183657166084
0.7150394564220665 -0.0007234555275591425 -0.195486715491606
0.7193407639682761 -0.0007311806068568026 -0.1975741283612081
0.7236679459560159 -0.0007389766224164761 -0.1996807090944066
0.728021158032544 -0.000746843957450823 -0.2018065612400463
0.7324005567814114 -0.0007547829905974511 -0.203951787110736
0.736806299728095 -0.0007627940955009778 -0.206116487669916
0.7412385453456634 -0.0007708776405037486 -0.2083007624482866
0.7456974530604773 -0.000779033988695753 -0.210504709557296
0.7501831832579239 -0.0007872634976202176 -0.2127284256095877
0.754695897288186 -0.0007955665187222124 -0.2149720055700073
0.7592357574720454 -0.000803943397413499 -0.217235542773125
0.7638029271067222 -0.0008123944729217804 -0.2195191288825012
0.7683975704717476 -0.000820920077673383 -0.2218228537238794
0.7730198528348741 -0.0008295205371451261 -0.2241468052451598
0.7776699404580188 -0.0008381961698860217 -0.2264910695222621
0.7823480006032453 -0.0008469472870146656 -0.2288557306233152
0.7870542015387785 -0.0008557741917068209 -0.2312408704701951
0.7917887125450584 -0.0008646771793509497 -0.2336465688805522
0.7965517039208285 -0.000873656537243785 -0.2360729034855505
0.8013433469892614 -0.0008827125438040681 -0.2385199495174097
0.8061638141041211 -0.0008918454686556925 -0.2409877798318719
0.8110132786559631 -0.000901055572539008 -0.2434764648842349
0.8158919150783704 -0.0009103431065389205 -0.2459860725207749
0.8207998988542287 -0.0009197083117763136 -0.2485166678953649
0.8257374065220374 -0.0009291514195607102 -0.2510683135107259
0.8307046156822607 -0.0009386726508367281 -0.2536410690688518
0.8357017050037151 -0.0009482722153838134 -0.256234991254768
0.8407288542299962 -0.00095795031208883 -0.2588501338101881
0.8457862441859444 -0.0009677071286707921 -0.2614865474591334
0.8508740567841485 -0.0009775428406449053 -0.2641442796280035
0.8559924750314897 -0.0009874576113471192 -0.2668233744522112
0.8611416830357236 -0.0009974515919703747 -0.2695238727859768
0.8663218660121029 -0.001007524920666332 -0.2722458119596036
0.8715332102900397 -0.001017677721964289 -0.2749892256224626
0.8767759033198074 -0.001027910107106064 -0.2777541438334817
0.882050133679283 -0.001038222173486297 -0.2805405929099087
0.8873560910807308 -0.00104861400348361 -0.2833485951114755
0.8926939663776258 -0.001059085664845458 -0.2861781687443907
0.8980639515715189 -0.001069637210496206 -0.289029328109478
0.9034662398189428 -0.001080268677247706 -0.2919020831537595
0.9089010254383604 -0.001090980085663565 -0.2947964394337789
0.9143685039171535 -0.001101771440292148 -0.2977123981785608
0.9198688719186553 -0.001112642728689882 -0.3006499560256963
0.9254023272892237 -0.001123593920451671 -0.3036091047593492
0.9309690690653579 -0.00113462496775309 -0.3065898314567627
0.9365692974808579 -0.001145735804841636 -0.3095921183507898
0.9422032139740265 -0.001156926346497658 -0.3126159424140164
0.9478710211949153 -0.001168196488406599 -0.3156612754593476
0.9535729230126136 -0.001179546107138496 -0.3187280841344655
0.9593091245225821 -0.001190975058681388 -0.3218163295255412
0.9650798320540293 -0.001202483177979245 -0.3249259670323743
0.9708852531773335 -0.001214070279429731 -0.3280569465028966
0.9767255967115094 -0.001225736155902434 -0.3312092119678847
0.9826010727317186 -0.001237480577282384 -0.3343827012474013
0.9885118925768263 -0.001249303291214314 -0.3375773461519021
0.9944582688570029 -0.001261204022711308 -0.3407930723764899
1.000440415461372 -0.001273182472259688 -0.3440297989888292
1.006458547565703 -0.001285238316052208 -0.3472874384921598
1.012512881640152 -0.001297371206240856 -0.3505658968936062
1.018603635457047 -0.001309580769354434 -0.3538650732765881
1.024731028098722 -0.001321866605346583 -0.3571848595435849
1.030895279965397 -0.001334228288433514 -0.3605251406425013
1.037096612783106 -0.001346665366197343 -0.3638857943243766
1.043335249611672 -0.001359177357561807 -0.3672666905963983
1.04961141485273 -0.001371763753681453 -0.370667691962173
1.055925334257799 -0.001384424017767145 -0.3740886533745745
1.062277234936404 -0.001397157582899309 -0.3775294216448559
1.068667345364243 -0.001409963851937455 -0.380989835418202
1.075095895391404 -0.001422842198151981 -0.3844697253444499
1.081563116250635 -0.001435791963630744 -0.3879689136475249
1.088069240565661 -0.001448812457694943 -0.3914872136973923
1.094614502359551 -0.001461902958095321 -0.395024430333286
1.101199137063137 -0.0014750627102867 -0.3985803596676788
1.107823381523478 -0.001488290924876089 -0.4021547883967294
1.114487474012384 -0.001501586778489427 -0.4057474940344869
1.121191654234987 -0.001514949413942467 -0.4093582449590668
1.127936163338358 -0.00152837793787772 -0.4129867997741219
1.134721243920186 -0.001541871420141974 -0.4166329071406423
1.141547140037501 -0.0015554288948908 -0.4202963060754049
1.148414097215454 -0.001569049359112545 -0.4239767255521394
1.155322362456149 -0.00158273177031401 -0.4276738838761684
1.162272184247527 -0.001596475048036083 -0.4313874890939505
1.169263812572304 -0.001610278073406919 -0.435117238872345
1.176297498916961 -0.001624139686171244 -0.4388628196958917
1.183373496280794 -0.001638058685304747 -0.4426239070328276
1.19049205918501 -0.001652033829674293 -0.4464001655134849
1.197653443681885 -0.001666063835652679 -0.4501912482857679
1.204857907363973 -0.001680147375769454 -0.4539967966505877
1.212105709373372 -0.001694283080345834 -0.4578164405036375
1.219397110411042 -0.001708469536271721 -0.4616497980049268
1.22673237274619 -0.001722705283965004 -0.4654964747571473
1.234111760225694 -0.001736988819068976 -0.4693560642643354
1.241535538283603 -0.001751318592422076 -0.4732281479236972
1.249003973950675 -0.001765693006837022 -0.4771122941552888
1.256517335863991 -0.001780110417215316 -0.481008058432958
1.264075894276612 -0.00179456913182179 -0.4849149836287421
1.271679921067302 -0.001809067410058296 -0.4888325994112911
1.279329689750306 -0.001823603460258536 -0.4927604216500031
1.287025475485191 -0.001838175441845205 -0.4966979529979122
1.294767555086741 -0.001852781464487529 -0.5006446826640429
1.302556207034913 -0.001867419584486194 -0.5046000854365749
1.310391711484858 -0.001882087806390299 -0.5085636221197625
1.318274350276994 -0.001896784083558827 -0.5125347396856519
1.326204406947145 -0.001911506314918642 -0.5165128703980507
1.334182166736741 -0.001926252344326661 -0.5204974316401797
1.342207916603075 -0.001941019962552568 -0.524487826450427
1.350281945229628 -0.001955806905415522 -0.5284834430188614
1.358404543036452 -0.001970610850697519 -0.5324836538531873
1.366576002190616 -0.001985429420717229 -0.5364878164742253
1.374796616616712 -0.002000260182008955 -0.540495273329163
1.383066682007434 -0.002015100641391391 -0.544505350729286
1.391386495834208 -0.002029948247198512 -0.548517359182578
1.399756357357896 -0.002044800390591005 -0.552530593748087
1.408176567639557 -0.002059654402549576 -0.5565443332234783
1.416647429551278 -0.002074507552333716 -0.5605578397285745
1.425169247787069 -0.002089357050181409 -0.5645703594348501
1.433742328873819 -0.002104200045985261 -0.5685811222077056
1.442366981182327 -0.002119033625490215 -0.5725893405790414
1.45104351493839 -0.002133854813046963 -0.5765942104912655
1.459772242233963 -0.002148660571974109 -0.5805949113951531
1.468553477038385 -0.002163447800637197 -0.584590605190352
1.477387535209671 -0.002178213333018011 -0.5885804363792142
1.486274734505876 -0.00219295394087864 -0.5925635326515536
1.495215394596523 -0.002207666331259653 -0.596539004208621
1.504209837074101 -0.002222347144021425 -0.6005059430987398
1.513258385465633 -0.002236992955170469 -0.6044634241161242
1.522361365244312 -0.002251600276217953 -0.6084105046275392
1.531519103841213 -0.002266165550025719 -0.6123462234498455
1.540731930657063 -0.002280685153390834 -0.6162696015483773
1.550000177074097 -0.002295155398257788 -0.6201796423644919
1.55932417646797 -0.002309572528167258 -0.6240753308559834
1.568704264219756 -0.002323932717995101 -0.6279556334265536
1.578140777728008 -0.002338232076978419 -0.6318194987434936
1.587634056420891 -0.002352466646960776 -0.6356658572635187
1.597184441768398 -0.00236663239920951 -0.6394936203727672
1.606792277294626 -0.002380725238150195 -0.6433016813958982
1.616457908590138 -0.00239474100153657 -0.6470889156420088
1.626181683324388 -0.002408675456415521 -0.6508541793143214
1.635963951258232 -0.002422524301223299 -0.6545963100766081
1.645805064256506 -0.002436283167943596 -0.6583141276363307
1.655705376300682 -0.002449947619281691 -0.6620064329810578
1.665665243501602 -0.002463513147591258 -0.665672008088477
1.675685024112287 -0.002476975178649582 -0.6693096169465041
1.685765078540822 -0.002490329070823139 -0.6729180053278124
1.695905769363321 -0.002503570111599134 -0.6764958998526119
1.70610746133697 -0.002516693521391566 -0.6800420090170942
1.716370521413142 -0.002529694454632146 -0.6835550234882137
1.726695318750602 -0.002542567996350451 -0.6870336151796012
1.737082224728785 -0.002555309163613439 -0.6904764376405396
1.747531612961148 -0.002567912908597536 -0.69388212688608
1.758043859308618 -0.002580374116788609 -0.6972493009106518
1.768619341893104 -0.002592687605368295 -0.7005765592520283
1.779258441111101 -0.002604848127492023 -0.7038624841473031
1.789961539647373 -0.002616850372455489 -0.7071056405778714
1.800729022488719 -0.002628688962581819 -0.7103045754283045
1.811561276937818 -0.002640358456735168 -0.7134578184357682
1.822458692627162 -0.002651853352373842 -0.7165638827448001
1.83342166153307 -0.002663168083199079 -0.7196212642719823
1.844450577989788 -0.002674297020016343 -0.722628441938674
1.855545838703674 -0.00268523447453123 -0.725583878696712
1.866707842767465 -0.002695974698763791 -0.7284860213701536
1.877936991674634 -0.002706511883444381 -0.7313333002218156
1.88923368933383 -0.002716840162440271 -0.7341241301493987
1.90059834208341 -0.002726953613924847 -0.736856911001421
1.912031358706049 -0.002736846258274447 -0.7395300270089172
1.923533150443451 -0.002746512061138252 -0.7421418476149603
1.935104131011135 -0.00275594493631726 -0.7446907282525966
1.946744716613318 -0.002765138744810177 -0.7471750100870349
1.958455325957888 -0.002774087295506341 -0.7495930202028817
1.970236380271462 -0.002782784349351534 -0.7519430727297959
1.982088303314539 -0.002791223620005134 -0.7542234690200601
1.994011521396743 -0.002799398773030451 -0.7564324974297987
2.006006463392153 -0.002807303430081864 -0.7585684344503946
2.018073560754737 -0.00281493117098202 -0.7606295452697747
2.030213247533863 -0.002822275533206903 -0.7626140836332685
2.042425960389917 -0.002829330014614983 -0.7645202925810597
2.05471213861001 -0.002836088076834325 -0.766346405363423
2.067072224123773 -0.002842543145890524 -0.7680906456104017
2.079506661519261 -0.002848688613421271 -0.769751227659998
2.092015898058938 -0.002854517840751358 -0.7713263576592909
2.104600383695769 -0.002860024160655952 -0.7728142340408936
2.117260571089404 -0.002865200878178749 -0.7742130477440298
2.129996915622458 -0.002870041274382855 -0.7755209832280688
2.142809875416892 -0.002874538609039355 -0.7767362191990096
2.155699911350493 -0.002878686122035988 -0.7778569289901228
2.16866748707345 -0.002882477036334296 -0.7788812813610095
2.181713069025031 -0.002885904561317017 -0.7798074414021087
2.194837126450363 -0.002888961894898381 -0.7806335711049247
2.208040131417308 -0.002891642226226123 -0.781357830092146
2.221322558833443 -0.002893938739201968 -0.7819783765689231
2.234684886463145 -0.002895844615037608 -0.7824933680135266
2.248127594944775 -0.002897353035329424 -0.7829009620081746
2.261651167807962 -0.00289845718558999 -0.7831993171932894
2.275256091491004 -0.00289915025798798 -0.7833865940078545
2.288942855358358 -0.002899425454724227 -0.7834609556016688
2.302711951718243 -0.002899275992135506 -0.7834205689442382
2.316563875840352 -0.002898695103335514 -0.7832636055384024
2.330499125973664 -0.002897676041461956 -0.782988242297739
2.344518203364364 -0.002896212084824281 -0.7825926629375441
2.358621612273878 -0.002894296539626202 -0.7820750587104928
2.372809859997005 -0.002891922742771746 -0.7814336291648684
2.387083456880169 -0.002889084067467633 -0.780666583658394
2.401442916339774 -0.002885773927229432 -0.7797721424407483
2.415888754880671 -0.002881985777872133 -0.7787485371914409
2.430421492114737 -0.002877713122540453 -0.7775940123790647
2.445041650779565 -0.002872949518100043 -0.7763068269882792
2.459749756757268 -0.002867688576425323 -0.7748852548678014
2.474546339093393 -0.002861923968207328 -0.7733275857593298
2.489431930015952 -0.002855649431176581 -0.7716321275194716
2.504407064954564 -0.002848858772262858 -0.7697972067033345
2.519472282559719 -0.002841545869811482 -0.7678211691633999
2.534628124722145 -0.002833704681532867 -0.7657023821975872
2.549875136592308 -0.002825329250082707 -0.7634392360570897
2.565213866600017 -0.002816413703375902 -0.7610301440312044
2.580644866474148 -0.002806952260599627 -0.7584735440721359
2.596168691262497 -0.002796939241949268 -0.7557679014257674
2.611785899351737 -0.002786369068199565 -0.7529117085157809
2.627497052487508 -0.00277523626424264 -0.7499034858996737
2.64330271579462 -0.002763535470413918 -0.746741785329165
2.659203457797384 -0.00275126144496193 -0.7434251904175679
2.675199850440056 -0.002738409064558655 -0.7399523167776889
2.691292469107416 -0.002724973333881736 -0.7363218146110634
2.707481892645458 -0.002710949394095449 -0.7325323709996187
2.723768703382218 -0.002696332520611042 -0.7285827093004904
2.740153487148712 -0.002681118129128635 -0.7244715907786181
2.756636833300016 -0.002665301789270727 -0.7201978182906904
2.77321933473646 -0.002648879222647396 -0.715760235762337
2.789901587924954 -0.002631846305004873 -0.7111577287687009
2.806684192920446 -0.002614199080049842 -0.7063892282699352
2.823567753387507 -0.002595933763490985 -0.7014537117032814
2.840552876622036 -0.002577046740667006 -0.6963502023421301
2.857640173573115 -0.002557534576632547 -0.6910777720213626
2.874830258864976 -0.002537394028596574 -0.6856355444983564
2.892123750819116 -0.002516622040642835 -0.6800226940263893
2.909521271476531 -0.002495215748691851 -0.6742384466954293
2.927023446620097 -0.002473172497614141 -0.6682820850563427
2.944630905797074 -0.00245048983881179 -0.6621529474674038
2.962344282341753 -0.002427165529607708 -0.6558504279292642
2.980164213398238 -0.002403197548316418 -0.6493739801572682
2.998091339943359 -0.002378584101252538 -0.6427231194752324
3.016126306809736 -0.002353323616468552 -0.6358974211233136
3.034269762708964 -0.002327414752914777 -0.6288965227331447
3.052522360254954 -0.002300856417220164 -0.6217201288622181
3.070884755987404 -0.002273647755520082 -0.6143680087856505
3.089357610395416 -0.002245788156048594 -0.6068399971966486
3.107941587941251 -0.002217277268474341 -0.599135999431305
3.126637357084233 -0.002188115002463251 -0.5912559910802254
3.14544559030479 -0.002158301522972091 -0.5832000167167886
3.164366964128648 -0.002127837264843858 -0.5749681938410005
3.183402159151157 -0.002096722943790417 -0.5665607158471423
3.202551860061779 -0.002064959545726629 -0.5579778491417183
3.221816755668715 -0.002032548333552173 -0.5492199349759882
3.241197538923678 -0.001999490867427865 -0.5402873949248822
3.260694906946819 -0.001965788994804297 -0.531180728192615
3.280309561051807 -0.001931444849239619 -0.5219005112932344
3.300042206771049 -0.001896460869975178 -0.5124474033402059
3.319893553881069 -0.001860839802955741 -0.502822146322086
3.339864316428041 -0.001824584691080617 -0.4930255624682577
3.359955212753471 -0.001787698886402532 -0.4830585575452159
3.380166965520037 -0.0017501860651606 -0.472922124918665
3.400500301737581 -0.001712050212992393 -0.4626173415576356
3.42095595278926 -0.001673295628057597 -0.452145368878535
3.441534654457853 -0.001633926942674434 -0.4415074585915784
3.46223714695223 -0.001593949113347955 -0.4307049500063104
3.483064174933973 -0.001553367414580433 -0.4197392683590938
3.504016487544163 -0.001512187456351962 -0.4086119295365879
3.525094838430328 -0.001470415188396587 -0.3973245412312108
3.546299985773546 -0.00142805688526828 -0.38587879890578
3.567632692315724 -0.00138511915445323 -0.3742764879855546
3.589093725387028 -0.001341608954083533 -0.3625194886446954
3.610683856933487 -0.00129753357532586 -0.3506097710474632
3.632403863544755 -0.001252900640759407 -0.3385493949099206
3.654254526482051 -0.001207718124527591 -0.3263405149451714
3.676236631706256 -0.001161994344232359 -0.3139853786731024
3.698350969906183 -0.001115737948743184 -0.3014863231262218
3.720598336527025 -0.001068957931338195 -0.2888457784005559
3.742979531798957 -0.001021663639574362 -0.2760662703226974
3.765495360765927 -0.0009738647504428272 -0.2631504137364649
3.788146633314612 -0.0009255712737636642 -0.2501009134202091
3.810934164203546 -0.0008767935800242568 -0.236920571609091
3.833858773092431 -0.0008275423714537246 -0.2236122801790303
3.856921284571616 -0.0007778286752336481 -0.2101790188121584
3.880122528191761 -0.0007276638643809928 -0.196623860639645
3.903463338493672 -0.0006770596493904662 -0.1829499699833594
3.926944555038322 -0.0006260280614318474 -0.1691605978155784
3.950567022437048 -0.000574581459767071 -0.1552590837631753
3.974331590381932 -0.0005227325400636879 -0.1412488583540208
3.998239113676364 -0.0004704943124763457 -0.1271334370943253
4.02229045226579 -0.0004178800989179026 -0.1129164197312599
4.046486471268643 -0.0003649035470375246 -0.09860149403001263
4.070828041007458 -0.0003115786132815526 -0.08419243119662341
4.095316037040186 -0.0002579195506893298 -0.06969308258026412
4.119951340191675 -0.0002039409181463428 -0.05510738217355294
4.144734836585366 -0.0001496575764477478 -0.04043934554886992
4.169667417675155 -9.508466801170104e-05 -0.02569306437664568
4.194749980277468 -4.023761727116579e-05 -0.01087270653123247
4.219983426603512 1.486786271291808e-05 0.004017482122134826
4.24536866429173 7.021579234723432e-05 0.0189731836978457
4.270906606440451 0.0001257899334153478 0.03399001042709417
4.296598171640729 0.0001815737816387446 0.04906350264777888
4.322444284009386 0.0002375505815829918 0.06418913283233371
4.348445873222255 0.0002937033423921413 0.07936230983935993
4.374603874547618 0.0003500148360404865 0.09457837844122918
4.400919228879844 0.0004064676019209485 0.1098326205639227
4.42739288277324 0.000463043967800891 0.1251202609495539
4.454025788476091 0.0005197260552898311 0.1404364686338126
4.480818903964917 0.0005764957785305529 0.155776356592287
4.50777319297893 0.0006333348644346594 0.1711349872083626
4.534889625054696 0.0006902248643323916 0.1865073754211492
4.562169175561013 0.0007471471546014022 0.2018884888953828
4.589612825733993 0.0008040829501814473 0.2172732516732643
4.617221562712357 0.0008610133214534005 0.2326565487353799
4.644996379572944 0.0009179191997730376 0.2480332274959985
4.672938275366425 0.0009747813850261951 0.2633980998445705
4.701048255153248 0.001031580564576714 0.278745947265698
4.729327330039782 0.0010882973230404 0.294071523480181
4.757776517214689 0.001144912148969285 0.3093695562511891
4.786396839985513 0.001201405451788244 0.324634751960746
4.815189327815487 0.001257757574661868 0.3398617990865192
4.844155016360561 0.001313948803420486 0.3550453706137429
4.873294947506656 0.001369959380723816 0.3701801278624136
4.902610169407141 0.001425769520495638 0.3852607243877186
4.932101736520533 0.00148135941868725 0.4002818088884553
4.961770709648425 0.001536709267302422 0.4152380289967508
4.991618155973645 0.00159179926861438 0.4301240351196668
5.021645149098641 0.001646609646425018 0.4449344834815804
5.051852769084097 0.001701120661409515 0.4596640402704901
5.082242102487784 0.00175531262571218 0.4743073855819964
5.112814242403641 0.001809165913353982 0.4888592162315451
5.1435702885011 0.001862660975358826 0.5033142498417371
5.174511347064628 0.001915778357719338 0.517667229696908
5.205638531033534 0.001968498709958777 0.5319129270566617
5.23695296004199 0.002020802797946158 0.5460461446186786
5.26845576045931 0.002072671526042322 0.5600617225028595
5.300148065430462 0.002124085945727193 0.5739545405825175
5.332031014916829 0.002175027264834772 0.5877195209797906
5.364105755737212 0.00222547686983459 0.6013516340863658
5.39637344160908 0.002275416340433694 0.6148459025091204
5.42883523319007 0.002324827453763891 0.6281974022015657
5.461492298119737 0.002373692202236526 0.6414012672884323
5.494345811061548 0.002421992817643813 0.6544526965781505
5.52739695374514 0.002469711771668417 0.6673469537005442
5.560646915008824 0.002516831787148904 0.6800793701508991
5.594096890842349 0.002563335867301623 0.6926453531860763
5.627748084429916 0.002609207300175179 0.7050403870281695
5.661601706193463 0.002654429661974656 0.7172600337627512
5.695658973836199 0.002698986842630379 0.7292999402478684
5.729921112386407 0.002742863063240112 0.7411558428271471
5.764389354241504 0.002786042871057686 0.752823565975653
5.799064939212376 0.002828511155892307 0.7642990267311911
5.833949114567966 0.002870253180839348 0.7755782429981491
5.869043135080146 0.002911254574619816 0.7866573314775255
5.904348263068843 0.002951501337642626 0.7975325093050317
5.939865768447451 0.002990979874878001 0.8082001029338959
5.975596928768503 0.003029676999011245 0.8186565489870509
6.01154302926963 0.003067579924594655 0.8288983926769077
6.047705362919785 0.003104676292289993 0.8389222943559749
6.084085230465758 0.003140954190941399 0.8487250354812349
6.120683940478954 0.003176402142243338 0.8583035144712319
6.15750280940247 0.003211009111928112 0.867654749729077
6.194543161598441 0.003244764544674367 0.8767758890751631
6.231806329395683 0.003277658350728531 0.8856642061321101
6.269293653137611 0.003309680903589525 0.8943170996991446
6.307006481230453 0.00334082307172623 0.9027321023225563
6.344946170191752 0.003371076223352522 0.9109068815859712
6.383114084699157 0.003400432209817246 0.9188392356221157
6.421511597639515 0.003428883384134678 0.9265270981199791
6.460140090158249 0.003456422627302983 0.9339685454363886
6.499000951709037 0.003483043323979439 0.9411617900231517
6.538095580103793 0.003508739365762915 0.948105181314023
6.577425381562945 0.003533505185581844 0.9547972150167631
6.616991770766014 0.003557335742564149 0.9612365290248043
6.656796170902505 0.003580226509497136 0.9674219000287566
6.696840013723089 0.003602173498559198 0.9733522504694365
6.737124739591115 0.003623173269321657 0.9790266507000633
6.777651797534409 0.003643222902122765 0.9844443117915822
6.818422645297399 0.003662320007880495 0.989604588184203
6.859438749393552 0.003680462755680467 0.9945069851420024
6.900701585158119 0.003697649843147733 0.9991511507470099
6.942212636801205 0.003713880490486275 1.003536874288606
6.983973397461158 0.003729154469259746 1.007664094040439
7.025985369258271 0.003743472088905027 1.011532893616215
7.068250063348816 0.003756834174427943 1.01514349594281
7.110768999979402 0.003769242082746541 1.018496267676419
7.153543708541653 0.003780697713142426 1.021591722026644
7.196575727627224 0.003791203473742078 1.024430509699324
7.239866605083138 0.003800762281768443 1.027013418964519
7.28341789806747 0.003809377587630905 1.029341382165921
7.327231173105349 0.00381705334488669 1.03141546760405
7.37130800614531 0.003823793995340538 1.03323687551
7.41564998261598 0.003829604488389268 1.034806943272583
7.460258697483103 0.003834490270817126 1.036127142680902
7.505135755306914 0.00383845725748576 1.037199072004417
7.550282770299852 0.003841511837050687 1.03802445753761
7.59570136638462 0.003843660882126873 1.038605156346843
7.641393177252606 0.003844911713640535 1.03894314663778
7.687359846422636 0.003845272092569999 1.039040525523654
7.733603027300095 0.003844750236100103 1.038899513390396
7.780124383236402 0.003843354791194033 1.038522446755413
7.826925587588838 0.003841094813126156 1.037911772466887
7.874008323780734 0.003837979773824686 1.037070049958074
7.921374285362025 0.00383401955426019 1.03599994919058
7.969025176070168 0.003829224412694149 1.034704242074725
8.016962709891423 0.00382360498102788 1.03318580148298
8.065188611122505 0.003817172270853914 1.031447602885119
8.113704614432605 0.003809937640773821 1.029492715517093
8.162512464925786 0.003801912782185019 1.027324298540444
8.211613918203758 0.003793109725284871 1.024945602664691
8.26101074042902 0.003783540817822763 1.022359964405873
8.310704708388393 0.003773218701199678 1.019570799628355
8.360697609556926 0.003762156308834968 1.016581603103515
8.410991242162195 0.003750366858805725 1.013395946520801
8.461587415248985 0.003737863824691214 1.010017470609543
8.512487948744354 0.003724660925696679 1.006449882470273
8.563694673523104 0.003710772125621694 1.002696955295967
8.615209431473632 0.003696211606720441 0.9987625213087633
8.667034075564182 0.003680993753207107 0.9946504673029131
8.719170469909495 0.003665133147715086 0.990364733688016
8.771620489837867 0.003648644554321427 0.9859093099020122
8.824386021958594 0.003631542897047384 0.9812882286017625
8.877468964229841 0.003613843251413742 0.9765055633811927
8.930871226026907 0.003595560834529327 0.9715654260930852
8.984594728210904 0.003576710982725866 0.9664719608057375
9.038641403197854 0.003557309139402359 0.9612293405183626
9.09301319502819 0.00353737084635409 0.9558417648180766
9.147712059436689 0.003516911724977719 0.9503134548012816
9.202739963922818 0.003495947461768575 0.944648649154853
9.258098887821502 0.003474493798093109 0.9388516013925278
9.313790822374321 0.003452566515180997 0.9329265757995849
9.369817770801134 0.003430181419162336 0.9268778433897069
9.426181748372137 0.003407354329991851 0.9207096789121646
9.482884782480346 0.003384101067378105 0.9144263570497114
9.539928912714528 0.003360437437161754 0.9080321487378199
9.597316190932558 0.003336379220759632 0.9015313183123415
9.655048681335227 0.003311942160906467 0.8949281196567388
9.713128460540494 0.003287141948538731 0.8882267926579387
9.771557617658175 0.003261994214057106 0.8814315608453435
9.830338254365088 0.003236514514458586 0.8745466279137607
9.889472484980656 0.003210718318079816 0.8675761736008659
9.948962436542953 0.003184620998330655 0.8605243519939315
10.00881024888521 0.003158237823924446 0.8533952888899243
10.06901807471279 0.003131583941374974 0.8461930770659648
10.12958807968063 0.003104674369170115 0.8389217747049746
10.1905224424711 0.003077523992044473 0.8315854038480719
10.25182335487242 0.003050147544692641 0.8241879459936897
10.31349302185747 0.003022559601583139 0.816733339345177
10.3755336616631 0.002994774576230791 0.8092254786141833
10.43794750586993 0.002966806709622623 0.8016682118931943
10.50073679948262 0.002938670053528343 0.794065336145814
10.56390380101059 0.002910378473043252 0.7864205978938904
10.62745078254932 0.002881945640943036 0.7787376916921113
10.69138002986203 0.002853385018801538 0.7710202550257892
10.7556938424619 0.002824709856427729 0.7632718681587249
10.82039453369479 0.002795933192932776 0.7554960544215416
10.88548443082247 0.002767067841931184 0.7476962762128498
10.95096587510631 0.002738126381995587 0.7398759324200113
11.01684122189147 0.002709121164035869 0.7320383604130716
11.08311284069168 0.002680064303770736 0.7241868340104826
11.14978311527443 0.002650967664332201 0.7163245587786194
11.21685444374672 0.00262184286512578 0.7084546744259144
11.28432923864131 0.002592701281792219 0.7005802547925154
11.35220992700354 0.002563554029079236 0.6927043032220174
11.42049895047856 0.002534411962178079 0.6848297529226167
11.48919876539923 0.002505285684756529 0.6769594691377291
11.55831184287442 0.002476185538308429 0.6690962462680984
11.62784066887791 0.002447121592183238 0.661242805177659
11.69778774433782 0.002418103657218458 0.6534017968771864
11.76815558522656 0.002389141283348932 0.6455758018783013
11.83894672265132 0.002360243743472189 0.6377673258336835
11.91016370294514 0.002331420044982054 0.6299788026535956
11.98180908775847 0.002302678935472965 0.622212596047265
12.05388545415131 0.00227402888966005 0.6144709959885204
12.12639539468595 0.002245478110249725 0.6067562189510425
12.19934151752018 0.002217034541436846 0.5990704115554598
12.27272644650111 0.002188705863479136 0.5914156491032933
12.34655282125957 0.002160499482636685 0.5837939328584817
12.42082329730504 0.002132422547952204 0.5762071945816181
12.49554054612116 0.002104481953693832 0.5686572971900246
12.57070725526186 0.002076684326407615 0.5611460312591715
12.64632612844798 0.002049036036150477 0.5536751180579661
12.72239988566455 0.002021543206103968 0.5462462121465081
12.79893126325863 0.00199421170451462 0.5388608991982725
12.87592301403773 0.001967047148606055 0.5315206970572095
12.95337790736882 0.001940054912762292 0.5242270579489774
13.03129872927796 0.001913240127094977 0.5169813680937898
13.10968828255048 0.001886607682172586 0.5097849489843046
13.18854938683184 0.001860162235567415 0.5026390591547034
13.26788487872902 0.001833908216826974 0.4955448955240242
13.34769761191256 0.001807849822414218 0.4885035920289479
13.42799045721921 0.001781991022912729 0.4815162215707289
13.50876630275517 0.001756335575830081 0.474583799474824
13.59002805400002 0.001730887022473529 0.4677072826466647
13.67177863391118 0.00170564868612912 0.4608875690796304
13.7540209830291 0.00168062368856878 0.4541255023154694
13.83675805958297 0.001655814952883003 0.4474218722097261
13.91999283959716 0.001631225196842405 0.4407774131379505
14.00372831699829 0.00160685694668753 0.4341928077218771
14.08796750372286 0.001582712545469028 0.4276686890830424
14.17271342982564 0.00155879414847018 0.4212056396058969
14.25796914358864 0.001535103728661603 0.4148041924117329
14.34373771163077 0.00151164308979039 0.4084648348955334
14.43002221901811 0.001488413866582497 0.4021880087806605
14.51682576937491 0.001465417522682329 0.395974109562105
14.60415148499523 0.001442655364999896 0.3898234903832684
14.69200250695523 0.001420128548405813 0.3837364633046077
14.78038199522615 0.001397838071811459 0.3777132982444493
14.86929312878798 0.001375784788160474 0.3717542256788127
14.95873910574384 0.001353969413238496 0.3658594390219136
15.04872314343496 0.001332392524287934 0.3600290942518579
15.13924847855642 0.00131105456305551 0.3542633107341241
15.2303183672736 0.00128995584735737 0.3485621743466034
15.3219360853393 0.001269096573279379 0.3429257380741439
15.41410492821153 0.00124847681362472 0.3373540215890747
15.50682821117208 0.001228096528851554 0.3318470142066974
15.60010926944577 0.001207955572287222 0.3264046762942284
15.69395145832038 0.001188053688542777 0.3210269388423861
15.7883581532674 0.00116839051995177 0.31571370520523
15.88333275006339 0.001148965614466674 0.3104648532338752
15.97887866491215 0.00112977842624905 0.3052802354359609
16.07499933456759 0.001110828317242636 0.3001596794007194
16.17169821645737 0.001092114566173601 0.2951029902309568
16.26897878880723 0.001073636371426783 0.2901099513202487
16.36684455076612 0.001055392850416438 0.2851803241829085
16.46529902253208 0.001037383046936858 0.2803138504402158
16.56434574547881 0.001019605935921865 0.2755102531064923
16.66398828228309 0.001002060423428508 0.2707692365846953
16.76423021705294 0.0009847453504276814 0.2660904876906905
16.86507515545651 0.0009676594989717917 0.2614736773198328
16.96652672485178 0.0009508015936526283 0.2569184608409009
17.06858857441703 0.0009341703025370807 0.2524244783489401
17.17126437528214 0.0009177642433575128 0.247991356337978
17.27455782066058 0.0009015819862114063 0.2436187084305027
17.37847262598229 0.0008856220537559902 0.2393061354300536
17.48301252902732 0.0008698829256357043 0.2350532265175776
17.58818129006027 0.000854363042203544 0.2308595602569828
17.69398269196554 0.0008390608052988506 0.226724704805307
17.80042054038342 0.0008239745804074993 0.2226482184964275
17.90749866384694 0.0008091027008782436 0.2186296509803705
18.01522091391964 0.0007944434694736904 0.2146685436424033
18.12359116533404 0.0007799951591803076 0.2107644298219085
18.23261331613107 0.0007657560169588018 0.2069168358257835
18.34229128780023 0.000751724265842413 0.2031252814954252
18.45262902542071 0.0007378981056205775 0.1993892803914646
18.56363049780323 0.0007242757153088453 0.1957083404611695
18.67529969763284 0.000710855255637374 0.192081964710866
18.78764064161249 0.0006976348700424256 0.188509651473854
18.90065737060757 0.0006846126860116383 0.1849908947739161
19.0143539497912 0.0006717868175559484 0.1815251849932617
19.12873446879051 0.0006591553664511916 0.1781120092080233
19.24380304183367 0.0006467164231187527 0.1747508514262191
19.35956380789796 0.0006344680686074451 0.1714411931232814
19.47602093085858 0.0006224083759604187 0.1681825136114122
19.59317859963845 0.0006105354110750934 0.1649742902719483
19.71104102835891 0.0005988472340759719 0.161815998926312
19.82961245649123 0.000587341900670355 0.1587071142023425
19.94889714900919 0.0005760174630213521 0.1556471097701944
20.06889939654243 0.0005648719707835747 0.1526354586221945
20.18962351553079 0.0005539034722662283 0.1496716333871247
20.31107384837959 0.0005431100152391655 0.1467551065480263
20.4332547636158 0.0005324896478620029 0.1438853506932602
20.55617065604522 0.0005220404196255388 0.1410618387708891
20.67982594691049 0.0005117603820216178 0.1382840442696833
20.80422508405019 0.0005016475893575578 0.1355514414391893
20.92937254205879 0.0004917000996555803 0.1328635055327666
21.05527282244758 0.0004819159751229139 0.1302197129346163
21.18193045380665 0.0004722932827676769 0.1276195413261995
21.30934999196772 0.0004628300953651825 0.1250624699473456
21.43753602016806 0.0004535244917966751 0.1225479796877826
21.5664931492153 0.0004443745574291035 0.1200755531897569
21.69622601765332 0.0004353783850134149 0.1176446750907637
21.82673929192908 0.0004265340751543378 0.1152548321504874
21.95803766656046 0.0004178397364072904 0.1129055132769887
22.09012586430514 0.0004092934859340263 0.110596209703867
22.22300863633048 0.0004008934502822396 0.1083264152009202
22.35669076238438 0.0003926377652588937 0.1060956260399166
22.49117705096725 0.0003845245762718615 0.1039033410869096
22.62647233950495 0.0003765520392817437 0.1017490620594319
22.76258149452277 0.0003687183207398931 0.09963229350974818
22.89950941182054 0.0003610215975970627 0.09755254282719202
23.03726101664865 0.0003534600581031981 0.09550932045428011
23.17584126388527 0.0003460319021648711 0.09350213998329489
23.31525513821456 0.000338735341019074 0.09153051806814
23.45550765430593 0.0003315685976902465 0.08959397454783449
23.59660385699449 0.0003245299078049818 0.08769203266665658
23.73854882146243 0.0003176175191268034 0.08582421894843463
23.88134765342164 0.0003108296916473483 0.08399006322118593
24.02500548929732 0.0003041646985010588 0.08218909886427776
24.16952749641275 0.000297620825805438 0.08042086276526263
24.31491887317515 0.0002911963723627697 0.07868489523927909
24.46118484926266 0.0002848896503155626 0.07698074020616101
24.60833068581249 0.0002786989855801402 0.07530794530759898
24.7563616756101 0.0002726227172366164 0.0736660617423041
24.90528314327963 0.0002666591977856802 0.07205464433539442
25.05510044547539 0.0002608067940212257 0.07047325177419043
25.20581897107455 0.0002550638864407484 0.06892144644889688
25.357444141371 0.0002494288691110334 0.06739879441630983
25.5099814102703 0.0002439001505001833 0.06590486562464123
25.66343626448592 0.0002384761534021664 0.06443923389313075
25.81781422373652 0.0002331553143963505 0.06300147676600514
25.97312084094457 0.000227936084332584 0.06159117564355315
26.12936170243603 0.000222816928906125 0.06020791593747855
26.28654242814131 0.0002177963278863171 0.05885128686247875
26.44466867179741 0.0002128727751877105 0.05752088145546256
26.6037461211513 0.0002080447797526099 0.05621629681402565
26.76378049816449 0.0002033108650021669 0.05493713394812895
26.92477755921884 0.0001986695684951937 0.05368299768790571
27.08674309532363 0.0001941194426339172 0.05245349687436519
27.24968293232387 0.0001896590547630019 0.05124824438614983
27.41360293110984 0.0001852869864493939 0.05006685694494004
27.57850898782788 0.0001810018337867796 0.04890895519772297
27.74440703409252 0.0001768022080996972 0.04777416390705195
27.91130303719981 0.0001726867351211754 0.04666211172883438
28.07920300034196 0.0001686540548905582 0.04557243118472265
28.24811296282329 0.0001647028225839355 0.04450475888650687
28.41803900027744 0.0001608317081106071 0.04345873542707436
28.58898722488593 0.0001570393955908356 0.04243400523929205
28.76096378559799 0.0001533245839044793 0.04143021674425388
28.93397486835177 0.0001496859869828624 0.04044702243014781
29.1080266962968 0.0001461223329768168 0.03948407862745029
29.28312553001787 0.0001426323643879602 0.03854104554439917
29.4592776677602 0.0001392148388374339 0.0376175874747165
29.63648944565603 0.0001358685282977174 0.03671337259003495
29.81476723795246 0.0001325922188254819 0.03582807286771165
29.99411745724076 0.0001293847112856826 0.03496136428648699
30.17454655468706 0.0001262448211481496 0.03411292677152082
30.35606102026435 0.0001231713778187932 0.03328244401367592
30.53866738298595 0.0001201632250149175 0.03246960357093225
30.72237221114033 0.000117219221227698 0.03167409699335436
30.90718211252742 0.0001143382388460559 0.03089561958635112
31.09310373469621 0.0001115191641298688 0.03013387040343705
31.28014376518396 0.0001087608979673411 0.02938855245088313
31.46830893175665 0.0001060623552464243 0.02865937251786689
31.65760600265105 0.000103422464434238 0.02794604106282652
31.84804178681812 0.0001008401681587233 0.02724827237063098
32.03962313416796 9.831442321689092e-05 0.02656578455480877
32.23235693581619 9.584419980548375e-05 0.02589829934966327
32.42625012433181 9.342848172497031e-05 0.0252455421653944
32.62130967398656 9.106626695527285e-05 0.02460724224366746
32.81754260100581 8.87565668110225e-05 0.02398313242935261
33.01495596382091 8.649840577228368e-05 0.02337294912478442
33.21355686332307 8.429082216599203e-05 0.02277643247389493
33.4133524431188 8.213286772819434e-05 0.02219332624392543
33.61434988978685 8.002360705523852e-05 0.02162337767713113
33.81655643313671 7.796211802489311e-05 0.02106633760457289
34.01997934646867 7.594749199424504e-05 0.02052196049959171
34.22462594683541 7.397883298370869e-05 0.01999000425731772
34.43050359530524 7.205525772755546e-05 0.01947023020832397
34.63761969722685 7.017589628735388e-05 0.01896240328438559
34.84598170249565 6.833989131281583e-05 0.01846629181875117
35.0555971058218 6.654639774438645e-05 0.01798166746577888
35.26647344699975 6.479458337717625e-05 0.01750830535331795
35.47861831117944 6.308362862960196e-05 0.01704598402019257
35.69203932913916 6.141272590306531e-05 0.01659448524317905
35.90674417756002 5.978107984258269e-05 0.01615359410743127
36.12274057930207 5.818790767764973e-05 0.01572309909858647
36.34003630368208 5.663243841769553e-05 0.01530279188536699
36.55863916675303 5.511391277378399e-05 0.01489246729842301
36.77855703158521 5.363158373814582e-05 0.01449192348692928
36.9997978085491 5.218471600695435e-05 0.01410096176261197
37.22236945559986 5.077258557384095e-05 0.01371938648991145
37.4462799785636 4.939448015614751e-05 0.01334700520116105
37.67153743142533 4.80496991559572e-05 0.01298362858605705
37.89814991661868 4.673755297216869e-05 0.01262907030577258
38.12612558531732 4.545736311583228e-05 0.01228314702412288
38.35547263772817 4.420846263215934e-05 0.01194567852159749
38.58619932338635 4.299019536536942e-05 0.01161648749671278
38.81831394145193 4.180191577357227e-05 0.01129539951599079
39.05182484100842 4.06429894262993e-05 0.01098224314839837
39.2867404213631 3.951279261279958e-05 0.01067684985950394
39.52306913234914 3.84107118550659e-05 0.01037905387989102
39.76081947462954 3.7336144193746e-05 0.01008869228241501
40.00000000000288 3.628849730650723e-05 0.009805605014186806
