##########################################################################################
#
# SZ signal computed with SZpack v1.1.1
# Runmode: CNSN-basis
#
# General parameters:
# xmin= 0.1 xmax= 40 np= 1000
# Dtau= 0.01
# Te= 13keV (The ~ 0.0254404)
# betac= 0 muc= 1
# betao= 0 muo= 1
#
# Runmode specific parameters:
# eps= 0
# Te_order= 20 beta_order= 2
#
##########################################################################################
#
# Output format: x = (h nu/k T0) | x^3 Dn(x) | DI(x) in MJy/sr 
# Here a CMB temperature of T0 = 2.726 K is assumed.
#
##########################################################################################
0.1 -4.868575273274923e-06 -0.0013155498203286
0.1006015482792701 -4.927215051294729e-06 -0.00133139502043499
0.1012067151618632 -4.986559773662693e-06 -0.001347430705305096
0.1018155224154252 -5.04661788451959e-06 -0.001363659156651175
0.1024279919385451 -5.107397925863468e-06 -0.001380082682627743
0.1030441457615424 -5.168908539262199e-06 -0.001396703618294322
0.1036640060472596 -5.231158472878037e-06 -0.001413524327513571
0.1042875950918594 -5.294156577920556e-06 -0.001430547201992819
0.1049149353256267 -5.357911807624391e-06 -0.00144777466100784
0.1055460493137754 -5.422433223764395e-06 -0.001465209153163331
0.10618095975726 -5.487729997553137e-06 -0.001482853156635426
0.1068196894935924 -5.553811405811561e-06 -0.001500709178136959
0.1074622614976628 -5.620686834872469e-06 -0.001518779753972237
0.1081086988825668 -5.688365786527989e-06 -0.001537067451644118
0.1087590249004362 -5.7568578729405e-06 -0.001555574868478879
0.1094132629432757 -5.82617281753738e-06 -0.00157430463186799
0.1100714365438043 -5.896320462997941e-06 -0.00159325940142628
0.1107335693763015 -5.967310768680287e-06 -0.001612441868296646
0.1113996852574591 -6.039153808357923e-06 -0.001631854754538456
0.1120698081472377 -6.111859776616978e-06 -0.001651500814856156
0.1127439621497288 -6.185438991886078e-06 -0.001671382837417978
0.1134221715140214 -6.259901891397779e-06 -0.001691503642494464
0.1141044606350749 -6.335259034342045e-06 -0.001711866083310568
0.1147908540545956 -6.411521109783653e-06 -0.001732473048185039
0.1154813764619206 -6.488698931383597e-06 -0.00175332745910408
0.1161760526949047 -6.566803437249596e-06 -0.001774432271680954
0.1168749077408149 -6.6458456985258e-06 -0.001795790477477026
0.1175779667372284 -6.725836918464058e-06 -0.001817405103750814
0.118285254972937 -6.806788428702323e-06 -0.00183927921245236
0.118996797888857 -6.888711695220635e-06 -0.00186141590183262
0.119712621078944 -6.97161832386743e-06 -0.001883818307936731
0.1204327502911136 -7.055520054211005e-06 -0.001906489602942612
0.1211572114281675 -7.140428761768837e-06 -0.001929432995763342
0.1218860305487253 -7.226356467609686e-06 -0.001952651734641777
0.1226192338681618 -7.313315333594514e-06 -0.001976149105864584
0.12335684775955 -7.401317660861832e-06 -0.001999928433352961
0.1240988987546095 -7.490375898628541e-06 -0.002023993081040737
0.124845413544661 -7.580502645570924e-06 -0.002048346453247529
0.1255964189815867 -7.671710644500392e-06 -0.002072991993240071
0.1263519420787953 -7.764012787559015e-06 -0.002097933184636098
0.1271120100121947 -7.857422124439056e-06 -0.002123173553625379
0.1278766501211688 -7.951951855430785e-06 -0.002148716667091144
0.128645889909561 -8.047615332519223e-06 -0.002174566132906438
0.1294197570466637 -8.144426070233874e-06 -0.002200725602865853
0.1301982793682135 -8.242397742272334e-06 -0.00222719877177319
0.1309814848773924 -8.341544178281008e-06 -0.002253989376571561
0.1317694017458348 -8.441879372445934e-06 -0.002281101198664745
0.1325620583146414 -8.543417487787325e-06 -0.00230853806507762
0.1333594830953982 -8.64617284920646e-06 -0.002336303846577351
0.1341617047712022 -8.750159947635317e-06 -0.00236440245879467
0.1349687521976928 -8.855393450880069e-06 -0.002392837865153922
0.1357806544040905 -8.961888196474044e-06 -0.002421614074941853
0.13659744059424 -9.06965919132923e-06 -0.002450735143213435
0.1374191401476617 -9.178721623336728e-06 -0.002480205173926455
0.1382457826206078 -9.289090860273908e-06 -0.002510028319646219
0.1390773977471256 -9.400782444597468e-06 -0.002540208780138562
0.1399140154401271 -9.513812101385019e-06 -0.002570750804515777
0.140755665792465 -9.628195746008927e-06 -0.00260165869331017
0.1416023790780148 -9.743949475709298e-06 -0.002632936796196983
0.1424541857527642 -9.861089572466048e-06 -0.002664589512770461
0.1433111164559082 -9.979632516044927e-06 -0.002696621296069052
0.1441732020109516 -1.009959497763596e-05 -0.002729036650856429
0.1450404734268171 -1.022099381762333e-05 -0.002761840133018893
0.1459129618989614 -1.034384609739941e-05 -0.002795036352757663
0.1467906988104967 -1.046816908143744e-05 -0.002828629975148949
0.1476737157333199 -1.059398022991833e-05 -0.002862625718151613
0.148562044429248 -1.072129720559429e-05 -0.002897028354461807
0.1494557168511607 -1.085013788506756e-05 -0.002931842714560642
0.1503547651441497 -1.098052034933293e-05 -0.002967073684158637
0.151259221646675 -1.11124628850856e-05 -0.003002726204549141
0.152169118891728 -1.124598399936025e-05 -0.003038805276563966
0.1530844896080017 -1.13811024151176e-05 -0.003075315959380852
0.1540053667210681 -1.151783706668553e-05 -0.003112263369291572
0.1549317833545624 -1.165620711121181e-05 -0.00314965268279662
0.1558637728313743 -1.179623193468716e-05 -0.003187489138232716
0.156801368674847 -1.193793114239337e-05 -0.003225778033191757
0.1577446046099826 -1.208132456431122e-05 -0.003264524725982117
0.1586935145646554 -1.222643226985728e-05 -0.00330373463961071
0.1596481326708324 -1.237327455825196e-05 -0.003343413259180317
0.1606084932658007 -1.252187195783541e-05 -0.003383566131704726
0.1615746308934029 -1.267224524161377e-05 -0.003424198870309543
0.1625465803052792 -1.282441542599227e-05 -0.003465317153889831
0.1635243764621181 -1.297840376352453e-05 -0.003506926725150911
0.1645080545349132 -1.313423175341054e-05 -0.003549033393445024
0.1654976499062288 -1.329192115205126e-05 -0.003591643037623327
0.1664931981714723 -1.345149396155801e-05 -0.00363476160293098
0.1674947351401746 -1.361297243339858e-05 -0.003678395101992381
0.1685022968372784 -1.377637908597218e-05 -0.003722549619560124
0.1695159195044337 -1.394173669614611e-05 -0.003767231310228112
0.1705356396013016 -1.410906829599351e-05 -0.003812446397550047
0.1715614938068656 -1.427839718851215e-05 -0.003858201178286854
0.172593519020751 -1.444974695065685e-05 -0.003904502023226071
0.1736317523645521 -1.462314142318405e-05 -0.003951355374437727
0.1746762311831677 -1.479860471962314e-05 -0.003998767747698506
0.1757269930461439 -1.497616124160094e-05 -0.004046745736632616
0.1767840757490262 -1.515583566604921e-05 -0.004095296009255095
0.1778475173147181 -1.533765294669924e-05 -0.004144425308375675
0.1789173559948495 -1.552163833364532e-05 -0.004194140456885066
0.1799936302711521 -1.570781736759938e-05 -0.004244448356202488
0.1810763788568441 -1.589621587347084e-05 -0.004295355984540884
0.1821656406980222 -1.608685997547729e-05 -0.004346870400989988
0.1832614549750625 -1.627977610547488e-05 -0.004398998747767321
0.1843638611040305 -1.647499098991755e-05 -0.004451748246694399
0.1854728987380978 -1.667253165680771e-05 -0.004505126201074908
0.1865886077689693 -1.687242545550855e-05 -0.004559140001048221
0.1877110283283176 -1.70747000438439e-05 -0.004613797120103631
0.1888402007892269 -1.727938338686303e-05 -0.004669105114746578
0.1899761657676448 -1.748650377744876e-05 -0.004725071630067222
0.1911189641238435 -1.769608983485991e-05 -0.004781704399346591
0.1922686369638894 -1.790817049469999e-05 -0.004839011241345998
0.1934252256411219 -1.812277502262344e-05 -0.004897000064010638
0.1945887717576404 -1.83399330286619e-05 -0.004955678868340729
0.1957593171658014 -1.855967445166657e-05 -0.005015055744187632
0.1969369039697233 -1.878202956383816e-05 -0.005075138871477911
0.1981215745268011 -1.900702899411882e-05 -0.005135936526534121
0.19931337144923 -1.9234703717001e-05 -0.00519745707905082
0.2005123376055381 -1.94650850477897e-05 -0.005259708990814376
0.2017185161221286 -1.969820466325326e-05 -0.005322700821283059
0.2029319503848305 -1.99340946059305e-05 -0.005386441228750894
0.2041526840404598 -2.017278727024824e-05 -0.005450938966596432
0.205380760998389 -2.041431541406885e-05 -0.00551620288640305
0.2066162254321268 -2.065871217922216e-05 -0.005582241943506928
0.2078591217809067 -2.090601107433797e-05 -0.005649065192358172
0.2091094947512857 -2.115624597643367e-05 -0.00571668178694982
0.2103673893187526 -2.140945115670287e-05 -0.005785100987786237
0.2116328507293451 -2.16656612730654e-05 -0.005854332159870052
0.2129059245012778 -2.192491136119346e-05 -0.005924384770277289
0.2141866564265795 -2.218723685415217e-05 -0.005995268393464509
0.2154750925727398 -2.245267359370145e-05 -0.00606699271432271
0.2167712792843669 -2.272125781264655e-05 -0.006139567523408212
0.2180752631848539 -2.299302614359087e-05 -0.006213002719307793
0.2193870911780562 -2.326801564516176e-05 -0.006287308315725222
0.2207068104499787 -2.354626378487913e-05 -0.006362494436852138
0.2220344684704725 -2.382780843703468e-05 -0.006438571316794997
0.2233701129949433 -2.411268790958099e-05 -0.006515549306840842
0.2247137920660681 -2.440094094243635e-05 -0.006593438874999241
0.2260655540155243 -2.469260669372958e-05 -0.006672250602285469
0.2274254474657272 -2.498772475737395e-05 -0.006751995187469198
0.2287935213315797 -2.528633518214913e-05 -0.006832683452230686
0.2301698248222314 -2.558847845084515e-05 -0.0069143263355252
0.2315544074428487 -2.589419548570713e-05 -0.006996934895054266
0.2329473189963953 -2.620352767902937e-05 -0.007080520315532563
0.2343486095854241 -2.651651687847406e-05 -0.00716509390472086
0.2357583296138787 -2.683320538025013e-05 -0.007250667091582855
0.237176529788907 -2.715363595574444e-05 -0.007337251433481255
0.2386032611226849 -2.747785185741252e-05 -0.007424858617769525
0.2400385749342508 -2.780589680000193e-05 -0.007513500456718216
0.2414825228513524 -2.813781497508056e-05 -0.007603188891440672
0.2429351568123028 -2.847365107799086e-05 -0.007693935999176426
0.2443965290678495 -2.881345028506466e-05 -0.007785753987134336
0.2458666921830531 -2.915725825507973e-05 -0.007878655192886184
0.2473456990391787 -2.950512116257637e-05 -0.007972652093369219
0.2488336028355976 -2.985708568823135e-05 -0.008067757302285089
0.250330457091701 -3.021319900644201e-05 -0.008163983566744899
0.2518363156488252 -3.057350881029431e-05 -0.008261343774015903
0.2533512326721881 -3.093806332647635e-05 -0.008359850955551307
0.2548752626528374 -3.130691129168563e-05 -0.008459518280615221
0.2564084604096108 -3.16801019633132e-05 -0.008560359059169666
0.2579508810911079 -3.205768515337371e-05 -0.008662386751042873
0.2595025801776736 -3.243971120602154e-05 -0.008765614959853875
0.261063613483394 -3.282623099403411e-05 -0.008870057432062246
0.2626340371581039 -3.321729595307974e-05 -0.008975728066227715
0.2642139076894062 -3.361295807964347e-05 -0.009082640912449688
0.2658032819047042 -3.401326991240392e-05 -0.009190810167335049
0.2674022169732455 -3.44182845541605e-05 -0.009300250179923145
0.2690107704081783 -3.482805569654601e-05 -0.009410975458363483
0.2706290000686201 -3.524263759246343e-05 -0.009523000662467758
0.2722569641617388 -3.566208506228647e-05 -0.009636340605385353
0.2738947212448469 -3.608645353283858e-05 -0.009751010264135935
0.2755423302275071 -3.651579901833639e-05 -0.009867024774460142
0.2771998503736515 -3.695017811067723e-05 -0.009984399428195154
0.2788673413037137 -3.738964801283418e-05 -0.01010314968229845
0.2805448629967726 -3.783426654648756e-05 -0.01022329116090991
0.2822324757927104 -3.828409212701586e-05 -0.0103448396485941
0.283930240394383 -3.873918378114144e-05 -0.01046781109510832
0.285638217869803 -3.919960118124412e-05 -0.01059222162467456
0.2873564696543368 -3.966540461559812e-05 -0.01071808752793719
0.2890850575529139 -4.013665498923699e-05 -0.01084542526219664
0.2908240437422505 -4.061341386569879e-05 -0.01097425146268947
0.2925734907730859 -4.109574345461884e-05 -0.01110458293923582
0.294333461572432 -4.158370659479771e-05 -0.01123643667166409
0.2961040194458372 -4.20773667848783e-05 -0.01136982981810035
0.2978852280796634 -4.257678820220573e-05 -0.01150477972006446
0.2996771515433765 -4.30820356718567e-05 -0.01164130389410146
0.3014798542918515 -4.359317467903942e-05 -0.01177942003513215
0.3032934011676903 -4.411027141147849e-05 -0.01191914602790603
0.3051178574035545 -4.46333927303972e-05 -0.01206049993916037
0.3069532886245115 -4.51626061648423e-05 -0.01220350001608666
0.3087997608503953 -4.569797995379298e-05 -0.012348164697709
0.3106573404981812 -4.623958304333197e-05 -0.0124945126141197
0.3125260943843745 -4.678748506189393e-05 -0.01264256257979107
0.3144060897274139 -4.73417563464712e-05 -0.01279233360065658
0.3162973941500897 -4.790246797324719e-05 -0.01294384488238831
0.3182000756819758 -4.846969172192366e-05 -0.01309711582075782
0.3201142027618771 -4.904350008212193e-05 -0.01325216600336578
0.3220398442402905 -4.962396630105144e-05 -0.01340901522252263
0.3239770693818822 -5.021116435913012e-05 -0.01356768346866091
0.3259259478679787 -5.080516895636274e-05 -0.01372819092665449
0.3278865497990735 -5.14060555524001e-05 -0.01389055798664308
0.3298589456973481 -5.201390037559188e-05 -0.01405480524647845
0.3318432065092091 -5.262878039042512e-05 -0.01422095350292584
0.3338394036078401 -5.325077331774902e-05 -0.01438902375712901
0.3358476087957689 -5.387995767636979e-05 -0.01455903722584968
0.3378678943074497 -5.451641274507503e-05 -0.01473101533120599
0.3399003328118625 -5.516021856204172e-05 -0.0149049797005126
0.3419449974151257 -5.58114559746393e-05 -0.01508095217973807
0.3440019616631268 -5.647020662344495e-05 -0.01525895482918559
0.3460712995441669 -5.713655291963839e-05 -0.01543900991738478
0.3481530854916227 -5.781057808065048e-05 -0.01562113993072438
0.3502473943866234 -5.849236615239013e-05 -0.01580536757945825
0.3523543015607447 -5.918200196968153e-05 -0.01599171578701499
0.3544738827987177 -5.987957116941995e-05 -0.01618020769355285
0.3566062143411555 -6.058516024057409e-05 -0.01637086666947092
0.3587513728872951 -6.129885648764664e-05 -0.01656371630553579
0.3609094355977566 -6.202074802173966e-05 -0.01675878041046725
0.3630804800973185 -6.275092380927849e-05 -0.01695608302410412
0.3652645844777097 -6.348947366752681e-05 -0.01715564841619237
0.3674618273004187 -6.423648823259734e-05 -0.01735750107774121
0.369672287599519 -6.499205898854964e-05 -0.01756166572888565
0.3718960448845125 -6.575627830264632e-05 -0.01776816732841319
0.374133179143189 -6.652923938063703e-05 -0.01797703106168103
0.3763837708445035 -6.73110362720492e-05 -0.01818828234204562
0.3786479009414707 -6.810176392459732e-05 -0.0184019468255648
0.3809256508740766 -6.890151815362576e-05 -0.01861805040274082
0.3832171025722083 -6.971039562341841e-05 -0.01883661919346997
0.3855223384586003 -7.052849389172706e-05 -0.01905767955907476
0.3878414414518001 -7.135591141877901e-05 -0.01928125810473782
0.3901744949691499 -7.219274752634565e-05 -0.01950738166844175
0.3925215829297878 -7.303910241857883e-05 -0.01973607732659938
0.3948827897576659 -7.389507722829922e-05 -0.01996737240656146
0.3972582003845871 -7.476077397026529e-05 -0.02020129447398929
0.3996479002532602 -7.563629553759438e-05 -0.02043787133188776
0.402051975320373 -7.652174575628344e-05 -0.02067713103533747
0.4044705120596843 -7.741722936456027e-05 -0.02091910188591515
0.4069035974651345 -7.83228519836727e-05 -0.02116381242380059
0.4093513190539743 -7.923872015532905e-05 -0.0214112914378935
0.4118137648699132 -8.016494136458164e-05 -0.0216615679719969
0.4142910234862858 -8.110162399141708e-05 -0.02191467131173625
0.4167831840092382 -8.204887732225751e-05 -0.02217063098766718
0.4192903360809331 -8.30068116031173e-05 -0.02242947678963914
0.4218125698827739 -8.397553799530028e-05 -0.02269123875482422
0.4243499761386489 -8.495516856170397e-05 -0.02295594716401635
0.4269026461181943 -8.594581631725227e-05 -0.02322363255525892
0.429470671640077 -8.694759522077114e-05 -0.02349432572164942
0.4320541450752978 -8.79606201354404e-05 -0.02376805770065301
0.4346531593505136 -8.898500685672342e-05 -0.02404485978164957
0.43726780795138 -9.002087214742479e-05 -0.02432476351540661
0.4398981849259138 -9.106833368445737e-05 -0.0246078006996951
0.4425443848878763 -9.212751006037295e-05 -0.02489400337970312
0.4452065030201759 -9.319852083772009e-05 -0.02518340386272395
0.4478846350782926 -9.428148651189109e-05 -0.0254760347081169
0.4505788773937215 -9.537652848632091e-05 -0.02577192872060578
0.4532893268774382 -9.64837691149805e-05 -0.02607111896176104
0.4560160810233846 -9.760333170745975e-05 -0.02637363875137332
0.458759237911976 -9.87353404804063e-05 -0.0266795216543316
0.4615188962136283 -9.987992057426335e-05 -0.02698880148514594
0.464295155192308 -0.0001010371980963683 -0.02730151231959329
0.4670881147091019 -0.0001022073000667754 -0.02761768848007804
0.4698978752258099 -0.0001033903544091448 -0.02793736453317029
0.4727245378085577 -0.000104586490000577 -0.02826057530307153
0.4755682041314329 -0.0001057958366447761 -0.02858735586436311
0.4784289764801414 -0.0001070185250362565 -0.02891774153233451
0.4813069577556875 -0.0001082546867916241 -0.02925176787143576
0.4842022514780743 -0.0001095044544660313 -0.02958947069972395
0.487114961790028 -0.000110767961498148 -0.0299308860739936
0.4900451934607434 -0.0001120453422149928 -0.03027605029108208
0.4929930518896525 -0.0001133367318764689 -0.03062499989990396
0.4959586431102161 -0.0001146422666249129 -0.03097777168781822
0.4989420737937372 -0.0001159620834647897 -0.03133440267514165
0.5019434512531983 -0.0001172963203027505 -0.03169493012597317
0.504962883447121 -0.0001186451159318136 -0.03205939154391903
0.5080004789834501 -0.0001200086099860822 -0.0324278246598572
0.5110563471234592 -0.0001213869429584722 -0.0328002674367275
0.5141305977856812 -0.0001227802562237693 -0.03317675807576204
0.5172233415498623 -0.0001241886919808226 -0.03355733500086513
0.520334689660939 -0.0001256123932454615 -0.03394203685669933
0.52346475403304 -0.0001270515038886547 -0.0343309025189965
0.5266136472535116 -0.0001285061685934654 -0.03472397108292666
0.5297814825869668 -0.0001299765328239092 -0.03512128185468286
0.5329683739793606 -0.00013146274285085 -0.03552287435847861
0.5361744360620875 -0.0001329649457446559 -0.03592878833456346
0.5393997841561053 -0.0001344832893234082 -0.03633906372522843
0.5426445342760833 -0.000136017922155998 -0.03675374067564269
0.5459088031345746 -0.0001375689935840383 -0.03717285953977448
0.5491927081462149 -0.0001391366536656149 -0.03759646086519206
0.5524963674319456 -0.000140721053156718 -0.038024585388046
0.5558198998232626 -0.0001423223435357238 -0.03845727403968474
0.5591634248664905 -0.0001439406769682237 -0.03889456793715076
0.5625270628270829 -0.0001455762062671938 -0.03933650837241796
0.565910934693948 -0.0001472290849016201 -0.03978313681472237
0.5693151621838011 -0.0001488994669912733 -0.04023449490915011
0.5727398677455418 -0.0001505875072526661 -0.04069062446203447
0.5761851745646592 -0.0001522933609878907 -0.04115156743793962
0.5796512065676627 -0.0001540171840953383 -0.04161736596255718
0.5831380884265391 -0.0001557591330186257 -0.0420880623089055
0.5866459455632378 -0.0001575193647179263 -0.04256369888958303
0.5901749041541815 -0.0001592980366747427 -0.04304431825805782
0.5937250911348052 -0.0001610953068607053 -0.04352996310023659
0.5972966342041217 -0.0001629113336931791 -0.04402067622246911
0.6008896618293151 -0.0001647462760252671 -0.04451650054884702
0.6045043032503616 -0.0001666002931324428 -0.04501747911759171
0.6081406884846782 -0.0001684735446611271 -0.04552365506715924
0.6117989483317994 -0.0001703661906048665 -0.04603507162980328
0.6154792143780822 -0.000172278391293608 -0.04655177212867716
0.619181619001439 -0.0001742103073479354 -0.04707379996546783
0.6229062953760992 -0.0001761620996437421 -0.04760119861085021
0.6266533774773996 -0.0001781339292931667 -0.04813401159933547
0.6304230000866031 -0.0001801259576082541 -0.0486722825194521
0.6342152987957473 -0.0001821383460578841 -0.04921605500210723
0.6380304100125211 -0.000184171256239903 -0.04976537271305641
0.6418684709651717 -0.0001862248498462315 -0.05032027934347524
0.6457296197074404 -0.0001882992886179348 -0.05088081859781878
0.6496139951235281 -0.0001903947343118007 -0.05144703418479057
0.6535217369330918 -0.0001925113486596797 -0.0520189698063557
0.6574529856962692 -0.0001946492933221923 -0.0525966691452321
0.6614078828187353 -0.000196808729852983 -0.05318017585523144
0.6653865705567885 -0.000198989819654249 -0.0537695335492424
0.6693891920224675 -0.0002011927239207189 -0.05436478578409305
0.673415891188699 -0.0002034176036047119 -0.05496597605110948
0.6774668128944764 -0.0002056646193732929 -0.05557314776453846
0.6815421028500694 -0.0002079339315375256 -0.05618634424243078
0.6856419076422656 -0.0002102257000138724 -0.05680560869621104
0.6897663747396426 -0.0002125400842868423 -0.05743098422058471
0.693915652497873 -0.0002148772433327533 -0.05806251377293757
0.6980898901650602 -0.0002172373355598151 -0.05870024015714558
0.702289237887107 -0.0002196205187808436 -0.05934420601620176
0.7065138467131162 -0.0002220269501449713 -0.05999445381376365
0.7107638686008243 -0.0002244567860427944 -0.06065102580852279
0.7150394564220665 -0.0002269101820854277 -0.06131396404854513
0.7193407639682761 -0.0002293872930517645 -0.06198331035701996
0.7236679459560159 -0.0002318882727697547 -0.06265910630017979
0.728021158032544 -0.0002344132740761182 -0.06334139317641443
0.7324005567814114 -0.0002369624487846356 -0.06403021200770272
0.736806299728095 -0.0002395359475725176 -0.0647256035089081
0.7412385453456634 -0.0002421339198860167 -0.06542760806227374
0.7456974530604773 -0.0002447565139321937 -0.06613626571519779
0.7501831832579239 -0.0002474038765917822 -0.06685161615668817
0.754695897288186 -0.000250076153264354 -0.06757369867552439
0.7592357574720454 -0.0002527734878626403 -0.06830255215872312
0.7638029271067222 -0.0002554960227583779 -0.06903821507690509
0.7683975704717476 -0.0002582438986077544 -0.06978072543712814
0.7730198528348741 -0.0002610172542913083 -0.07053012076664771
0.7776699404580188 -0.0002638162269014872 -0.07128643810955462
0.7823480006032453 -0.0002666409515945977 -0.07204971398677024
0.7870542015387785 -0.0002694915614341701 -0.07281998435372172
0.7917887125450584 -0.0002723681874120273 -0.07359728460603497
0.7965517039208285 -0.0002752709583503111 -0.07438164955306098
0.8013433469892614 -0.0002782000006684964 -0.07517311335492012
0.8061638141041211 -0.0002811554383839139 -0.07597170952264341
0.8110132786559631 -0.000284137393070183 -0.07677747090694066
0.8158919150783704 -0.0002871459836247098 -0.07759042963537535
0.8207998988542287 -0.0002901813261596442 -0.07841061708289995
0.8257374065220374 -0.0002932435340254085 -0.07923806387821368
0.8307046156822607 -0.0002963327176365519 -0.08007279985670622
0.8357017050037151 -0.0002994489842211639 -0.08091485399274605
0.8407288542299962 -0.0003025924378770306 -0.08176425441485453
0.8457862441859444 -0.0003057631794746857 -0.08262102837950926
0.8508740567841485 -0.0003089613063352127 -0.0834852021840819
0.8559924750314897 -0.0003121869122133424 -0.08435680116227126
0.8611416830357236 -0.0003154400872889119 -0.08523584968179514
0.8663218660121029 -0.0003187209178814765 -0.08612237106727506
0.8715332102900397 -0.0003220294862529781 -0.08701638754691469
0.8767759033198074 -0.000325365870684705 -0.08791792027329547
0.882050133679283 -0.0003287301452904883 -0.08882698927289974
0.8873560910807308 -0.0003321223796426489 -0.08974361334503728
0.8926939663776258 -0.0003355426388576308 -0.09066781008498417
0.8980639515715189 -0.0003389909835185917 -0.09159959586306597
0.9034662398189428 -0.0003424674692618104 -0.09253898571289974
0.9089010254383604 -0.0003459721467033786 -0.09348599331158546
0.9143685039171535 -0.0003495050614892637 -0.09444063099323335
0.9198688719186553 -0.0003530662539703947 -0.09540290966116818
0.9254023272892237 -0.000356655758870951 -0.09637283869829677
0.9309690690653579 -0.0003602736054326985 -0.09735042600610926
0.9365692974808579 -0.0003639198172329281 -0.09833567795548406
0.9422032139740265 -0.0003675944116692184 -0.09932859924746408
0.9478710211949153 -0.0003712974000481712 -0.1003291929372343
0.9535729230126136 -0.0003750287875559412 -0.1013374604261585
0.9593091245225821 -0.0003787885727617418 -0.1023534013276202
0.9650798320540293 -0.0003825767474346536 -0.1033770134175223
0.9708852531773335 -0.0003863932966803441 -0.1044082926712301
0.9767255967115094 -0.0003902381985983399 -0.1054472331709624
0.9826010727317186 -0.0003941114237703822 -0.1064938269675383
0.9885118925768263 -0.0003980129354748338 -0.1075480641383131
0.9944582688570029 -0.0004019426895331099 -0.1086099327456815
1.000440415461372 -0.0004059006336515431 -0.1096794186592417
1.006458547565703 -0.0004098867074636421 -0.1107565055672143
1.012512881640152 -0.0004139008425860192 -0.1118411749915541
1.018603635457047 -0.0004179429620598221 -0.1129334061370184
1.024731028098722 -0.0004220129799939079 -0.114033175794748
1.030895279965397 -0.0004261108018138802 -0.1151404584095605
1.037096612783106 -0.0004302363239301144 -0.1162552259902459
1.043335249611672 -0.0004343894330133685 -0.1173774479138283
1.04961141485273 -0.0004385700062592397 -0.1185070909970247
1.055925334257799 -0.0004427779112980663 -0.1196441194719002
1.062277234936404 -0.0004470130054087265 -0.1207884947734257
1.068667345364243 -0.0004512751354450572 -0.1219401755195961
1.075095895391404 -0.0004555641380193632 -0.1230991175610163
1.081563116250635 -0.0004598798389155693 -0.1242652738223278
1.088069240565661 -0.0004642220524936261 -0.1254385941412717
1.094614502359551 -0.000468590582066406 -0.1266190253705304
1.101199137063137 -0.0004729852196112645 -0.1278065112997885
1.107823381523478 -0.000477405744828733 -0.1290009924013792
1.114487474012384 -0.0004818519254015847 -0.1302024059002875
1.121191654234987 -0.0004863235170182101 -0.1314106857804664
1.127936163338358 -0.0004908202624910787 -0.1326257625466343
1.134721243920186 -0.0004953418914838005 -0.1338475631505236
1.141547140037501 -0.0004998881208632755 -0.1350760110860359
1.148414097215454 -0.0005044586541296734 -0.1363110262352155
1.155322362456149 -0.0005090531805302478 -0.1375525246287907
1.162272184247527 -0.0005136713755568892 -0.138800418580619
1.169263812572304 -0.0005183129007431075 -0.1400546166328291
1.176297498916961 -0.0005229774025317612 -0.1413150232498676
1.183373496280794 -0.0005276645124425428 -0.1425815388637551
1.19049205918501 -0.0005323738472683254 -0.1438540599271417
1.197653443681885 -0.0005371050081498022 -0.1451324786632632
1.204857907363973 -0.0005418575800169054 -0.1464166829150054
1.212105709373372 -0.0005466311321407261 -0.1477065562940396
1.219397110411042 -0.0005514252176323719 -0.149001978045408
1.22673237274619 -0.0005562393722485896 -0.1503028227247877
1.234111760225694 -0.0005610731149641114 -0.151608960353146
1.241535538283603 -0.0005659259479116651 -0.1529202564005304
1.249003973950675 -0.0005707973551118295 -0.1542365714428597
1.256517335863991 -0.000575686802444766 -0.155557761154285
1.264075894276612 -0.0005805937380787022 -0.1568836764229724
1.271679921067302 -0.000585517591569202 -0.1582141631077133
1.279329689750306 -0.0005904577729442524 -0.1595490617907045
1.287025475485191 -0.0005954136734649537 -0.1608882079830955
1.294767555086741 -0.0006003846652470512 -0.1622314320227218
1.302556207034913 -0.0006053700997967189 -0.1635785586784557
1.310391711484858 -0.000610369308560898 -0.164929407298914
1.318274350276994 -0.0006153816030856585 -0.16628379185525
1.326204406947145 -0.0006204062736869901 -0.167641520581984
1.334182166736741 -0.0006254425891201757 -0.1690023958876643
1.342207916603075 -0.0006304897972882974 -0.1703662145463141
1.350281945229628 -0.0006355471244456055 -0.1717327674821721
1.358404543036452 -0.0006406137738961522 -0.1731018394180469
1.366576002190616 -0.0006456889269330074 -0.1744732091291049
1.374796616616712 -0.0006507717426458609 -0.1758466493908819
1.383066682007434 -0.0006558613562732234 -0.1772219265340275
1.391386495834208 -0.0006609568796050014 -0.1785988005530856
1.399756357357896 -0.0006660574014370345 -0.1799770252293161
1.408176567639557 -0.0006711619862842856 -0.181356347782983
1.416647429551278 -0.0006762696736626081 -0.1827365086792788
1.425169247787069 -0.0006813794791000749 -0.1841172419015983
1.433742328873819 -0.00068649039352505 -0.1854982747861875
1.442366981182327 -0.0006916013816181724 -0.1868793275768299
1.45104351493839 -0.0006967113828444019 -0.1882601137037173
1.459772242233963 -0.0007018193115254339 -0.1896403398030178
1.468553477038385 -0.0007069240551310149 -0.1910197052551675
1.477387535209671 -0.0007120244744087394 -0.1923979022199435
1.486274734505876 -0.000717119404196765 -0.1937746158560696
1.495215394596523 -0.0007222076522951136 -0.1951495240162277
1.504209837074101 -0.0007272879983267023 -0.1965222969392943
1.513258385465633 -0.0007323591950337483 -0.1978925976006453
1.522361365244312 -0.0007374199679231901 -0.1992600816163439
1.531519103841213 -0.0007424690134016688 -0.20062439673919
1.540731930657063 -0.0007475049997584809 -0.2019851831243258
1.550000177074097 -0.0007525265675915737 -0.2033420734443454
1.55932417646797 -0.0007575323281872341 -0.2046946924514659
1.568704264219756 -0.0007625208632846466 -0.2060426569139091
1.578140777728008 -0.0007674907262757579 -0.2073855759401186
1.587634056420891 -0.0007724404413500945 -0.2087230507476799
1.597184441768398 -0.0007773685019875307 -0.210054674256047
1.606792277294626 -0.0007822733724652302 -0.2113800314937369
1.616457908590138 -0.0007871534878344408 -0.212698699592059
1.626181683324388 -0.000792007252027533 -0.2140102472736141
1.635963951258232 -0.000796833038647312 -0.2153142350655752
1.645805064256506 -0.0008016291918143759 -0.2166102155286554
1.655705376300682 -0.0008063940247977125 -0.2178977328870771
1.665665243501602 -0.0008111258193928946 -0.2191763228605533
1.675685024112287 -0.0008158228274882505 -0.2204455130874862
1.685765078540822 -0.0008204832705797785 -0.2217048229938907
1.695905769363321 -0.0008251053380611591 -0.222953763331335
1.70610746133697 -0.0008296871888061268 -0.2241918366045167
1.716370521413142 -0.0008342269515505684 -0.2254185371745105
1.726695318750602 -0.0008387227231908545 -0.2266333507989569
1.737082224728785 -0.0008431725692858591 -0.2278357547677129
1.747531612961148 -0.0008475745253447831 -0.2290252182508392
1.758043859308618 -0.0008519265958627593 -0.2302012020380077
1.768619341893104 -0.0008562267534014733 -0.2313631582900746
1.779258441111101 -0.0008604729404391953 -0.2325105310389813
1.789961539647373 -0.0008646630693201582 -0.2336427561740764
1.800729022488719 -0.0008687950206162882 -0.2347592609994344
1.811561276937818 -0.0008728666446206442 -0.2358594646374021
1.822458692627162 -0.0008768757621875805 -0.2369427782556203
1.83342166153307 -0.0008808201634437908 -0.2380086047187328
1.844450577989788 -0.0008846976080094109 -0.2390563386481302
1.855545838703674 -0.0008885058266766559 -0.2400853668755394
1.866707842767465 -0.000892242520968674 -0.2410950683238197
1.877936991674634 -0.000895905362146822 -0.2420848137387167
1.88923368933383 -0.00089949199320068 -0.243053966226589
1.90059834208341 -0.000903000029269896 -0.2440018813683957
1.912031358706049 -0.0009064270563898189 -0.2449279068807513
1.923533150443451 -0.0009097706327981543 -0.2458313829689995
1.935104131011135 -0.0009130282902164397 -0.2467116426734848
1.946744716613318 -0.0009161975331652212 -0.247568011684504
1.958455325957888 -0.0009192758390543065 -0.2483998083666941
1.970236380271462 -0.0009222606601241698 -0.2492063442836237
1.982088303314539 -0.0009251494235835604 -0.2499869242349771
1.994011521396743 -0.0009279395308972322 -0.2507408460640894
2.006006463392153 -0.0009306283597437916 -0.2514674011869819
2.018073560754737 -0.0009332132649039743 -0.2521658748323852
2.030213247533863 -0.0009356915776812032 -0.252835545885167
2.042425960389917 -0.0009380606070625699 -0.2534756872000437
2.05471213861001 -0.000940317641326186 -0.2540855660359065
2.067072224123773 -0.0009424599480823635 -0.2546644440669495
2.079506661519261 -0.0009444847745474558 -0.2552115774566644
2.092015898058938 -0.0009463893495519222 -0.2557262174004447
2.104600383695769 -0.000948170884235631 -0.2562076103134653
2.117260571089404 -0.0009498265720315813 -0.2566549978262844
2.129996915622458 -0.0009513535904780228 -0.2570676172744999
2.142809875416892 -0.00095274910248139 -0.2574447020400111
2.155699911350493 -0.0009540102566272729 -0.2577854816350458
2.16866748707345 -0.0009551341884228631 -0.2580891820378858
2.181713069025031 -0.0009561180220091111 -0.2583550261555123
2.194837126450363 -0.0009569588709433031 -0.2585822340350683
2.208040131417308 -0.0009576538391102128 -0.2587700231100633
2.221322558833443 -0.000958200022577525 -0.2589176087017319
2.234684886463145 -0.0009585945107467939 -0.2590242043300366
2.248127594944775 -0.0009588343873867726 -0.259089021992887
2.261651167807962 -0.0009589167323670341 -0.2591112726345855
2.275256091491004 -0.0009588386230693241 -0.2590901665271925
2.288942855358358 -0.000958597135676481 -0.2590249136188088
2.302711951718243 -0.0009581893469189425 -0.2589147240055031
2.316563875840352 -0.0009576123355871249 -0.2587588083399763
2.330499125973664 -0.0009568631839429458 -0.2585563782129721
2.344518203364364 -0.0009559389797666702 -0.2583066467063606
2.358621612273878 -0.0009548368179166064 -0.2580088288145877
2.372809859997005 -0.0009535538017163505 -0.2576621418195256
2.387083456880169 -0.0009520870452404484 -0.2572658059080874
2.401442916339774 -0.0009504336752719245 -0.2568190447011758
2.415888754880671 -0.0009485908324987542 -0.2563210855769847
2.430421492114737 -0.0009465556736952936 -0.2557711602604492
2.445041650779565 -0.0009443253745367838 -0.2551685055837592
2.459749756757268 -0.0009418971305874308 -0.2545123637533513
2.474546339093393 -0.0009392681591011842 -0.2538019828365016
2.489431930015952 -0.0009364357025801564 -0.2530366177228551
2.504407064954564 -0.0009333970301123252 -0.2522155304858893
2.519472282559719 -0.0009301494386130766 -0.2513379907183953
2.534628124722145 -0.0009266902563475478 -0.2504032764842578
2.549875136592308 -0.0009230168456372715 -0.2494106750498249
2.565213866600017 -0.0009191266033832932 -0.2483594830252609
2.580644866474148 -0.0009150169638635437 -0.2472490071204311
2.596168691262497 -0.0009106854031819615 -0.2460785653471103
2.611785899351737 -0.0009061294395070903 -0.2448474870834546
2.627497052487508 -0.0009013466348817145 -0.2435551135629877
2.64330271579462 -0.0008963346004019642 -0.24220079927406
2.659203457797384 -0.0008910909976972541 -0.2407839123597461
2.675199850440056 -0.0008856135394854269 -0.2393038347678514
2.691292469107416 -0.000879899994055855 -0.2377599634623028
2.707481892645458 -0.0008739481893764061 -0.2361517115329015
2.723768703382218 -0.0008677560124799663 -0.2344785080295541
2.740153487148712 -0.0008613214124348834 -0.2327397987649233
2.756636833300016 -0.000854642406771031 -0.230935048050831
2.77321933473646 -0.0008477170810108274 -0.2290637385715336
2.789901587924954 -0.0008405435899348713 -0.227125371725712
2.806684192920446 -0.0008331201641514338 -0.2251194694016313
2.823567753387507 -0.0008254451123260886 -0.2230455745796141
2.840552876622036 -0.0008175168204270982 -0.2209032511281348
2.857640173573115 -0.0008093337566360079 -0.2186920851307228
2.874830258864976 -0.0008008944774388778 -0.2164116865318901
2.892123750819116 -0.0007921976255497264 -0.2140616885760197
2.909521271476531 -0.0007832419324901857 -0.2116417485044201
2.927023446620097 -0.0007740262268839629 -0.2091515497965931
2.944630905797074 -0.0007645494337067171 -0.2065908019675407
2.962344282341753 -0.0007548105742934708 -0.2039592405697678
2.980164213398238 -0.0007448087737169513 -0.2012566291870025
2.998091339943359 -0.0007345432644615684 -0.1984827604269501
3.016126306809736 -0.0007240133837858396 -0.1956374552085883
3.034269762708964 -0.0007132185783364448 -0.1927205640089415
3.052522360254954 -0.0007021584124680065 -0.18973196911119
3.070884755987404 -0.0006908325646953351 -0.186671583646022
3.089357610395416 -0.0006792408291971449 -0.1835393519979565
3.107941587941251 -0.0006673831253844519 -0.180335252390844
3.126637357084233 -0.0006552594975622738 -0.1770592967964532
3.14544559030479 -0.0006428701129410841 -0.1737115303971419
3.164366964128648 -0.0006302152689462065 -0.1702920335609455
3.183402159151157 -0.0006172953988618133 -0.1668009233666567
3.202551860061779 -0.0006041110669582455 -0.1632383522871663
3.221816755668715 -0.0005906629720254427 -0.15960450914424
3.241197538923678 -0.000576951957535837 -0.1558996218546592
3.260694906946819 -0.0005629790070879238 -0.1521239561990171
3.280309561051807 -0.0005487452440589206 -0.1482778157278625
3.300042206771049 -0.0005342519414355201 -0.1443615444180925
3.319893553881069 -0.0005195005226062516 -0.1403755268870577
3.339864316428041 -0.0005044925568077584 -0.1363201871620904
3.359955212753471 -0.0004892297653338083 -0.1321959903582559
3.380166965520037 -0.0004737140291979508 -0.1280034447488988
3.400500301737581 -0.0004579473820735848 -0.1237430998579608
3.42095595278926 -0.0004419320120160671 -0.1194155469253158
3.441534654457853 -0.0004256702723740447 -0.1150214218551487
3.46223714695223 -0.0004091646770747748 -0.1105614039419893
3.483064174933973 -0.000392417897708988 -0.1060362150830064
3.504016487544163 -0.0003754327723620374 -0.1014466221642942
3.525094838430328 -0.000358212307958892 -0.0967934376945193
3.546299985773546 -0.0003407596729500514 -0.09207751782856301
3.567632692315724 -0.000323078201449493 -0.08729976348564657
3.589093725387028 -0.0003051714022249739 -0.08246112277862301
3.610683856933487 -0.0002870429500221441 -0.07756258866964412
3.632403863544755 -0.0002686966848379419 -0.07260519877382292
3.654254526482051 -0.0002501366220650625 -0.06759003810039561
3.676236631706256 -0.0002313669484417091 -0.06251823795829381
3.698350969906183 -0.0002123920161680199 -0.0573909743663297
3.720598336527025 -0.0001932163494756658 -0.05220946982838334
3.742979531798957 -0.0001738446485508763 -0.0469749943934531
3.765495360765927 -0.0001542817793462477 -0.04168886290267935
3.788146633314612 -0.0001345327749761161 -0.03635243536639132
3.810934164203546 -0.0001146028452648694 -0.03096711954418041
3.833858773092431 -9.449736695209608e-05 -0.02553436829820908
3.856921284571616 -7.422188000319546e-05 -0.02005567859629167
3.880122528191761 -5.378209549930008e-05 -0.01453259364384988
3.903463338493672 -3.318389268627816e-05 -0.008966702086516478
3.926944555038322 -1.243331037265371e-05 -0.003359635685745857
3.950567022437048 8.463449768674781e-06 0.002286929789020336
3.974331590381932 2.950001914442402e-05 0.007971273464368558
3.998239113676364 5.066987348477413e-05 0.01369163240114155
4.02229045226579 7.19663344435647e-05 0.01944620202683129
4.046486471268643 9.338256291897189e-05 0.02523313433074254
4.070828041007458 0.0001149115678605675 0.03105054024377018
4.095316037040186 0.0001365462126089495 0.03689649135144649
4.119951340191675 0.0001582792107296395 0.04276901876820829
4.144734836585366 0.0001801031284663094 0.04866611380028933
4.169667417675155 0.0002020103951463414 0.05458573075743265
4.194749980277468 0.0002239933034441182 0.06052578702403466
4.219983426603512 0.0002460440067238239 0.06648416234113701
4.24536866429173 0.000268154530492652 0.07245870190122619
4.270906606440451 0.0002903167767776748 0.07844721753091841
4.296598171640729 0.0003125225212463448 0.08444748691288305
4.322444284009386 0.0003347634211487311 0.09045725573193412
4.348445873222255 0.0003570310235843628 0.09647423990883458
4.374603874547618 0.0003793167655808767 0.1024961256215479
4.400919228879844 0.000401611977147901 0.1085205701304354
4.42739288277324 0.0004239078920600663 0.114545204691961
4.454025788476091 0.0004461956513635743 0.120567635506209
4.480818903964917 0.0004684663040930018 0.1265854439105744
4.50777319297893 0.0004907108176627205 0.1325961891876533
4.534889625054696 0.0005129200841983348 0.1385974102760773
4.562169175561013 0.0005350849223924545 0.1445866262719661
4.589612825733993 0.0005571960850587644 0.1505613384701312
4.617221562712357 0.0005792442677510021 0.1565190326930315
4.644996379572944 0.0006012201127866937 0.1624571803780372
4.672938275366425 0.0006231142146846218 0.1683732400467009
4.701048255153248 0.0006449171296024767 0.1742646598549295
4.729327330039782 0.0006666193810395956 0.1801288791339349
4.757776517214689 0.0006882114653348154 0.1859633298758229
4.786396839985513 0.0007096838604598313 0.1917654391096682
4.815189327815487 0.000731027032749021 0.1975326307199971
4.844155016360561 0.0007522314433398704 0.2032623271870708
4.873294947506656 0.0007732875566275253 0.208951951871411
4.902610169407141 0.0007941858472201711 0.21459893089323
4.932101736520533 0.0008149168066855789 0.220200694955432
4.961770709648425 0.0008354709530393622 0.2257546819074584
4.991618155973645 0.0008558388374369736 0.2312583385535489
5.021645149098641 0.0008760110504452697 0.2367091223473965
5.051852769084097 0.000895978232467038 0.2421045042089849
5.082242102487784 0.0009157310814847812 0.247441970617056
5.112814242403641 0.000935260358047719 0.2527190249566592
5.1435702885011 0.0009545568950015879 0.2579331901482657
5.174511347064628 0.0009736116084647941 0.2630820116136617
5.205638531033534 0.000992415501173415 0.2681630581798093
5.23695296004199 0.001010959670060609 0.2731739241268978
5.26845576045931 0.001029235320470419 0.2781122330290916
5.300148065430462 0.001047233769686667 0.2829756387080801
5.332031014916829 0.001064946451655315 0.28776182650912
5.364105755737212 0.001082364931097765 0.292468517114624
5.39637344160908 0.001099480911542329 0.2970934687143654
5.42883523319007 0.001116286236345541 0.3016344772814484
5.461492298119737 0.001132772899529377 0.3060893795006605
5.494345811061548 0.001148933060444765 0.3104560567307364
5.52739695374514 0.0011647590422722 0.3147324345992047
5.560646915008824 0.001180243338262926 0.3189164846888343
5.594096890842349 0.001195378629744551 0.3230062294029752
5.627748084429916 0.001210157787345292 0.3269997422963652
5.661601706193463 0.001224573871872775 0.3308951483125929
5.695658973836199 0.00123862014976715 0.3346906279597218
5.729921112386407 0.001252290102869793 0.3383844199499164
5.764389354241504 0.00126557742382706 0.3419748199574781
5.799064939212376 0.001278476025506364 0.3454601831631875
5.833949114567966 0.001290980059233186 0.3488389291821719
5.869043135080146 0.00130308390850695 0.3521095403658566
5.904348263068843 0.001314782191756065 0.3552705625464124
5.939865768447451 0.001326069781786484 0.3583206102919966
5.975596928768503 0.001336941806322738 0.3612583670529508
6.01154302926963 0.001347393643219458 0.3640825838678908
6.047705362919785 0.001357420934393002 0.3667920831282081
6.084085230465758 0.001367019598048268 0.3693857618819077
6.120683940478954 0.001376185817982164 0.3718625889432706
6.15750280940247 0.001384916049379681 0.3742216064590263
6.194543161598441 0.001393207038752258 0.3764619352959477
6.231806329395683 0.001401055814417315 0.3785827724683017
6.269293653137611 0.001408459683998513 0.3805833904623888
6.307006481230453 0.001415416252259869 0.3824631420555432
6.344946170191752 0.00142192342246827 0.384221460684301
6.383114084699157 0.001427979385237568 0.3858578574299362
6.421511597639515 0.001433582628352362 0.3873719236729681
6.460140090158249 0.00143873195079218 0.3887633348826707
6.499000951709037 0.001443426446960003 0.3900318463554241
6.538095580103793 0.001447665507413534 0.3911772934123109
6.577425381562945 0.00145144883741405 0.3921995964112487
6.616991770766014 0.00145477644646825 0.3930987579210659
6.656796170902505 0.001457648639771243 0.3938748604092913
6.696840013723089 0.001460066031566575 0.3945280698521995
6.737124739591115 0.001462029547882838 0.3950586364742772
6.777651797534409 0.001463540409817223 0.39546689023123
6.818422645297399 0.001464600137675064 0.3957532419285391
6.859438749393552 0.00146521056463186 0.3959181869131109
6.900701585158119 0.001465373818267989 0.3959623000837248
6.942212636801205 0.00146509231573967 0.3958862345861685
6.983973397461158 0.001464368777851304 0.3956907256157588
7.025985369258271 0.001463206219495296 0.3953765878340624
7.068250063348816 0.001461607935718443 0.3949447116038611
7.110768999979402 0.001459577508783623 0.394396064897307
7.153543708541653 0.001457118811462907 0.3937316941857633
7.196575727627224 0.001454235987000173 0.3929527190254517
7.239866605083138 0.001450933447415064 0.3920603315991613
7.28341789806747 0.001447215883781144 0.391055799493535
7.327231173105349 0.001443088248023437 0.389940460780536
7.37130800614531 0.001438555743180674 0.3887157213861865
7.41564998261598 0.001433623830958758 0.387383057131608
7.460258697483103 0.001428298223674514 0.3859440115561218
7.505135755306914 0.001422584867105874 0.3844001912831549
7.550282770299852 0.001416489940999116 0.3827532661573022
7.59570136638462 0.001410019860968686 0.3810049697576825
7.641393177252606 0.001403181258249177 0.3791570939266704
7.687359846422636 0.001395980973279783 0.3772114870363347
7.733603027300095 0.001388426060187342 0.3751700551998143
7.780124383236402 0.001380523770987494 0.3730347580022725
7.826925587588838 0.001372281542906815 0.3708076050751801
7.874008323780734 0.001363706999027369 0.3684906562704806
7.921374285362025 0.001354807940981753 0.3660860196867003
7.969025176070168 0.001345592331706878 0.3635958470088061
8.016962709891423 0.001336068290733097 0.3610223322352672
8.065188611122505 0.001326244092481947 0.3583677112180841
8.113704614432605 0.001316128148797836 0.3556342569426336
8.162512464925786 0.00130572899988138 0.3528242770777416
8.211613918203758 0.00129505531226447 0.3499401134285219
8.26101074042902 0.001284115865932253 0.3469841384565743
8.310704708388393 0.001272919541669575 0.3439587518608365
8.360697609556926 0.00126147531612882 0.3408663792448509
8.410991242162195 0.001249792253690743 0.3377094699174612
8.461587415248985 0.001237879492308504 0.3344904930676939
8.512487948744354 0.001225746236019076 0.331211935741246
8.563694673523104 0.001213401748361184 0.3278763010619318
8.615209431473632 0.001200855339452191 0.3244861047396939
8.667034075564182 0.001188116356968108 0.3210438726332911
8.719170469909495 0.00117519417875675 0.317552138754281
8.771620489837867 0.001162098201993335 0.3140134423367253
8.824386021958594 0.001148837833668693 0.3104303252669875
8.877468964229841 0.001135422482651628 0.3068053299388833
8.930871226026907 0.001121861549279822 0.3031409964410125
8.984594728210904 0.001108164416550021 0.2994398601762372
9.038641403197854 0.001094340442627869 0.2957044498377458
9.09301319502819 0.001080398949935869 0.2919372844604842
9.147712059436689 0.001066349216614701 0.2881408711138966
9.202739963922818 0.001052200470498244 0.2843177032739016
9.258098887821502 0.001037961878876615 0.2804702580567371
9.313790822374321 0.001023642537397072 0.2766009932198468
9.369817770801134 0.001009251467637817 0.2727123465062901
9.426181748372137 0.0009947976091460688 0.2688067334933307
9.482884782480346 0.000980289803134114 0.2648865431869064
9.539928912714528 0.0009657367926772783 0.2609541380751226
9.597316190932558 0.000951147218124846 0.257011852888226
9.655048681335227 0.0009365296025294483 0.2530619906614431
9.713128460540494 0.0009218923444229893 0.2491068207829454
9.771557617658175 0.0009072437225516587 0.2451485802733091
9.830338254365088 0.0008925918862696184 0.2411894711897689
9.889472484980656 0.0008779448197908253 0.2372316509666143
9.948962436542953 0.000863310377907835 0.2332772420668569
10.00881024888521 0.0008486962837962184 0.2293283313889555
10.06901807471279 0.0008341100775841048 0.2253869563696648
10.12958807968063 0.0008195591417081602 0.2214551118355378
10.1905224424711 0.0008050507020326338 0.2175347503053055
10.25182335487242 0.000790591808434912 0.2136277767438516
10.31349302185747 0.0007761893329944407 0.2097360480728366
10.3755336616631 0.0007618499746213204 0.2058613744214016
10.43794750586993 0.0007475802512039738 0.202005517004371
10.50073679948262 0.0007333864883079852 0.1981701850685367
10.56390380101059 0.0007192748267831773 0.194357037948186
10.62745078254932 0.0007052512210628197 0.1905676846055261
10.69138002986203 0.0006913214255754738 0.1868036799589952
10.7556938424619 0.0006774909988834611 0.1830665260015282
10.82039453369479 0.0006637653081569329 0.1793576730095062
10.88548443082247 0.0006501495193705143 0.1756785168937672
10.95096587510631 0.0006366485930361696 0.1720303980465732
11.01684122189147 0.0006232672940457114 0.1684146040011791
11.08311284069168 0.000610010188138526 0.1648323684773678
11.14978311527443 0.0005968816308955482 0.1612848684074848
11.21685444374672 0.0005838857784997426 0.157773226844055
11.28432923864131 0.000571026590329838 0.1542985136606414
11.35220992700354 0.0005583078182494023 0.1508617426576201
11.42049895047856 0.0005457330110226374 0.1474638727553829
11.48919876539923 0.0005333055232018156 0.1441058103958334
11.55831184287442 0.0005210285094924825 0.1407884080197948
11.62784066887791 0.0005089049203609217 0.1375124628800919
11.69778774433782 0.0004969375149784561 0.1342787205392629
11.76815558522656 0.0004851288617282905 0.1310878750065146
11.83894672265132 0.0004734813293242674 0.1279405663378994
11.91016370294514 0.0004619970979670061 0.124837383650843
11.98180908775847 0.0004506781656081789 0.1217788668168309
12.05388545415131 0.0004395263413037922 0.1187655046653809
12.12639539468595 0.0004285432487461518 0.115797735938425
12.19934151752018 0.0004177303377536874 0.112875952395003
12.27272644650111 0.0004070888828594442 0.1100004984298557
12.34655282125957 0.000396619979704014 0.1071716700987494
12.42082329730504 0.0003863245576400316 0.1043897185243685
12.49554054612116 0.0003762033846111296 0.1016548512146699
12.57070725526186 0.0003662570635826466 0.09896723109841567
12.64632612844798 0.0003564860281779939 0.09632697534606521
12.72239988566455 0.0003468905806131665 0.09373416562015335
12.79893126325863 0.0003374709004893058 0.09118885045115074
12.87592301403773 0.0003282269018727471 0.08869100661870827
12.95337790736882 0.0003191584225324416 0.08624059028597122
13.03129872927796 0.0003102652698093184 0.08383754939405344
13.10968828255048 0.0003015469938884931 0.0814817623973574
13.18854938683184 0.0002930030285458898 0.07917307629506883
13.26788487872902 0.0002846327160406426 0.07691131335739423
13.34769761191256 0.0002764352627661847 0.07469625914193152
13.42799045721921 0.0002684097604545614 0.07252766822334006
13.50876630275517 0.0002605551949615349 0.07040526656718586
13.59002805400002 0.0002528704446444851 0.06832875109162977
13.67177863391118 0.0002453542833739734 0.06629779048119001
13.7540209830291 0.0002380053907628693 0.06431202795077953
13.83675805958297 0.0002308223554840044 0.06237108214217786
13.91999283959716 0.0002238036750078581 0.06047454705315024
14.00372831699829 0.0002169477644350964 0.05862199442411006
14.08796750372286 0.0002102529621712322 0.05681297527148275
14.17271342982564 0.0002037175304363686 0.05504702002544495
14.25796914358864 0.0001973396605928234 0.05332363996951514
14.34373771163077 0.0001911174803060579 0.05164232917552586
14.43002221901811 0.0001850490557148729 0.05000256509003785
14.51682576937491 0.0001791323939563001 0.04840380921659734
14.60415148499523 0.0001733654505211465 0.04684550910329578
14.69200250695523 0.0001677461328784837 0.0453270993221522
14.78038199522615 0.0001622723020065135 0.04384800188277225
14.86929312878798 0.0001569417781758253 0.04240762779505643
14.95873910574384 0.0001517523456383441 0.04100537833621246
15.04872314343496 0.0001467017546832649 0.0396406456062945
15.13924847855642 0.0001417877253261956 0.03831281352505537
15.2303183672736 0.0001370079523594725 0.0370212591966051
15.3219360853393 0.0001323601080080313 0.03576535362706037
15.41410492821153 0.0001278418445244654 0.03454446242576154
15.50682821117208 0.0001234507986887738 0.03335794702116086
15.60010926944577 0.000119184594709812 0.0322051654448306
15.69395145832038 0.0001150408466859283 0.03108547299635782
15.7883581532674 0.0001110171621343328 0.02999822319702388
15.88333275006339 0.0001071111448401246 0.02894276855964707
15.97887866491215 0.0001033203972514223 0.02791846123577698
16.07499933456759 9.964252349677123e-05 0.02692465383103537
16.17169821645737 9.60751318192177e-05 0.0259607000628336
16.26897878880723 9.261583665105662e-05 0.02502595532099526
16.36684455076612 8.926226153195079e-05 0.02411977745626843
16.46529902253208 8.60120411410336e-05 0.02324152732942521
16.56434574547881 8.286282284087415e-05 0.0223905692284604
16.66398828228309 7.981226928699071e-05 0.02156627157371455
16.76423021705294 7.685806062527096e-05 0.02076800751164442
16.86507515545651 7.399789531689128e-05 0.01999515513772642
16.96652672485178 7.122949205033662e-05 0.01924709801310827
17.06858857441703 6.855059247911204e-05 0.0185232259043728
17.17126437528214 6.595896148688709e-05 0.01782293485518334
17.27455782066058 6.34523882381813e-05 0.01714562747019199
17.37847262598229 6.102868898932704e-05 0.01649071367459692
17.48301252902732 5.868570763316651e-05 0.01585761086132628
17.58818129006027 5.642131575969296e-05 0.01524574390742421
17.69398269196554 5.423341477954518e-05 0.01465454574784557
17.80042054038342 5.211993753211996e-05 0.01408345780998802
17.90749866384694 5.007884742639512e-05 0.01353192978153164
18.01522091391964 4.810813949471383e-05 0.01299941989518464
18.12359116533404 4.620584289380946e-05 0.01248539560449147
18.23261331613107 4.437001983040798e-05 0.0119893332935172
18.34229128780023 4.259876553255835e-05 0.01151071826910064
18.45262902542071 4.089021055743442e-05 0.01104904538445119
18.56363049780323 3.924252073643719e-05 0.01060381902431481
18.67529969763284 3.765389600427341e-05 0.01017455278857644
18.78764064161249 3.612257173959355e-05 0.009760769854517111
18.90065737060757 3.46468201762273e-05 0.009362003358147384
19.0143539497912 3.322494848835581e-05 0.008977795876797014
19.12873446879051 3.185529898445935e-05 0.008607699481521991
19.24380304183367 3.053625121556405e-05 0.008251276306779168
19.35956380789796 2.926622042375138e-05 0.007908098131194124
19.47602093085858 2.804365662251733e-05 0.007577746129062745
19.59317859963845 2.686704620274879e-05 0.007259811304306085
19.71104102835891 2.573491184085761e-05 0.006953894465647058
19.82961245649123 2.464581055519898e-05 0.006659605701430398
19.94889714900919 2.359833426438135e-05 0.006376564530484989
20.06889939654243 2.259111109422728e-05 0.006104400255280988
20.18962351553079 2.162280307932708e-05 0.005842751340860935
20.31107384837959 2.069210568768318e-05 0.005591265286392717
20.4332547636158 1.979774940413303e-05 0.005349599053030217
20.55617065604522 1.893849830700378e-05 0.005117418679307626
20.67982594691049 1.81131485779542e-05 0.004894398878480133
20.80422508405019 1.73205294101053e-05 0.004680223283912151
20.92937254205879 1.655950310687801e-05 0.004474584475784504
21.05527282244758 1.582896285203015e-05 0.004277183378530554
21.18193045380665 1.512783266601487e-05 0.004087729249043734
21.30934999196772 1.445506853719641e-05 0.003905939982346147
21.43753602016806 1.38096562764223e-05 0.003731541531867201
21.5664931492153 1.31906106148712e-05 0.003564267665670832
21.69622601765332 1.259697624427887e-05 0.003403860247537539
21.82673929192908 1.202782680196359e-05 0.003250068962705591
21.95803766656046 1.14822631494759e-05 0.003102650852740702
22.09012586430514 1.095941371856634e-05 0.002961370409020808
22.22300863633048 1.045843480028968e-05 0.002825999650855668
22.35669076238438 9.978508418302919e-06 0.002696317550825418
22.49117705096725 9.518841914503231e-06 0.002572109922814773
22.62647233950495 9.07866881285196e-06 0.002453169655429056
22.76258149452277 8.657247134283266e-06 0.002339296256661474
22.89950941182054 8.253858292754911e-06 0.002230295555592263
23.03726101664865 7.867807670444877e-06 0.002125979857813993
23.17584126388527 7.498424044157843e-06 0.002026167790439432
23.31525513821456 7.14505790771665e-06 0.001930683848790787
23.45550765430593 6.807081439971146e-06 0.001839358387755281
23.59660385699449 6.483888882031983e-06 0.001752027723718448
23.73854882146243 6.174894756890936e-06 0.001668533653483305
23.88134765342164 5.879533275232864e-06 0.001588723293713332
24.02500548929732 5.597258911947498e-06 0.001512449236713153
24.16952749641275 5.327545252715541e-06 0.0014395692387617
24.31491887317515 5.069883873192823e-06 0.00136994591725378
24.46118484926266 4.823784571456595e-06 0.001303446813509964
24.60833068581249 4.588775137621231e-06 0.001239944330523873
24.7563616756101 4.364399895440471e-06 0.001179315338884903
24.90528314327963 4.150219464238262e-06 0.001121441112448955
25.05510044547539 3.94581111283974e-06 0.001066207423975016
25.20581897107455 3.750767426082004e-06 0.001013504184799714
25.357444141371 3.564695661392073e-06 0.0009632252709766557
25.5099814102703 3.38721807778194e-06 0.0009152686121749914
25.66343626448592 3.217971241449542e-06 0.0008695360040441327
25.81781422373652 3.056605013459889e-06 0.0008259328346725529
25.97312084094457 2.90278256363176e-06 0.0007843680883401461
26.12936170243603 2.756180348735083e-06 0.0007447543396268871
26.28654242814131 2.61648695384507e-06 0.0007070074403322542
26.44466867179741 2.483402774011879e-06 0.0006710464334583965
26.6037461211513 2.356640277958985e-06 0.0006367936244647266
26.76378049816449 2.235923107727002e-06 0.0006041743379804415
26.92477755921884 2.120985468009973e-06 0.0005731167527955625
27.08674309532363 2.011572273194674e-06 0.0005435519415927931
27.24968293232387 1.90743878483519e-06 0.0005154137729886216
27.41360293110984 1.808349773264575e-06 0.0004886386849903262
27.57850898782788 1.714079415108805e-06 0.0004631656573029646
27.74440703409252 1.624411363733577e-06 0.0004389362303649794
27.91130303719981 1.539137900161946e-06 0.0004158942759155422
28.07920300034196 1.458059607852224e-06 0.0003939859091154833
28.24811296282329 1.380985535243869e-06 0.0003731595324692185
28.41803900027744 1.307732642985848e-06 0.0003533656864589532
28.58898722488593 1.238125275112351e-06 0.0003345569066497567
28.76096378559799 1.171995189511022e-06 0.0003166877319224605
28.93397486835177 1.109181402459305e-06 0.0002997146624654365
29.1080266962968 1.049529542301956e-06 0.0002835959851301921
29.28312553001787 9.928917027668204e-07 0.0002682917337954629
29.4592776677602 9.391265279851382e-07 0.0002537637123407592
29.63648944565603 8.880986386686988e-07 0.0002399753395922706
29.81476723795246 8.396783369954509e-07 0.0002268915695792726
29.99411745724076 7.937416866184952e-07 0.0002144789131535559
30.17454655468706 7.501702043371183e-07 0.0002027053546750898
30.35606102026435 7.088504344794802e-07 0.0001915402370049115
30.53866738298595 6.696739160052718e-07 0.0001809542526158529
30.72237221114033 6.325371373774195e-07 0.000170919431398312
30.90718211252742 5.973410698683962e-07 0.0001614090145537917
31.09310373469621 5.63991019067106e-07 0.0001523974144702061
31.28014376518396 5.323966879887631e-07 0.0001438602317749578
31.46830893175665 5.024718200275135e-07 0.0001357741588562788
31.65760600265105 4.741339507352159e-07 0.0001281169127907577
31.84804178681812 4.473044322668123e-07 0.0001208672419487849
32.03962313416796 4.219082790692438e-07 0.0001140048842977702
32.23235693581619 3.978738464332577e-07 0.0001075104805428289
32.42625012433181 3.751327716671493e-07 0.0001013655582311915
32.62130967398656 3.53619975822177e-07 9.55525322184331e-05
32.81754260100581 3.332733481835216e-07 9.005461941399151e-05
33.01495596382091 3.140336153520403e-07 8.485580340542239e-05
33.21355686332307 2.958443760999688e-07 7.994084387684545e-05
33.4133524431188 2.786518961816007e-07 7.529522116422831e-05
33.61434988978685 2.624049128267449e-07 7.090508342707775e-05
33.81655643313671 2.470546277928998e-07 6.675724477105061e-05
34.01997934646867 2.325546401310553e-07 6.283916708043393e-05
34.22462594683541 2.188607173134098e-07 5.91388981739969e-05
34.43050359530524 2.059307333170894e-07 5.564505507443876e-05
34.63761969722685 1.937246818461953e-07 5.234682758115098e-05
34.84598170249565 1.822044777659323e-07 4.923392461523992e-05
35.0555971058218 1.713338502472025e-07 4.629654534586193e-05
35.26647344699975 1.610783556003386e-07 4.352538265805832e-05
35.47861831117944 1.514052686320961e-07 4.091159379605837e-05
35.69203932913916 1.422834376454792e-07 3.844676118242197e-05
35.90674417756002 1.336832637595439e-07 3.61228868299923e-05
36.12274057930207 1.255766770911486e-07 3.393238590590739e-05
36.34003630368208 1.179369830601753e-07 3.186804520135218e-05
36.55863916675303 1.107388083785746e-07 2.992300853712415e-05
36.77855703158521 1.039581111787046e-07 2.809077950043696e-05
36.9997978085491 9.757206509773187e-08 2.636519012307839e-05
37.22236945559986 9.15589770525324e-08 2.474037866316209e-05
37.4462799785636 8.589828681054847e-08 2.321078948916776e-05
37.67153743142533 8.057051444970926e-08 2.177115888295572e-05
37.89814991661868 7.555715876135654e-08 2.041648758696909e-05
38.12612558531732 7.084067378130893e-08 1.914203446263433e-05
38.35547263772817 6.640446311560291e-08 1.794331495710563e-05
38.58619932338635 6.223278292937805e-08 1.681607488965057e-05
38.81831394145193 5.831069914561839e-08 1.575627888621567e-05
39.05182484100842 5.462409178944084e-08 1.476011155330739e-05
39.2867404213631 5.115959209074429e-08 1.382396048234266e-05
39.52306913234914 4.790452272900221e-08 1.294440010304581e-05
39.76081947462954 4.484689126943209e-08 1.211818990981966e-05
40.00000000000288 4.197536731634164e-08 1.134226828829437e-05
