##########################################################################################
#
# SZ signal computed with SZpack v1.1.1
# Runmode: CNSN-basis
#
# General parameters:
# xmin= 0.1 xmax= 40 np= 1000
# Dtau= 0.01
# Te= 14keV (The ~ 0.0273973)
# betac= 0 muc= 1
# betao= 0 muo= 1
#
# Runmode specific parameters:
# eps= 0
# Te_order= 20 beta_order= 2
#
##########################################################################################
#
# Output format: x = (h nu/k T0) | x^3 Dn(x) | DI(x) in MJy/sr 
# Here a CMB temperature of T0 = 2.726 K is assumed.
#
##########################################################################################
0.1 -5.226404196391084e-06 -0.001412239662652264
0.1006015482792701 -5.289352924092457e-06 -0.001429249194757486
0.1012067151618632 -5.353058373929421e-06 -0.001446463202631003
0.1018155224154252 -5.417529609709612e-06 -0.001463884135426799
0.1024279919385451 -5.482775800266079e-06 -0.001481514470678029
0.1030441457615424 -5.548806221295013e-06 -0.001499356714793607
0.1036640060472596 -5.615630262894468e-06 -0.001517413405095256
0.1042875950918594 -5.683257425757128e-06 -0.001535687108788752
0.1049149353256267 -5.751697320072866e-06 -0.001554180422667375
0.1055460493137754 -5.820959672520716e-06 -0.001572895975001233
0.10618095975726 -5.891054327231683e-06 -0.001591836425797423
0.1068196894935924 -5.961991241678615e-06 -0.00161100446568942
0.1074622614976628 -6.033780490865198e-06 -0.001630402817069003
0.1081086988825668 -6.106432273708455e-06 -0.001650034235810878
0.1087590249004362 -6.17995690757666e-06 -0.00166990150979676
0.1094132629432757 -6.254364829249227e-06 -0.001690007459174744
0.1100714365438043 -6.329666603487955e-06 -0.001710354938675363
0.1107335693763015 -6.405872920275034e-06 -0.001730946836865264
0.1113996852574591 -6.482994592383544e-06 -0.001751786075490724
0.1120698081472377 -6.561042562242569e-06 -0.001772875611332693
0.1127439621497288 -6.640027905188301e-06 -0.001794218437085278
0.1134221715140214 -6.719961824056221e-06 -0.001815817579894488
0.1141044606350749 -6.800855652564947e-06 -0.001837676102272589
0.1147908540545956 -6.882720863812577e-06 -0.001859797104393921
0.1154813764619206 -6.965569064611188e-06 -0.001882183722564014
0.1161760526949047 -7.049411995325961e-06 -0.00190483912917611
0.1168749077408149 -7.134261539092956e-06 -0.001927766535201929
0.1175779667372284 -7.220129720821746e-06 -0.00195096918992216
0.118285254972937 -7.307028703201038e-06 -0.001974450379847137
0.118996797888857 -7.39497079308984e-06 -0.001998213430443809
0.119712621078944 -7.483968447447435e-06 -0.002022261707738091
0.1204327502911136 -7.574034266734444e-06 -0.002046598616531753
0.1211572114281675 -7.66518099730467e-06 -0.002071227601048725
0.1218860305487253 -7.757421541708868e-06 -0.002096152147719302
0.1226192338681618 -7.85076895358689e-06 -0.002121375783799938
0.12335684775955 -7.945236436041633e-06 -0.002146902076933871
0.1240988987546095 -8.040837351082887e-06 -0.002172734637702962
0.124845413544661 -8.137585221108476e-06 -0.002198877120027925
0.1255964189815867 -8.235493723190022e-06 -0.002225333219624261
0.1263519420787953 -8.334576694647703e-06 -0.002252106675508634
0.1271120100121947 -8.434848141869915e-06 -0.00227920127238205
0.1278766501211688 -8.536322232851983e-06 -0.002306620838613728
0.128645889909561 -8.639013298372474e-06 -0.002334369246558946
0.1294197570466637 -8.74293584363512e-06 -0.002362450415704843
0.1301982793682135 -8.848104544644721e-06 -0.002390868311691138
0.1309814848773924 -8.954534244751849e-06 -0.002419626945376466
0.1317694017458348 -9.062239963870683e-06 -0.002448730375329153
0.1325620583146414 -9.171236903086338e-06 -0.002478182709072177
0.1333594830953982 -9.28154043719282e-06 -0.002507988101066821
0.1341617047712022 -9.393166119145064e-06 -0.002538150753915681
0.1349687521976928 -9.506129691693579e-06 -0.002568674921506482
0.1357806544040905 -9.620447079714224e-06 -0.002599564906939496
0.13659744059424 -9.736134389833463e-06 -0.002630825062426275
0.1374191401476617 -9.853207922875054e-06 -0.002662459792652907
0.1382457826206078 -9.971684172686241e-06 -0.002694473554462832
0.1390773977471256 -1.00915798205495e-05 -0.002726870855346833
0.1399140154401271 -1.021291174370318e-05 -0.002759656255745412
0.140755665792465 -1.033569702357425e-05 -0.002792834371273391
0.1416023790780148 -1.045995293673493e-05 -0.002826409870276274
0.1424541857527642 -1.058569695798345e-05 -0.002860387474662703
0.1433111164559082 -1.071294677434109e-05 -0.002894771963686642
0.1441732020109516 -1.084172027822491e-05 -0.002929568172102556
0.1450404734268171 -1.097203556505379e-05 -0.002964780989518542
0.1459129618989614 -1.110391094592339e-05 -0.003000415363821244
0.1467906988104967 -1.123736494982853e-05 -0.003036476301776394
0.1476737157333199 -1.137241631575074e-05 -0.003072968866890743
0.148562044429248 -1.150908400002141e-05 -0.003109898181401693
0.1494557168511607 -1.164738718842177e-05 -0.003147269429546857
0.1503547651441497 -1.178734528603394e-05 -0.003185087854821684
0.151259221646675 -1.192897791864302e-05 -0.003223358760358328
0.152169118891728 -1.207230494844208e-05 -0.003262087513169322
0.1530844896080017 -1.221734646929523e-05 -0.003301279542867614
0.1540053667210681 -1.236412280184486e-05 -0.003340940340344462
0.1549317833545624 -1.251265450579777e-05 -0.003381075461089327
0.1558637728313743 -1.266296238638553e-05 -0.00342169052693552
0.156801368674847 -1.281506748411454e-05 -0.003462791223290544
0.1577446046099826 -1.29689910805666e-05 -0.003504383300703499
0.1586935145646554 -1.312475471420778e-05 -0.003546472579136806
0.1596481326708324 -1.328238017005251e-05 -0.003589064945173341
0.1606084932658007 -1.344188947892808e-05 -0.003632166351817679
0.1615746308934029 -1.360330493415154e-05 -0.003675782823002408
0.1625465803052792 -1.376664909016822e-05 -0.003719920453220236
0.1635243764621181 -1.393194475477106e-05 -0.00376458540542156
0.1645080545349132 -1.40992150003613e-05 -0.003809783914057236
0.1654976499062288 -1.426848317526921e-05 -0.0038555222881376
0.1664931981714723 -1.443977289142458e-05 -0.003901806907900857
0.1674947351401746 -1.461310802826648e-05 -0.00394864422586957
0.1685022968372784 -1.478851275159498e-05 -0.003996040771944614
0.1695159195044337 -1.496601150448932e-05 -0.00404400315095116
0.1705356396013016 -1.514562900380614e-05 -0.004092538041692444
0.1715614938068656 -1.532739025703966e-05 -0.00414165220150561
0.172593519020751 -1.551132056557194e-05 -0.004191352467139966
0.1736317523645521 -1.56974455137761e-05 -0.004241645751812536
0.1746762311831677 -1.588579097863789e-05 -0.004292539047807931
0.1757269930461439 -1.60763831461918e-05 -0.004344039430919584
0.1767840757490262 -1.626924849779531e-05 -0.004396154056740898
0.1778475173147181 -1.646441381172973e-05 -0.004448890161097787
0.1789173559948495 -1.666190618418298e-05 -0.004502255065718512
0.1799936302711521 -1.686175302308316e-05 -0.00455625617656742
0.1810763788568441 -1.706398204120917e-05 -0.004610900981983347
0.1821656406980222 -1.726862127239644e-05 -0.004666197057058613
0.1832614549750625 -1.747569908046905e-05 -0.004722152066052594
0.1843638611040305 -1.76852441452483e-05 -0.004778773758611052
0.1854728987380978 -1.789728547000533e-05 -0.004836069971779944
0.1865886077689693 -1.811185240270868e-05 -0.004894048635746757
0.1877110283283176 -1.832897462218347e-05 -0.004952717770100568
0.1888402007892269 -1.854868213678347e-05 -0.0050120854834732
0.1899761657676448 -1.877100530649159e-05 -0.005072159979511067
0.1911189641238435 -1.899597484135216e-05 -0.00513294955645154
0.1922686369638894 -1.922362179070806e-05 -0.005194462604214702
0.1934252256411219 -1.945397755789796e-05 -0.005256707608374714
0.1945887717576404 -1.968707391561727e-05 -0.00531969315431054
0.1957593171658014 -1.992294298922772e-05 -0.00538342792269599
0.1969369039697233 -2.016161726161231e-05 -0.005447920690811577
0.1981215745268011 -2.040312959825871e-05 -0.005513180339322382
0.19931337144923 -2.064751323525172e-05 -0.005579215849033449
0.2005123376055381 -2.089480177418829e-05 -0.005646036299515772
0.2017185161221286 -2.114502920432031e-05 -0.005713650875089548
0.2029319503848305 -2.139822990716824e-05 -0.005782068866070839
0.2041526840404598 -2.165443864162838e-05 -0.005851299664747375
0.205380760998389 -2.191369055635234e-05 -0.005921352768723631
0.2066162254321268 -2.217602121176002e-05 -0.005992237786869014
0.2078591217809067 -2.244146656162364e-05 -0.006063964434341641
0.2091094947512857 -2.271006295476565e-05 -0.006136542533047135
0.2103673893187526 -2.298184716270804e-05 -0.006209982019109811
0.2116328507293451 -2.325685637167699e-05 -0.006284292940712233
0.2129059245012778 -2.353512817297449e-05 -0.006359485455493502
0.2141866564265795 -2.381670058403406e-05 -0.006435569836238783
0.2154750925727398 -2.410161206053287e-05 -0.006512556474152142
0.2167712792843669 -2.43899014774601e-05 -0.006590455873740996
0.2180752631848539 -2.468160813849702e-05 -0.006669278655350705
0.2193870911780562 -2.497677180413085e-05 -0.006749035562761303
0.2207068104499787 -2.527543267327833e-05 -0.006829737458221956
0.2220344684704725 -2.557763138100601e-05 -0.006911395321834953
0.2233701129949433 -2.58834090273541e-05 -0.006994020259344267
0.2247137920660681 -2.619280717551073e-05 -0.007077623501642226
0.2260655540155243 -2.650586783705711e-05 -0.007162216400782564
0.2274254474657272 -2.682263349080294e-05 -0.007247810435069987
0.2287935213315797 -2.714314710323638e-05 -0.007334417214586011
0.2301698248222314 -2.746745210615539e-05 -0.007422048475144663
0.2315544074428487 -2.779559240249852e-05 -0.007510716079868046
0.2329473189963953 -2.812761239913562e-05 -0.007600432028046791
0.2343486095854241 -2.846355699111911e-05 -0.007691208450884546
0.2357583296138787 -2.880347155436359e-05 -0.007783057609519933
0.237176529788907 -2.914740197418722e-05 -0.007875991902738771
0.2386032611226849 -2.949539465161597e-05 -0.007970023868677569
0.2400385749342508 -2.984749648324637e-05 -0.008065166179382187
0.2414825228513524 -3.02037548768111e-05 -0.008161431645013853
0.2429351568123028 -3.056421778006195e-05 -0.008258833221653708
0.2443965290678495 -3.092893365633498e-05 -0.008357384004700187
0.2458666921830531 -3.129795148610308e-05 -0.008457097229288562
0.2473456990391787 -3.167132080267703e-05 -0.008557986279937804
0.2488336028355976 -3.204909168187571e-05 -0.008660064687759338
0.250330457091701 -3.243131472870776e-05 -0.008763346126858281
0.2518363156488252 -3.281804110412315e-05 -0.008867844421562025
0.2533512326721881 -3.320932254098414e-05 -0.008973573550735811
0.2548752626528374 -3.360521131876722e-05 -0.00908054764094687
0.2564084604096108 -3.400576027500379e-05 -0.009188780969555832
0.2579508810911079 -3.441102284163067e-05 -0.009298287974539092
0.2595025801776736 -3.482105302088006e-05 -0.009409083247973984
0.261063613483394 -3.523590538149942e-05 -0.009521181535017326
0.2626340371581039 -3.565563509546236e-05 -0.009634597743825182
0.2642139076894062 -3.608029793573003e-05 -0.00974934694494795
0.2658032819047042 -3.650995025628129e-05 -0.009865444365934272
0.2674022169732455 -3.694464901559706e-05 -0.009982905397676775
0.2690107704081783 -3.738445180312506e-05 -0.01010174560156321
0.2706290000686201 -3.7829416809729e-05 -0.01022198070149145
0.2722569641617388 -3.827960283431978e-05 -0.01034362658566127
0.2738947212448469 -3.873506932560429e-05 -0.01046669931785546
0.2755423302275071 -3.919587636164916e-05 -0.01059121513191767
0.2771998503736515 -3.966208463945991e-05 -0.01071719042893656
0.2788673413037137 -4.013375551074462e-05 -0.0108446417869096
0.2805448629967726 -4.061095099007031e-05 -0.01097358596294701
0.2822324757927104 -4.109373372805223e-05 -0.01110403988602719
0.283930240394383 -4.158216703024238e-05 -0.01123602066210062
0.285638217869803 -4.207631489386877e-05 -0.01136954558401729
0.2873564696543368 -4.257624197593096e-05 -0.01150463212290568
0.2890850575529139 -4.308201359411008e-05 -0.01164129792841869
0.2908240437422505 -4.359369577146586e-05 -0.01177956084081132
0.2925734907730859 -4.41113552231231e-05 -0.0119194388873432
0.294333461572432 -4.46350593381163e-05 -0.01206095027737275
0.2961040194458372 -4.516487621222823e-05 -0.01220411341123063
0.2978852280796634 -4.570087466816498e-05 -0.01234894688567123
0.2996771515433765 -4.62431242223628e-05 -0.0124954694849035
0.3014798542918515 -4.67916950982488e-05 -0.01264370018417415
0.3032934011676903 -4.734665827160794e-05 -0.01279365816202636
0.3051178574035545 -4.790808543948065e-05 -0.01294536279189557
0.3069532886245115 -4.847604901406378e-05 -0.01309883364046138
0.3087997608503953 -4.905062216777849e-05 -0.01325409047982551
0.3106573404981812 -4.963187883021103e-05 -0.01341115328668514
0.3125260943843745 -5.021989366158423e-05 -0.01357004223516456
0.3144060897274139 -5.081474208079301e-05 -0.01373077770439075
0.3162973941500897 -5.141650029817183e-05 -0.01389338028734752
0.3182000756819758 -5.202524527727159e-05 -0.01405787078054717
0.3201142027618771 -5.264105474168798e-05 -0.0142242701858756
0.3220398442402905 -5.326400722606299e-05 -0.01439259972437353
0.3239770693818822 -5.389418204995081e-05 -0.01456288082917477
0.3259259478679787 -5.453165930320826e-05 -0.0147351351415585
0.3278865497990735 -5.517651988884543e-05 -0.01490938452252808
0.3298589456973481 -5.582884553267824e-05 -0.01508565105541928
0.3318432065092091 -5.64887187484421e-05 -0.01526395703647354
0.3338394036078401 -5.715622285940941e-05 -0.01544432498067931
0.3358476087957689 -5.783144204286739e-05 -0.0156267776337905
0.3378678943074497 -5.85144612894366e-05 -0.01581133796133386
0.3399003328118625 -5.920536640240542e-05 -0.0159980291484291
0.3419449974151257 -5.990424405098672e-05 -0.01618687461417957
0.3440019616631268 -6.061118175316821e-05 -0.01637789800703815
0.3460712995441669 -6.132626785148742e-05 -0.0165711231982614
0.3481530854916227 -6.204959155113723e-05 -0.0167665742922061
0.3502473943866234 -6.27812429436986e-05 -0.01696427563274219
0.3523543015607447 -6.352131296476943e-05 -0.01716425179180348
0.3544738827987177 -6.426989340800115e-05 -0.0173665275731806
0.3566062143411555 -6.502707697853998e-05 -0.01757112802696142
0.3587513728872951 -6.579295725388876e-05 -0.01777807843895547
0.3609094355977566 -6.65676286743084e-05 -0.01798740432810029
0.3630804800973185 -6.735118659488478e-05 -0.01819913146053054
0.3652645844777097 -6.814372728067359e-05 -0.01841328584826608
0.3674618273004187 -6.89453478724402e-05 -0.01862989373995446
0.369672287599519 -6.975614641772998e-05 -0.01884898162926651
0.3718960448845125 -7.057622190850815e-05 -0.0190705762650671
0.374133179143189 -7.140567423328721e-05 -0.01929470463847936
0.3763837708445035 -7.224460418273563e-05 -0.01952139398440021
0.3786479009414707 -7.309311350778757e-05 -0.01975067179720239
0.3809256508740766 -7.395130488690722e-05 -0.01998256582188879
0.3832171025722083 -7.481928190605377e-05 -0.0202171040486788
0.3855223384586003 -7.569714910621996e-05 -0.0204543147258538
0.3878414414518001 -7.658501199298461e-05 -0.02069422636233836
0.3901744949691499 -7.74829769927008e-05 -0.02093686771586176
0.3925215829297878 -7.839115147470482e-05 -0.02118226779895913
0.3948827897576659 -7.930964380070324e-05 -0.02143045589231639
0.3972582003845871 -8.02385632747608e-05 -0.02168146153125645
0.3996479002532602 -8.117802013941321e-05 -0.02193531450468878
0.402051975320373 -8.212812563383958e-05 -0.02219204487082832
0.4044705120596843 -8.30889919717138e-05 -0.02245168295121071
0.4069035974651345 -8.406073230992831e-05 -0.02271425932224096
0.4093513190539743 -8.504346078851039e-05 -0.02297980482597943
0.4118137648699132 -8.603729255496507e-05 -0.02324835057671953
0.4142910234862858 -8.704234371248916e-05 -0.02351992794699453
0.4167831840092382 -8.805873133217671e-05 -0.0237945685708756
0.4192903360809331 -8.908657350967792e-05 -0.02407230435928178
0.4218125698827739 -9.012598931779531e-05 -0.02435316748717089
0.4243499761386489 -9.117709879177881e-05 -0.02463719038956601
0.4269026461181943 -9.224002298306299e-05 -0.02492440577607604
0.429470671640077 -9.331488395047721e-05 -0.02521484662852051
0.4320541450752978 -9.440180471794058e-05 -0.02550854618949823
0.4346531593505136 -9.550090930416987e-05 -0.0258055379704148
0.43726780795138 -9.661232275995996e-05 -0.02610585576155617
0.4398981849259138 -9.77361711112717e-05 -0.02640953361671034
0.4425443848878763 -9.887258136076491e-05 -0.02671660585358155
0.4452065030201759 -0.0001000216815456506 -0.02702710706942268
0.4478846350782926 -0.0001011836006979269 -0.02734107213029052
0.4505788773937215 -0.0001023584688178186 -0.0276585361638688
0.4532893268774382 -0.0001035464169189603 -0.02797953457167721
0.4560160810233846 -0.0001047475770336573 -0.02830410303049301
0.458759237911976 -0.0001059620821609868 -0.02863227747832725
0.4615188962136283 -0.0001071900662845117 -0.02896409411921139
0.464295155192308 -0.0001084316644180418 -0.02929958943556234
0.4670881147091019 -0.0001096870125477446 -0.02963880017254033
0.4698978752258099 -0.0001109562476223057 -0.02998176333538989
0.4727245378085577 -0.0001122395076058411 -0.03032851620373762
0.4755682041314329 -0.0001135369314491258 -0.03067909632381762
0.4784289764801414 -0.0001148486590513251 -0.03103354149813091
0.4813069577556875 -0.0001161748312931298 -0.031391889794399
0.4842022514780743 -0.0001175155900540592 -0.03175417955023924
0.487114961790028 -0.0001188710781537069 -0.0321204493572889
0.4900451934607434 -0.0001202414393567128 -0.03249073806254846
0.4929930518896525 -0.0001216268184199151 -0.03286508478112282
0.4959586431102161 -0.0001230273610384601 -0.03324352888165946
0.4989420737937372 -0.0001244432138240255 -0.03362610998046404
0.5019434512531983 -0.0001258745243471784 -0.03401286795294613
0.504962883447121 -0.0001273214411202915 -0.03440384292900291
0.5080004789834501 -0.0001287841135492043 -0.03479907527995751
0.5110563471234592 -0.0001302626919518282 -0.03519860562358618
0.5141305977856812 -0.0001317573275823332 -0.03560247483065403
0.5172233415498623 -0.0001332681725694975 -0.03601072400825611
0.520334689660939 -0.0001347953799089506 -0.03642339449772163
0.52346475403304 -0.0001363391035033463 -0.036840527885469
0.5266136472535116 -0.0001378994981163664 -0.03726216599057722
0.5297814825869668 -0.0001394767193394237 -0.03768835085578845
0.5329683739793606 -0.00014107092361879 -0.03811912475483853
0.5361744360620875 -0.000142682268247416 -0.03855453019024643
0.5393997841561053 -0.000144310911309739 -0.0389946098784007
0.5426445342760833 -0.0001459570116846317 -0.03943940675035627
0.5459088031345746 -0.0001476207290681424 -0.03988896395797912
0.5491927081462149 -0.000149302223913574 -0.04034332485775483
0.5524963674319456 -0.0001510016574114909 -0.04080253300538632
0.5558198998232626 -0.0001527191915151105 -0.04126663216265478
0.5591634248664905 -0.0001544549889026312 -0.0417356662872404
0.5625270628270829 -0.0001562092129347606 -0.04220967952124584
0.565910934693948 -0.0001579820276633192 -0.04268871619352107
0.5693151621838011 -0.000159773597825089 -0.04317282081800126
0.5727398677455418 -0.0001615840887843457 -0.04366203807817821
0.5761851745646592 -0.0001634136665205845 -0.04415641282378365
0.5796512065676627 -0.0001652624976390447 -0.04465599007363319
0.5831380884265391 -0.0001671307493163429 -0.04516081500093579
0.5866459455632378 -0.0001690185892697767 -0.04567093292499913
0.5901749041541815 -0.0001709261857615074 -0.04618638931235979
0.5937250911348052 -0.0001728537075649488 -0.04670722976770126
0.5972966342041217 -0.000174801323917582 -0.04723350002110378
0.6008896618293151 -0.000176769204509633 -0.04776524592498489
0.6045043032503616 -0.0001787575194689087 -0.04830251345000199
0.6081406884846782 -0.000180766439306268 -0.04884534867031787
0.6117989483317994 -0.0001827961348898773 -0.04939379775664426
0.6154792143780822 -0.0001848467774325697 -0.04994790697282624
0.619181619001439 -0.0001869185384430923 -0.05050772266266838
0.6229062953760992 -0.0001890115896884511 -0.05107329123976015
0.6266533774773996 -0.000191126103172519 -0.0516446591816954
0.6304230000866031 -0.0001932622510966489 -0.05222187301942949
0.6342152987957473 -0.0001954202058141078 -0.05280497932496695
0.6380304100125211 -0.0001976001397996889 -0.05339402470315011
0.6418684709651717 -0.0001998022256111824 -0.05398905578124818
0.6457296197074404 -0.0002020266358418967 -0.05459011919612786
0.6496139951235281 -0.0002042735430847758 -0.05519726158455728
0.6535217369330918 -0.0002065431198875575 -0.05581052957108942
0.6574529856962692 -0.0002088355387032805 -0.05642996975468827
0.6614078828187353 -0.0002111509718524134 -0.05705562869849583
0.6653865705567885 -0.0002134895914742822 -0.05768755291670697
0.6693891920224675 -0.0002158515694662565 -0.05832578885813708
0.673415891188699 -0.0002182370774471151 -0.05897038289632268
0.6774668128944764 -0.0002206462867107464 -0.05962138131701101
0.6815421028500694 -0.0002230793681489481 -0.06027883029729925
0.6856419076422656 -0.0002255364922107364 -0.06094277589463953
0.6897663747396426 -0.0002280178288624711 -0.06161326403606422
0.693915652497873 -0.0002305235475048562 -0.06229034049575843
0.6980898901650602 -0.0002330538169085808 -0.06297405087766936
0.702289237887107 -0.0002356088051857942 -0.06366444060779851
0.7065138467131162 -0.0002381886797161367 -0.06436155491421436
0.7107638686008243 -0.0002407936070439704 -0.06506543879928275
0.7150394564220665 -0.0002434237528569324 -0.06577613703387178
0.7193407639682761 -0.0002460792819292325 -0.06649369414203
0.7236679459560159 -0.0002487603579928981 -0.06721815436619533
0.728021158032544 -0.0002514671436951677 -0.06794956165568221
0.7324005567814114 -0.0002541998005649581 -0.06868795965762052
0.736806299728095 -0.0002569584888898759 -0.06943339168372269
0.7412385453456634 -0.0002597433676145898 -0.07018590068282252
0.7456974530604773 -0.0002625545943330245 -0.07094552923876596
0.7501831832579239 -0.0002653923251944105 -0.07171231954502448
0.754695897288186 -0.0002682567147359578 -0.07248631335948159
0.7592357574720454 -0.0002711479158778876 -0.07326755200309021
0.7638029271067222 -0.0002740660798654893 -0.07405607634421564
0.7683975704717476 -0.0002770113560805359 -0.074851926747678
0.7730198528348741 -0.0002799838919772432 -0.07565514305744722
0.7776699404580188 -0.0002829838330697286 -0.07646576459325453
0.7823480006032453 -0.0002860113227723532 -0.07728383010745074
0.7870542015387785 -0.0002890665022310694 -0.07810937773943426
0.7917887125450584 -0.000292149510347296 -0.0789424450221026
0.7965517039208285 -0.0002952604836726499 -0.07978306885340744
0.8013433469892614 -0.0002983995561577559 -0.0806312854284799
0.8061638141041211 -0.0003015668591539281 -0.08148713024008487
0.8110132786559631 -0.0003047625213690669 -0.08235063806670388
0.8158919150783704 -0.0003079866686171639 -0.08322184290484821
0.8207998988542287 -0.0003112394237015583 -0.08410077793751322
0.8257374065220374 -0.0003145209064413132 -0.08498747554130567
0.8307046156822607 -0.0003178312334839367 -0.08588196723583849
0.8357017050037151 -0.0003211705180358421 -0.08678428361089788
0.8407288542299962 -0.0003245388699240398 -0.08769445434311318
0.8457862441859444 -0.0003279363954923325 -0.08861250816790756
0.8508740567841485 -0.0003313631972546568 -0.08953847278582645
0.8559924750314897 -0.0003348193738779922 -0.0904723748579196
0.8611416830357236 -0.0003383050201740534 -0.09141424000349589
0.8663218660121029 -0.000341820226792508 -0.09236409271722731
0.8715332102900397 -0.000345365080009428 -0.0933219563119856
0.8767759033198074 -0.0003489396618112581 -0.09428785294153164
0.882050133679283 -0.0003525440496944246 -0.09526180354636733
0.8873560910807308 -0.0003561783162635381 -0.09624382774516493
0.8926939663776258 -0.0003598425293247773 -0.09723394386000041
0.8980639515715189 -0.0003635367518034486 -0.0982321688940771
0.9034662398189428 -0.000367261041299815 -0.09923851841170524
0.9089010254383604 -0.000371015450011445 -0.1002530065173195
0.9143685039171535 -0.0003748000247881054 -0.1012756458703117
0.9198688719186553 -0.0003786148067831957 -0.1023064475908442
0.9254023272892237 -0.0003824598310982232 -0.1033454211637825
0.9309690690653579 -0.000386335126939208 -0.1043925744809578
0.9365692974808579 -0.0003902407174219039 -0.1054479137885355
0.9422032139740265 -0.0003941766190191433 -0.1065114435376805
0.9478710211949153 -0.0003981428416575476 -0.1075831664106897
0.9535729230126136 -0.0004021393886869103 -0.1086630833127193
0.9593091245225821 -0.0004061662563479102 -0.1097511932279537
0.9650798320540293 -0.0004102234335767495 -0.1108474931668166
0.9708852531773335 -0.0004143109021532127 -0.1119519782059784
0.9767255967115094 -0.0004184286363337325 -0.1130646413892056
0.9826010727317186 -0.0004225766023034909 -0.1141854735793125
0.9885118925768263 -0.0004267547584080008 -0.1153144635207365
0.9944582688570029 -0.0004309630549894115 -0.1164515977953064
1.000440415461372 -0.0004352014336816302 -0.1175968606317752
1.006458547565703 -0.000439469827457248 -0.1187502339185003
1.012512881640152 -0.0004437681606888104 -0.1199116972199993
1.018603635457047 -0.0004480963485510067 -0.1210812276154143
1.024731028098722 -0.0004524542966396672 -0.1222587995955599
1.030895279965397 -0.0004568419012402935 -0.1234443851354841
1.037096612783106 -0.0004612590489734394 -0.1246379535986448
1.043335249611672 -0.0004657056160198806 -0.1258394715275419
1.04961141485273 -0.0004701814684057886 -0.1270489027207743
1.055925334257799 -0.0004746864619075535 -0.128266208207322
1.062277234936404 -0.0004792204412110195 -0.1294913460193612
1.068667345364243 -0.0004837832398345785 -0.130724271171483
1.075095895391404 -0.000488374680327307 -0.1319649357142323
1.081563116250635 -0.0004929945736420196 -0.1332132885646997
1.088069240565661 -0.0004976427184995053 -0.1344692753347293
1.094614502359551 -0.0005023189017939125 -0.1357328384404596
1.101199137063137 -0.000507022898285532 -0.1370039170193091
1.107823381523478 -0.0005117544695952754 -0.1382824466582722
1.114487474012384 -0.0005165133644840627 -0.1395683594694129
1.121191654234987 -0.0005212993188795323 -0.1408615840970822
1.127936163338358 -0.000526112054934831 -0.1421620454635916
1.134721243920186 -0.0005309512807389878 -0.1434696646909525
1.141547140037501 -0.0005358166906955392 -0.1447843592031852
1.148414097215454 -0.0005407079649147992 -0.1461060425621028
1.155322362456149 -0.0005456247682687408 -0.1474346242119287
1.162272184247527 -0.0005505667509252483 -0.1487700096236576
1.169263812572304 -0.0005555335481330083 -0.150112100236931
1.176297498916961 -0.0005605247790137547 -0.1514607931336863
1.183373496280794 -0.0005655400467438957 -0.1528159810872349
1.19049205918501 -0.0005705789387664274 -0.1541775526195238
1.197653443681885 -0.000575641025804647 -0.1555453917346287
1.204857907363973 -0.000580725861268371 -0.1569193777583063
1.212105709373372 -0.0005858329818458753 -0.1582993854979449
1.219397110411042 -0.0005909619069709796 -0.1596852850985628
1.22673237274619 -0.0005961121375507686 -0.1610769416990233
1.234111760225694 -0.0006012831565794934 -0.1624742155979188
1.241535538283603 -0.0006064744290768858 -0.1638769622369016
1.249003973950675 -0.0006116854007354906 -0.1652850318351773
1.256517335863991 -0.000616915497893777 -0.1666982693822383
1.264075894276612 -0.0006221641279959539 -0.1681165147621121
1.271679921067302 -0.0006274306786338368 -0.1695396024944618
1.279329689750306 -0.0006327145165745201 -0.1709673614718505
1.287025475485191 -0.0006380149885747196 -0.1723996151797877
1.294767555086741 -0.0006433314209799154 -0.1738361815884117
1.302556207034913 -0.000648663118166869 -0.1752768727316392
1.310391711484858 -0.0006540093631338696 -0.1767214948666564
1.318274350276994 -0.0006593694176724155 -0.17816984852031
1.326204406947145 -0.0006647425209541473 -0.1796217281072789
1.334182166736741 -0.0006701278891826119 -0.1810769218359762
1.342207916603075 -0.0006755247163513573 -0.1825352119133958
1.350281945229628 -0.0006809321733986346 -0.1839963743167029
1.358404543036452 -0.0006863494068257167 -0.1854601784198861
1.366576002190616 -0.0006917755397008752 -0.1869263872650443
1.374796616616712 -0.0006972096714577988 -0.188394757507917
1.383066682007434 -0.0007026508761457353 -0.189865038945051
1.391386495834208 -0.0007080982028624242 -0.1913369746307841
1.399756357357896 -0.0007135506762413582 -0.1928103010089092
1.408176567639557 -0.0007190072950866185 -0.1942847475437894
1.416647429551278 -0.000724467031613721 -0.195760036515226
1.425169247787069 -0.0007299288325294288 -0.1972358833102364
1.433742328873819 -0.0007353916183847898 -0.1987119962482376
1.442366981182327 -0.0007408542818278929 -0.2001880761089185
1.45104351493839 -0.0007463156887058569 -0.2016638164300112
1.459772242233963 -0.0007517746781457285 -0.203138903529151
1.468553477038385 -0.0007572300607434595 -0.204613016014515
1.477387535209671 -0.000762680618707294 -0.2060858248235671
1.486274734505876 -0.0007681251067255824 -0.2075569934575529
1.495215394596523 -0.0007735622507724547 -0.2090261776587765
1.504209837074101 -0.0007789907469040931 -0.2104930250853395
1.513258385465633 -0.0007844092626404207 -0.2119571756844897
1.522361365244312 -0.0007898164365931269 -0.2134182615921095
1.531519103841213 -0.0007952108764919401 -0.2148759065993897
1.540731930657063 -0.0008005911602337295 -0.2163297264363103
1.550000177074097 -0.0008059558363392681 -0.2177793288950631
1.55932417646797 -0.0008113034222398794 -0.2192243133670827
1.568704264219756 -0.0008166324040343177 -0.2206642707773523
1.578140777728008 -0.0008219412377666279 -0.2220987839296974
1.587634056420891 -0.0008272283485246788 -0.2235274272631982
1.597184441768398 -0.0008324921288493248 -0.2249497664223254
1.606792277294626 -0.0008377309403378939 -0.2263653586902224
1.616457908590138 -0.0008429431136248848 -0.2277737529834897
1.626181683324388 -0.0008481269463832551 -0.2291744893121077
1.635963951258232 -0.0008532807041677441 -0.2305670990073135
1.645805064256506 -0.0008584026213180431 -0.2319511049656482
1.655705376300682 -0.0008634908995152379 -0.2333260212588904
1.665665243501602 -0.0008685437071315038 -0.2346913529583348
1.675685024112287 -0.0008735591808943891 -0.2360465965845031
1.685765078540822 -0.0008785354253796392 -0.2373912399700984
1.695905769363321 -0.0008834705112103186 -0.2387247617733855
1.70610746133697 -0.0008883624767382546 -0.240046631932538
1.716370521413142 -0.0008932093284544309 -0.2413563117765319
1.726695318750602 -0.0008980090391978169 -0.2426532535411487
1.737082224728785 -0.0009027595486948377 -0.243936900514747
1.747531612961148 -0.000907458764927359 -0.2452066874079093
1.758043859308618 -0.0009121045631212439 -0.2464620400801372
1.768619341893104 -0.0009166947847848444 -0.2477023752800397
1.779258441111101 -0.0009212272396708596 -0.2489271011754522
1.789961539647373 -0.0009256997057301661 -0.2501356173409605
1.800729022488719 -0.0009301099273924568 -0.2513273142933079
1.811561276937818 -0.0009344556171517108 -0.2525015739198094
1.822458692627162 -0.000938734456460237 -0.2536577697199331
1.83342166153307 -0.0009429440943787045 -0.2547952664405217
1.844450577989788 -0.0009470821478202342 -0.2559134201417486
1.855545838703674 -0.0009511462033285621 -0.2570115786776009
1.866707842767465 -0.0009551338166221339 -0.258089081572687
1.877936991674634 -0.0009590425115603301 -0.2591452597428983
1.88923368933383 -0.0009628697822495054 -0.2601794360644871
1.90059834208341 -0.0009666130934960877 -0.2611909254964996
1.912031358706049 -0.0009702698794986862 -0.2621790347273676
1.923533150443451 -0.0009738375452351118 -0.2631430625496981
1.935104131011135 -0.0009773134678199384 -0.2640823002271036
1.946744716613318 -0.0009806949957963701 -0.264996031302856
1.958455325957888 -0.0009839794492455881 -0.265883531629433
1.970236380271462 -0.0009871641218376389 -0.2667440699226943
1.982088303314539 -0.0009902462809874345 -0.267576907804034
1.994011521396743 -0.0009932231671233437 -0.268381299602746
2.006006463392153 -0.0009960919957551656 -0.269156492914815
2.018073560754737 -0.0009988499584176423 -0.269901728857866
2.030213247533863 -0.001001494222079908 -0.2706162419115903
2.042425960389917 -0.001004021930379224 -0.2712992602511162
2.05471213861001 -0.001006430205317464 -0.2719500062054193
2.067072224123773 -0.001008716147320818 -0.2725676962734566
2.079506661519261 -0.00101087683554802 -0.2731515412074529
2.092015898058938 -0.001012909330005276 -0.2737007465843812
2.104600383695769 -0.001014810672289238 -0.2742145130067222
2.117260571089404 -0.001016577885595627 -0.2746920361047966
2.129996915622458 -0.001018207976630227 -0.2751325070531372
2.142809875416892 -0.001019697936942981 -0.2755351129309802
2.155699911350493 -0.001021044743279264 -0.2758990368171816
2.16866748707345 -0.001022245358901981 -0.2762234581474666
2.181713069025031 -0.001023296735391284 -0.2765075532007348
2.194837126450363 -0.001024195813484965 -0.2767504953261438
2.208040131417308 -0.001024939524064483 -0.2769514552095477
2.221322558833443 -0.00102552479010212 -0.2771096013996425
2.234684886463145 -0.001025948527880296 -0.2772241006374392
2.248127594944775 -0.001026207648110266 -0.2772941181585508
2.261651167807962 -0.001026299057758991 -0.2773188181868357
2.275256091491004 -0.001026219661532294 -0.277297364335164
2.288942855358358 -0.001025966363256231 -0.2772289199786816
2.302711951718243 -0.001025536067734424 -0.2771126487566862
2.316563875840352 -0.001024925682328372 -0.276947714999644
2.330499125973664 -0.001024132118456426 -0.2767332841342351
2.344518203364364 -0.001023152293780996 -0.2764685232743605
2.358621612273878 -0.001021983133838283 -0.2761526016615194
2.372809859997005 -0.001020621573499677 -0.2757846910596947
2.387083456880169 -0.001019064559409661 -0.2753639664141063
2.401442916339774 -0.001017309052049386 -0.2748896064088143
2.415888754880671 -0.001015352026983874 -0.2743607938037291
2.430421492114737 -0.001013190477179002 -0.2737767160606902
2.445041650779565 -0.001010821415987831 -0.2731365661504071
2.459749756757268 -0.001008241878169673 -0.2724395428278273
2.474546339093393 -0.001005448921792073 -0.2716848511460726
2.489431930015952 -0.001002439632010537 -0.2708717034777705
2.504407064954564 -0.0009992111224613146 -0.2699993198914011
2.519472282559719 -0.0009957605365599172 -0.2690669285021727
2.534628124722145 -0.0009920850512365003 -0.2680737664813688
2.549875136592308 -0.0009881818797904222 -0.2670190808276857
2.565213866600017 -0.0009840482724181429 -0.2659021285098768
2.580644866474148 -0.0009796815191706048 -0.2647221772658749
2.596168691262497 -0.0009750789546622582 -0.2634785068752283
2.611785899351737 -0.0009702379582939672 -0.2621704092193338
2.627497052487508 -0.0009651559561551429 -0.2607971887954165
2.64330271579462 -0.0009598304265049278 -0.2593581641976141
2.659203457797384 -0.0009542589013143883 -0.2578526685336968
2.675199850440056 -0.0009484389668319846 -0.2562800495778642
2.691292469107416 -0.0009423682683210449 -0.2546396710508698
2.707481892645458 -0.0009360445143899693 -0.2529309137900967
2.723768703382218 -0.0009294654763149587 -0.25115317556655
2.740153487148712 -0.0009226289911691865 -0.2493058719303982
2.756636833300016 -0.0009155329686093576 -0.247388438044786
2.77321933473646 -0.0009081753903506225 -0.2454003285439501
2.789901587924954 -0.000900554311486074 -0.2433410178897631
2.806684192920446 -0.000892667867421289 -0.2412100022455332
2.823567753387507 -0.0008845142762068346 -0.2390068001062771
2.840552876622036 -0.0008760918377162528 -0.2367309520766008
2.857640173573115 -0.0008673989388213126 -0.2343820222691172
2.874830258864976 -0.0008584340598090556 -0.2319596000384121
2.892123750819116 -0.0008491957721599488 -0.2294632993806734
2.909521271476531 -0.0008396827412553014 -0.226892759665269
2.927023446620097 -0.0008298937351207968 -0.2242476479973579
2.944630905797074 -0.0008198276236065713 -0.2215276589963376
2.962344282341753 -0.0008094833783739876 -0.2187325147922702
2.980164213398238 -0.000798860080667943 -0.2158619671260566
2.998091339943359 -0.0007879569251700565 -0.2129157983906165
3.016126306809736 -0.0007767732171904256 -0.2098938208720653
3.034269762708964 -0.0007653083775186925 -0.2067958780605333
3.052522360254954 -0.0007535619511800929 -0.203621847016159
3.070884755987404 -0.0007415336036662596 -0.2003716373506054
3.089357610395416 -0.0007292231225022378 -0.1970451916504871
3.107941587941251 -0.0007166304273173384 -0.1936424881986406
3.126637357084233 -0.0007037555694621801 -0.190163540870644
3.14544559030479 -0.0006905987298910212 -0.1866083985625972
3.164366964128648 -0.000677160226848225 -0.1829771472681002
3.183402159151157 -0.0006634405217927489 -0.1792699116791243
3.202551860061779 -0.0006494402142397031 -0.1754868537921368
3.221816755668715 -0.0006351600454655676 -0.1716281739092973
3.241197538923678 -0.0006206009091937054 -0.1676941135258159
3.260694906946819 -0.0006057638467700829 -0.1636849540263735
3.280309561051807 -0.0005906500467791535 -0.1596010165813281
3.300042206771049 -0.0005752608553779033 -0.1554426649391034
3.319893553881069 -0.0005595977771065894 -0.1512103056452603
3.339864316428041 -0.0005436624700746478 -0.146904386741669
3.359955212753471 -0.0005274567524802847 -0.1425253995281839
3.380166965520037 -0.0005109826106550906 -0.1380738807363991
3.400500301737581 -0.0004942421916126658 -0.1335504105161938
3.42095595278926 -0.0004772378048452566 -0.1289556129212054
3.441534654457853 -0.0004599719337872337 -0.1242901590064055
3.46223714695223 -0.0004424472308339056 -0.1195547654821199
3.483064174933973 -0.0004246665142590546 -0.1147501938811093
3.504016487544163 -0.0004066327774896572 -0.1098772530647141
3.525094838430328 -0.0003883491915540358 -0.1049367998843754
3.546299985773546 -0.0003698190973731447 -0.09992973709864478
3.567632692315724 -0.0003510460100994634 -0.0948570145456068
3.589093725387028 -0.0003320336285558123 -0.08971963169336544
3.610683856933487 -0.0003127858260968931 -0.08451863517071773
3.632403863544755 -0.0002933066498343574 -0.07925511855775789
3.654254526482051 -0.0002736003312905676 -0.07393022526465652
3.676236631706256 -0.0002536712821244699 -0.068545147376738
3.698350969906183 -0.000233524087942206 -0.06310112398203059
3.720598336527025 -0.000213163515193357 -0.0575994430347176
3.742979531798957 -0.0001925945152486784 -0.05204144245699237
3.765495360765927 -0.0001718222137546061 -0.04642850726251268
3.788146633314612 -0.0001508519120935204 -0.04076206995098258
3.810934164203546 -0.0001296890972951153 -0.03504361318632796
3.833858773092431 -0.0001083394318210089 -0.02927466703637071
3.856921284571616 -8.680874970152987e-05 -0.02345680792894033
3.880122528191761 -6.51030648092694e-05 -0.01759166088749086
3.903463338493672 -4.322856773864745e-05 -0.01168089868792073
3.926944555038322 -2.119161677046208e-05 -0.005726239417081242
3.950567022437048 1.001258651910987e-06 0.0002705525879109839
3.974331590381932 2.33433536596867e-05 0.006307665587803616
3.998239113676364 4.582779977174052e-05 0.01238324363324758
4.02229045226579 6.844756657232312e-05 0.01849538701813654
4.046486471268643 9.11954546845046e-05 0.02464215038094377
4.070828041007458 0.0001140641050151434 0.03082154520282817
4.095316037040186 0.0001370460054118438 0.03703154160642731
4.119951340191675 0.000160133486275195 0.04327006717022968
4.144734836585366 0.0001833187231163979 0.04953500761967729
4.169667417675155 0.0002065937474842115 0.05582420977976309
4.194749980277468 0.0002299504472280347 0.06213548164611891
4.219983426603512 0.000253380563679848 0.06846659162354095
4.24536866429173 0.0002768757036765317 0.07481527177457027
4.270906606440451 0.0003004273441429636 0.08117921905790286
4.296598171640729 0.0003240268290340641 0.08755609450209233
4.322444284009386 0.0003476653776581701 0.09394352545462911
4.348445873222255 0.0003713340933484118 0.100339107925055
4.374603874547618 0.0003950239635114861 0.1067404065981423
4.400919228879844 0.0004187258627974568 0.1131449556904132
4.42739288277324 0.0004424305644159633 0.1195502620079208
4.454025788476091 0.0004661287437907386 0.1259538059337456
4.480818903964917 0.0004898109792574949 0.1323530416165728
4.50777319297893 0.0005134677629616837 0.1387453999154029
4.534889625054696 0.0005370895074875963 0.1451282901908179
4.562169175561013 0.0005606665477473842 0.1514991008154178
4.589612825733993 0.0005841891488767047 0.1578552013073228
4.617221562712357 0.0006076475152773671 0.1641939447736089
4.644996379572944 0.0006310317947911282 0.1705126690381203
4.672938275366425 0.0006543320843391991 0.1768086981653335
4.701048255153248 0.0006775384398315286 0.1830793451379703
4.729327330039782 0.0007006408821196779 0.1893219134655383
4.757776517214689 0.0007236294026787702 0.1955336987196648
4.786396839985513 0.0007464939728243725 0.2017119910246135
4.815189327815487 0.0007692245507642317 0.2078540769627512
4.844155016360561 0.0007918110882762576 0.2139572413790227
4.873294947506656 0.0008142435395254102 0.2200187697633835
4.902610169407141 0.0008365118683747366 0.2260359502263331
4.932101736520533 0.00085860605540953 0.2320060753969309
4.961770709648425 0.0008805161077927241 0.2379264450858466
4.991618155973645 0.000902232066305396 0.2437943681877918
5.021645149098641 0.0009237440119021209 0.2496071644528588
5.051852769084097 0.0009450420765372338 0.2553621674119118
5.082242102487784 0.0009661164512727359 0.2610567265674444
5.112814242403641 0.0009869573915213198 0.2666882088103103
5.1435702885011 0.001007555227167949 0.2722540011547005
5.174511347064628 0.001027900374005515 0.2777515138282008
5.205638531033534 0.001047983337284578 0.2831781812309757
5.23695296004199 0.001067794719619399 0.2885314640720775
5.26845576045931 0.001087325235774663 0.2938088533650028
5.300148065430462 0.001106565716402087 0.2990078714373716
5.332031014916829 0.001125507112992556 0.3041260732690551
5.364105755737212 0.001144140512565126 0.3091610504613284
5.39637344160908 0.001162457146066936 0.3141104335066319
5.42883523319007 0.001180448389490647 0.3189718920905166
5.461492298119737 0.001198105775170211 0.323743138143902
5.494345811061548 0.00121542100706421 0.3284219299728258
5.52739695374514 0.001232385959257153 0.3330060718534744
5.560646915008824 0.001248992682486707 0.3374934157959233
5.594096890842349 0.001265233422903842 0.341881866613362
5.627748084429916 0.001281100623403068 0.3461693822815409
5.661601706193463 0.001296586924580659 0.350353974197695
5.695658973836199 0.001311685180847661 0.3544337115344803
5.729921112386407 0.001326388470645445 0.3584067240003433
5.764389354241504 0.001340690091713144 0.3622712005607241
5.799064939212376 0.0013545835709261 0.366025392096526
5.833949114567966 0.001368062683327456 0.3696676165466913
5.869043135080146 0.001381121445640907 0.3731962571552648
5.904348263068843 0.001393754119180964 0.3766097632577827
5.939865768447451 0.001405955230153727 0.3799066557667962
5.975596928768503 0.001417719570278341 0.3830855273397954
6.01154302926963 0.001429042191846198 0.3861450410441452
6.047705362919785 0.001439918422282633 0.3890839342918364
6.084085230465758 0.001450343876948452 0.3919010222986192
6.120683940478954 0.001460314448046987 0.3945951950865502
6.15750280940247 0.001469826310713212 0.3971654191293482
6.194543161598441 0.001478875943863402 0.3996107429862316
6.231806329395683 0.00148746012033161 0.4019302946366724
6.269293653137611 0.001495575904314241 0.4041232807898872
6.307006481230453 0.001503220670035504 0.406188991928476
6.344946170191752 0.001510392103242276 0.4081268027123527
6.383114084699157 0.001517088189622786 0.4099361688493291
6.421511597639515 0.001523307225121077 0.4116166298822116
6.460140090158249 0.001529047830658747 0.4131678131667991
6.499000951709037 0.001534308935739203 0.4145894294415469
6.538095580103793 0.001539089779274376 0.4158812730509579
6.577425381562945 0.001543389929045998 0.4170432272042597
6.616991770766014 0.001547209270865414 0.4180752610462519
6.656796170902505 0.001550547999701188 0.4189774272598746
6.696840013723089 0.001553406633728983 0.4197498658626615
6.737124739591115 0.001555786017295454 0.4203928050076197
6.777651797534409 0.001557687303518532 0.4209065562816101
6.818422645297399 0.001559111958700988 0.4212915158979476
6.859438749393552 0.00156006177674115 0.4215481685903563
6.900701585158119 0.00156053885990623 0.4216770824176824
6.942212636801205 0.001560545613863451 0.4216789074212428
6.983973397461158 0.00156008476253669 0.4215543796392762
7.025985369258271 0.001559159338214583 0.4213043184340282
7.068250063348816 0.001557772667046349 0.4209296225725431
7.110768999979402 0.00155592837656067 0.4204312722583582
7.153543708541653 0.00155363039926673 0.4198103301045507
7.196575727627224 0.00155088295174908 0.4190679354849075
7.239866605083138 0.001547690533001833 0.4182053040838059
7.28341789806747 0.001544057935383567 0.4172237308563632
7.327231173105349 0.001539990225640545 0.4161245849006755
7.37130800614531 0.001535492734794589 0.4149093067253937
7.41564998261598 0.001530571066249729 0.4135794104402425
7.460258697483103 0.001525231087496926 0.4121364815145317
7.505135755306914 0.001519478912201597 0.410582171936983
7.550282770299852 0.00151332090089693 0.4089182004030713
7.59570136638462 0.001506763663200651 0.4071463529140235
7.641393177252606 0.00149981403663143 0.4052684770527472
7.687359846422636 0.001492479079998724 0.4032864801976829
7.733603027300095 0.001484766078370156 0.4012023308650526
7.780124383236402 0.001476682526588776 0.3990180542550172
7.826925587588838 0.001468236116036807 0.3967357286750759
7.874008323780734 0.001459434735551128 0.3943574857874415
7.921374285362025 0.001450286463956049 0.3918855085913023
7.969025176070168 0.001440799551970913 0.3893220265340301
8.016962709891423 0.001430982417435298 0.3866693142209714
8.065188611122505 0.001420843643829284 0.3839296910156034
8.113704614432605 0.001410391961929443 0.3811055160827553
8.162512464925786 0.001399636240378593 0.3781991858404363
8.211613918203758 0.00138858548388362 0.375213133472866
8.26101074042902 0.001377248819784457 0.3721498253012441
8.310704708388393 0.001365635484756673 0.369011757190624
8.360697609556926 0.001353754819881301 0.3658014532177195
8.410991242162195 0.001341616262353939 0.3625214634305988
8.461587415248985 0.001329229330526771 0.3591743598068539
8.512487948744354 0.001316603616177092 0.3557627341644579
8.563694673523104 0.001303748777961254 0.3522891963929399
8.615209431473632 0.001290674527772085 0.3487563707669898
8.667034075564182 0.00127739062127294 0.3451668933886403
8.719170469909495 0.001263906850470455 0.3415234101803322
8.771620489837867 0.001250233032424895 0.3378285738343096
8.824386021958594 0.001236378999130875 0.3340850410782648
8.877468964229841 0.001222354589381661 0.3302954704769701
8.930871226026907 0.001208169638136706 0.3264625195592536
8.984594728210904 0.001193833967065899 0.3225888422629379
9.038641403197854 0.001179357376732134 0.3186770868224711
9.09301319502819 0.00116474963549593 0.3147298927708181
9.147712059436689 0.001150020470445482 0.310749888488647
9.202739963922818 0.001135179560939778 0.3067396894595972
9.258098887821502 0.001120236528126592 0.3027018954379127
9.313790822374321 0.001105200923524412 0.2986390873631339
9.369817770801134 0.001090082225971651 0.2945538265357383
9.426181748372137 0.001074889833363051 0.2904486523842125
9.482884782480346 0.00105963304632452 0.2863260780537905
9.539928912714528 0.001044321067722233 0.2821885902738049
9.597316190932558 0.001028962997621678 0.2780386479955605
9.655048681335227 0.001013567818396357 0.2738786783685173
9.713128460540494 0.0009981443882609562 0.2697110749928733
9.771557617658175 0.0009827014428540155 0.2655381983472219
9.830338254365088 0.0009672475849745399 0.2613623730152552
9.889472484980656 0.0009517912606485222 0.2571858812186407
9.948962436542953 0.0009363407781742516 0.2530109679633005
10.00881024888521 0.0009209043039771137 0.2488398399193272
10.06901807471279 0.0009054898288789553 0.2446746563065449
10.12958807968063 0.0008901051816505059 0.2405175325565425
10.1905224424711 0.0008747580290859302 0.2363705403328191
10.25182335487242 0.0008594558594434844 0.2322357030562423
10.31349302185747 0.0008442059790865937 0.2281149949974255
10.3755336616631 0.0008290155170890699 0.2240103425211152
10.43794750586993 0.0008138914172002891 0.2199236219150818
10.50073679948262 0.000798840425962803 0.2158566561793496
10.56390380101059 0.0007838691003376727 0.2118112170866574
10.62745078254932 0.0007689838058130507 0.2077890246713735
10.69138002986203 0.000754190702251618 0.203791743405297
10.7556938424619 0.0007394957479519369 0.1998209832950855
10.82039453369479 0.0007249047041017722 0.1958783010855981
10.88548443082247 0.0007104231245197511 0.1919651974879645
10.95096587510631 0.0006960563510628761 0.1880831159386368
11.01684122189147 0.0006818095236197934 0.184233445299696
11.08311284069168 0.000667687576321396 0.1804175188349091
11.14978311527443 0.0006536952259846249 0.1766366110871006
11.21685444374672 0.000639836983065744 0.1728919408378635
11.28432923864131 0.0006261171542067285 0.1691846717956257
11.35220992700354 0.0006125398309757183 0.1655159095531793
11.42049895047856 0.0005991088942592446 0.161886702774516
11.48919876539923 0.0005858280233347513 0.1582980456463349
11.55831184287442 0.0005727006898724947 0.1547508762572811
11.62784066887791 0.0005597301531843517 0.1512460753141144
11.69778774433782 0.0005469194735195382 0.1477844697343784
11.76815558522656 0.0005342715124528396 0.1443668327513056
11.83894672265132 0.0005217889234551444 0.140993881365857
11.91016370294514 0.0005094741633396721 0.1376662794396364
11.98180908775847 0.0004973294986537354 0.1343846394220244
12.05388545415131 0.0004853569985737189 0.1311495204303127
12.12639539468595 0.0004735585383978841 0.1279614291935035
12.19934151752018 0.0004619358114120468 0.124820823258564
12.27272644650111 0.0004504903272547311 0.1217281105486706
12.34655282125957 0.0004392234079025698 0.1186836482784134
12.42082329730504 0.0004281362008494105 0.1156877465149559
12.49554054612116 0.0004172296838859746 0.1127406694695583
12.57070725526186 0.000406504660835057 0.109842634345175
12.64632612844798 0.0003959617589905044 0.1069938106444348
12.72239988566455 0.0003856014641460691 0.1041943296348745
12.79893126325863 0.0003754241278398612 0.1014442863064801
12.87592301403773 0.0003654298401139994 0.09874370498975626
12.95337790736882 0.000355618600031198 0.09609258543143671
13.03129872927796 0.0003459903566935511 0.09349091387827183
13.10968828255048 0.0003365448064747237 0.09093860828663525
13.18854938683184 0.0003272815202974643 0.08843555271449685
13.26788487872902 0.0003181999665861472 0.08598160352348615
13.34769761191256 0.0003092994711394441 0.08357657853598716
13.42799045721921 0.0003005792370507094 0.08122026241787537
13.50876630275517 0.0002920383538968186 0.07891240916145636
13.59002805400002 0.0002836757961925355 0.07665274166781669
13.67177863391118 0.0002754904261732284 0.07444095249874853
13.7540209830291 0.0002674810045817616 0.07227670679150236
13.83675805958297 0.0002596461940585939 0.0701596431748339
13.91999283959716 0.0002519845585832227 0.0680893736180755
14.00372831699829 0.0002444945727652566 0.0660654859416997
14.08796750372286 0.0002371746277821651 0.0640875454217735
14.17271342982564 0.0002300230316751568 0.06215509486990828
14.25796914358864 0.0002230380148668146 0.06026765612419376
14.34373771163077 0.0002162177377373815 0.0584247320964049
14.43002221901811 0.0002095602927535525 0.05662580734722823
14.51682576937491 0.0002030637069284671 0.05487034875098239
14.60415148499523 0.000196725949658723 0.0531578076132771
14.69200250695523 0.0001905449364935227 0.05148762068948362
14.78038199522615 0.0001845185304928889 0.04985921055174162
14.86929312878798 0.0001786445483600411 0.04827198724600369
14.95873910574384 0.000172920765447277 0.04672534964468719
15.04872314343496 0.0001673449177340142 0.04521868598116571
15.13924847855642 0.0001619147056071144 0.04375137487125985
15.2303183672736 0.0001566277993443167 0.04232278679492943
15.3219360853393 0.0001514818418393923 0.04093228483264425
15.41410492821153 0.000146474451114991 0.0395792253443866
15.50682821117208 0.0001416032252399877 0.0382629592983797
15.60010926944577 0.0001368657454269019 0.03698283310804905
15.69395145832038 0.0001322595784161045 0.03573818927626497
15.7883581532674 0.0001277822802519207 0.03452836741569272
15.88333275006339 0.0001234313994422545 0.03335270510256241
15.97887866491215 0.000119204479371618 0.03221053852869967
16.07499933456759 0.0001150990613772138 0.03110120333272162
16.17169821645737 0.0001111126875453416 0.03002403535566077
16.26897878880723 0.0001072429029026551 0.02897837123306991
16.36684455076612 0.0001034872583111468 0.02796354917728326
16.46529902253208 9.984331280261335e-05 0.02697890960821817
16.56434574547881 9.630863532075209e-05 0.02602379562411124
16.66398828228309 9.288080733862364e-05 0.02509755370878946
16.76423021705294 8.95574252211933e-05 0.02419953437005838
16.86507515545651 8.633610130966343e-05 0.0233290924327023
16.96652672485178 8.321446590527358e-05 0.02248558757453174
17.06858857441703 8.019017006443797e-05 0.02166838508166456
17.17126437528214 7.726088612760469e-05 0.02087685599143026
17.27455782066058 7.442430889381948e-05 0.02011037740975185
17.37847262598229 7.16781584656761e-05 0.0193683332798869
17.48301252902732 6.902018099213582e-05 0.01865011458314663
17.58818129006027 6.644814889372927e-05 0.01795511939974833
17.69398269196554 6.39598630451019e-05 0.01728275349856633
17.80042054038342 6.15531545005638e-05 0.0166324308033971
17.90749866384694 5.922588381694044e-05 0.01600357320998512
18.01522091391964 5.697594219400159e-05 0.01539561089418097
18.12359116533404 5.480125405020026e-05 0.01480798300793816
18.23261331613107 5.269977611204749e-05 0.01424013743325081
18.34229128780023 5.066949748770413e-05 0.01369153080203912
18.45262902542071 4.87084420470799e-05 0.01316162913928178
18.56363049780323 4.681466849126172e-05 0.01264990788177644
18.67529969763284 4.498626928966911e-05 0.01215585159094577
18.78764064161249 4.322137209751697e-05 0.01167895433585365
18.90065737060757 4.151814126613042e-05 0.01121872010131105
19.0143539497912 3.987477602709928e-05 0.01077466229721194
19.12873446879051 3.82895107597434e-05 0.01034630383080574
19.24380304183367 3.676061719239776e-05 0.009933177701512034
19.35956380789796 3.528640293523704e-05 0.009534826604471469
19.47602093085858 3.386521062313798e-05 0.00915080269893644
19.59317859963845 3.249541960806914e-05 0.008780668065575955
19.71104102835891 3.11754459511263e-05 0.008423994704323482
19.82961245649123 2.990374052309649e-05 0.008080364021125651
19.94889714900919 2.867878963155177e-05 0.007749366997390815
20.06889939654243 2.749911642519347e-05 0.007430604569460393
20.18962351553079 2.636327862323309e-05 0.007123687015059253
20.31107384837959 2.52698680848435e-05 0.006828233836956034
20.4332547636158 2.421751249246976e-05 0.006543874217814762
20.55617065604522 2.320487396414834e-05 0.006270246645226168
20.67982594691049 2.223064757866106e-05 0.006006998513185877
20.80422508405019 2.129356236314524e-05 0.005753786388958993
20.92937254205879 2.039238146092245e-05 0.005510276058429528
21.05527282244758 1.952589988807078e-05 0.005276141919898219
21.18193045380665 1.86929445355445e-05 0.005051066984655289
21.30934999196772 1.789237539886503e-05 0.004834743209258291
21.43753602016806 1.712308341263774e-05 0.004626870910391527
21.5664931492153 1.638398955848974e-05 0.004427158523819689
21.69622601765332 1.567404599765342e-05 0.004235322910426075
21.82673929192908 1.499223507135348e-05 0.004051089086104691
21.95803766656046 1.433756755037541e-05 0.003874189748771793
22.09012586430514 1.370908303995641e-05 0.00370436538777247
22.22300863633048 1.310585033644353e-05 0.003541364380254127
22.35669076238438 1.252696524523113e-05 0.003384942401545946
22.49117705096725 1.197155018425676e-05 0.003234862318018527
22.62647233950495 1.143875514067494e-05 0.003090894445589075
22.76258149452277 1.092775594432676e-05 0.002952816083191339
22.89950941182054 1.043775314010625e-05 0.002820411208074932
23.03726101664865 9.967972637000002e-06 0.002693470651183924
23.17584126388527 9.517665148625307e-06 0.002571791945983282
23.31525513821456 9.086104452501011e-06 0.002455178858092108
23.45550765430593 8.672587391086484e-06 0.002343441385564389
23.59660385699449 8.276434317565665e-06 0.002236395879345406
23.73854882146243 7.896987238166082e-06 0.002133864541303147
23.88134765342164 7.533609209432043e-06 0.002035675261363995
24.02500548929732 7.185684993566246e-06 0.001941661794594212
24.16952749641275 6.852619863274618e-06 0.001851663438254096
24.31491887317515 6.533838429983068e-06 0.001765524715167518
24.46118484926266 6.228784926335069e-06 0.001683095450056293
24.60833068581249 5.936922997249727e-06 0.001604230713081464
24.7563616756101 5.657734158515839e-06 0.001528790403336175
24.90528314327963 5.390717567335876e-06 0.001456639186843785
25.05510044547539 5.135390441072136e-06 0.001387646609708311
25.20581897107455 4.891286643850061e-06 0.001321686716196997
25.357444141371 4.657956012972154e-06 0.001258637866728945
25.5099814102703 4.434964747345807e-06 0.001198382842833165
25.66343626448592 4.221894683092397e-06 0.001140808651409104
25.81781422373652 4.018342212798603e-06 0.001085806232694868
25.97312084094457 3.823918325845067e-06 0.001033270471164522
26.12936170243603 3.638248615596465e-06 0.0009831001974709389
26.28654242814131 3.460972032277528e-06 0.0009351978514573345
26.44466867179741 3.291740554144688e-06 0.0008894693933037349
26.6037461211513 3.130219505747388e-06 0.0008458243895251612
26.76378049816449 2.976086589374464e-06 0.0008041757512563464
26.92477755921884 2.829031229055202e-06 0.0007644395569926333
27.08674309532363 2.688754756474331e-06 0.0007265351028265256
27.24968293232387 2.554970033847311e-06 0.000690384800543883
27.41360293110984 2.427400540224651e-06 0.0006559139307319407
27.57850898782788 2.305780275881176e-06 0.000623050616944096
27.74440703409252 2.189853864852423e-06 0.0005917258534065222
27.91130303719981 2.079375624001548e-06 0.000561873253468425
28.07920300034196 1.974109214226946e-06 0.0005334289553539869
28.24811296282329 1.873827843625925e-06 0.0005063316770597279
28.41803900027744 1.778313664815384e-06 0.0004805225535030289
28.58898722488593 1.687357193006952e-06 0.00045594497927877
28.76096378559799 1.600757357031459e-06 0.0004325446224467781
28.93397486835177 1.518321342546976e-06 0.0004102693821646827
29.1080266962968 1.43986387278174e-06 0.0003890691943356745
29.28312553001787 1.365207055060516e-06 0.000368895990138013
29.4592776677602 1.294180495293669e-06 0.0003497037269614018
29.63648944565603 1.226620657112309e-06 0.000331448215237305
29.81476723795246 1.162370535605089e-06 0.0003140870302785568
29.99411745724076 1.101279763699527e-06 0.000297579541024922
30.17454655468706 1.043204272483933e-06 0.0002818868182578409
30.35606102026435 9.880058116444505e-07 0.00026697150501653
30.53866738298595 9.355519230356669e-07 0.0002527978094564315
30.72237221114033 8.857159026393881e-07 0.0002393314945699995
30.90718211252742 8.383762700149663e-07 0.0002265397348255542
31.09310373469621 7.934166050918503e-07 0.000214391072066592
31.28014376518396 7.507256341019763e-07 0.0002028554387317901
31.46830893175665 7.101968235861906e-07 0.0001919040481504736
31.65760600265105 6.717280981963631e-07 0.0001815093182892228
31.84804178681812 6.352218793582888e-07 0.0001716448821990728
32.03962313416796 6.00584914698816e-07 0.0001622855419245932
32.23235693581619 5.677279071619061e-07 0.0001534071682864177
32.42625012433181 5.365654533758827e-07 0.000144986684227305
32.62130967398656 5.070160557285551e-07 0.0001370020680749884
32.81754260100581 4.790017558613554e-07 0.0001294322545077155
33.01495596382091 4.524479854598726e-07 0.0001222570942359878
33.21355686332307 4.272836162373289e-07 0.0001154573675087206
33.4133524431188 4.034407226753858e-07 0.0001090147200028458
33.61434988978685 3.808543536970053e-07 0.0001029116011264694
33.81655643313671 3.594625309551129e-07 9.713126355644601e-05
34.01997934646867 3.392061755857356e-07 9.165774344616308e-05
34.22462594683541 3.200288377297888e-07 8.647578733895036e-05
34.43050359530524 3.018766268761663e-07 8.157083334591359e-05
34.63761969722685 2.846982347193487e-07 7.692901732234535e-05
34.84598170249565 2.684446994872994e-07 7.253710918618055e-05
35.0555971058218 2.530692801876661e-07 6.83824789377499e-05
35.26647344699975 2.385274778184595e-07 6.44531023911703e-05
35.47861831117944 2.247769079601178e-07 6.073752674712997e-05
35.69203932913916 2.11777126880694e-07 5.722482360433905e-05
35.90674417756002 1.994896103827443e-07 5.390458324369468e-05
36.12274057930207 1.878777296679752e-07 5.076690810660761e-05
36.34003630368208 1.769065652431428e-07 4.780236251005262e-05
36.55863916675303 1.665428433890157e-07 4.500195547968921e-05
36.77855703158521 1.567549532276185e-07 4.235714536164403e-05
36.9997978085491 1.475128062356792e-07 3.985980186129025e-05
37.22236945559986 1.387877364987698e-07 3.750217909067122e-05
37.4462799785636 1.305525037038806e-07 3.52769163771314e-05
37.67153743142533 1.227812309970737e-07 3.31770214716784e-05
37.89814991661868 1.154492798631061e-07 3.119583673989528e-05
38.12612558531732 1.085332232248801e-07 2.932703189307601e-05
38.35547263772817 1.020108417208998e-07 2.756460298234786e-05
38.58619932338635 9.586100333971637e-08 2.590283987439582e-05
38.81831394145193 9.006361118825822e-08 2.433631213781326e-05
39.05182484100842 8.459961187380517e-08 2.285987130801603e-05
39.2867404213631 7.945091775024473e-08 2.146862987721021e-05
39.52306913234914 7.460033226062019e-08 2.015794112101651e-05
39.76081947462954 7.003154368947428e-08 1.892339741027558e-05
40.00000000000288 6.572909824147848e-08 1.77608229365575e-05
