##########################################################################################
#
# SZ signal computed with SZpack v1.1.1
# Runmode: CNSN-basis
#
# General parameters:
# xmin= 0.1 xmax= 40 np= 1000
# Dtau= 0.01
# Te= 50keV (The ~ 0.0978476)
# betac= 0 muc= 1
# betao= 0 muo= 1
#
# Runmode specific parameters:
# eps= 0
# Te_order= 20 beta_order= 2
#
##########################################################################################
#
# Output format: x = (h nu/k T0) | x^3 Dn(x) | DI(x) in MJy/sr 
# Here a CMB temperature of T0 = 2.726 K is assumed.
#
##########################################################################################
0.1 -1.674855074095381e-05 -0.004525667506667721
0.1006015482792701 -1.695015814385818e-05 -0.004580144343890234
0.1012067151618632 -1.715418626116432e-05 -0.004635275288365399
0.1018155224154252 -1.736066401852052e-05 -0.004691068156164498
0.1024279919385451 -1.756962067512383e-05 -0.004747530853487867
0.1030441457615424 -1.778108582952258e-05 -0.004804671378232778
0.1036640060472596 -1.799508944351079e-05 -0.004862497826450039
0.1042875950918594 -1.82116618299941e-05 -0.004921018389065188
0.1049149353256267 -1.843083364946863e-05 -0.00498024135092706
0.1055460493137754 -1.865263593217284e-05 -0.005040175096793479
0.10618095975726 -1.887710008109176e-05 -0.005100828112143053
0.1068196894935924 -1.910425785887024e-05 -0.005162208979638958
0.1074622614976628 -1.933414140106378e-05 -0.005224326382709484
0.1081086988825668 -1.956678323633398e-05 -0.005287189111005097
0.1087590249004362 -1.980221626906941e-05 -0.005350806055702383
0.1094132629432757 -2.00404737823877e-05 -0.005415186210315251
0.1100714365438043 -2.028158946526532e-05 -0.005480338678025725
0.1107335693763015 -2.052559740371942e-05 -0.005546272669301188
0.1113996852574591 -2.077253207305672e-05 -0.005612997499799921
0.1120698081472377 -2.10224283595853e-05 -0.005680522596237901
0.1127439621497288 -2.12753215708548e-05 -0.005748857499155837
0.1134221715140214 -2.153124741846019e-05 -0.005818011858272533
0.1141044606350749 -2.179024202871376e-05 -0.005887995435368583
0.1147908540545956 -2.205234196949804e-05 -0.005958818111542379
0.1154813764619206 -2.231758423225012e-05 -0.006030489882342038
0.1161760526949047 -2.258600623139792e-05 -0.006103020857613085
0.1168749077408149 -2.285764583348751e-05 -0.006176421269369009
0.1175779667372284 -2.313254135394821e-05 -0.006250701470917162
0.118285254972937 -2.341073154438353e-05 -0.006325871933424604
0.118996797888857 -2.369225561274011e-05 -0.006401943251368003
0.119712621078944 -2.397715324199419e-05 -0.006478926147582964
0.1204327502911136 -2.426546456919424e-05 -0.006556831467601072
0.1211572114281675 -2.455723019296542e-05 -0.006635670181677695
0.1218860305487253 -2.48524912060235e-05 -0.006715453393577653
0.1226192338681618 -2.515128917893146e-05 -0.006796192336186054
0.12335684775955 -2.545366615488701e-05 -0.0068778983700998
0.1240988987546095 -2.57596646795038e-05 -0.006960582991674862
0.124845413544661 -2.606932780539772e-05 -0.007044257834265537
0.1255964189815867 -2.638269907404205e-05 -0.007128934663321504
0.1263519420787953 -2.669982253330816e-05 -0.007214625381127512
0.1271120100121947 -2.702074276523273e-05 -0.007301342034306457
0.1278766501211688 -2.734550486234757e-05 -0.007389096807423393
0.128645889909561 -2.76741544313151e-05 -0.007477902023967881
0.1294197570466637 -2.800673762959424e-05 -0.007567770156261563
0.1301982793682135 -2.83433011538847e-05 -0.007658713822335693
0.1309814848773924 -2.86838922291281e-05 -0.007750745782959071
0.1317694017458348 -2.902855863750578e-05 -0.007843878949473625
0.1325620583146414 -2.93773487328559e-05 -0.007938126387690101
0.1333594830953982 -2.973031141702193e-05 -0.008033501311497118
0.1341617047712022 -3.008749615380109e-05 -0.008130017086630213
0.1349687521976928 -3.044895300551335e-05 -0.00822768724055324
0.1357806544040905 -3.081473260868772e-05 -0.008326525455888507
0.13659744059424 -3.118488617277885e-05 -0.008426545570069985
0.1374191401476617 -3.155946551927638e-05 -0.008527761585911137
0.1382457826206078 -3.193852307786178e-05 -0.008630187670566449
0.1390773977471256 -3.232211186868359e-05 -0.008733838150741989
0.1399140154401271 -3.27102855290794e-05 -0.008838727519916
0.140755665792465 -3.310309833935012e-05 -0.008944870445303453
0.1416023790780148 -3.350060519414468e-05 -0.009052281760123815
0.1424541857527642 -3.390286161203884e-05 -0.009160976466189378
0.1433111164559082 -3.430992377943312e-05 -0.00927096974576702
0.1441732020109516 -3.472184852890628e-05 -0.009382276955729041
0.1450404734268171 -3.51386933315532e-05 -0.009494913625482774
0.1459129618989614 -3.556051633669942e-05 -0.009608895467701949
0.1467906988104967 -3.59873763787072e-05 -0.009724238380165753
0.1476737157333199 -3.641933295194721e-05 -0.009840958438995901
0.148562044429248 -3.685644623379503e-05 -0.009959071904870557
0.1494557168511607 -3.729877712246024e-05 -0.01007859523324623
0.1503547651441497 -3.77463872049215e-05 -0.01019954506569342
0.151259221646675 -3.819933876117972e-05 -0.01032193823104593
0.152169118891728 -3.865769481337947e-05 -0.010445791758674
0.1530844896080017 -3.912151911072929e-05 -0.01057112287440966
0.1540053667210681 -3.959087611397758e-05 -0.01069794899635189
0.1549317833545624 -4.006583103377695e-05 -0.01082628774523313
0.1558637728313743 -4.054644985071753e-05 -0.01095615694983257
0.156801368674847 -4.103279928298545e-05 -0.01108757463823705
0.1577446046099826 -4.152494680436785e-05 -0.01122055904270621
0.1586935145646554 -4.202296069356123e-05 -0.01135512861299629
0.1596481326708324 -4.25269100015512e-05 -0.01149130200754565
0.1606084932658007 -4.303686454911777e-05 -0.01162909809280073
0.1615746308934029 -4.355289497882643e-05 -0.01176853595726465
0.1625465803052792 -4.407507275049735e-05 -0.01190963491027297
0.1635243764621181 -4.460347011663567e-05 -0.0120524144753546
0.1645080545349132 -4.513816015744043e-05 -0.01219689439969169
0.1654976499062288 -4.567921681592488e-05 -0.01234309466360956
0.1664931981714723 -4.622671485910359e-05 -0.01249103547008897
0.1674947351401746 -4.67807298899908e-05 -0.01264073724800823
0.1685022968372784 -4.734133840621912e-05 -0.01279222066798271
0.1695159195044337 -4.790861777136404e-05 -0.01294550663461634
0.1705356396013016 -4.848264620376376e-05 -0.01310061628348061
0.1715614938068656 -4.906350282887476e-05 -0.01325757099526171
0.172593519020751 -4.965126768907559e-05 -0.0134163923984096
0.1736317523645521 -5.024602170938455e-05 -0.01357710235987454
0.1746762311831677 -5.084784672719646e-05 -0.0137397229931423
0.1757269930461439 -5.145682554316884e-05 -0.01390427667198426
0.1767840757490262 -5.207304187810432e-05 -0.0140707860188065
0.1778475173147181 -5.269658037765803e-05 -0.01423927390592179
0.1789173559948495 -5.332752667733547e-05 -0.01440976347311283
0.1799936302711521 -5.396596738290293e-05 -0.0145822781223389
0.1810763788568441 -5.461199004863041e-05 -0.01475684151185682
0.1821656406980222 -5.526568322737161e-05 -0.01493347756975319
0.1832614549750625 -5.592713649791527e-05 -0.01511221050133507
0.1843638611040305 -5.659644042111553e-05 -0.01529306477727585
0.1854728987380978 -5.727368656271914e-05 -0.01547606513978345
0.1865886077689693 -5.795896755893086e-05 -0.01566123662031692
0.1877110283283176 -5.865237707299539e-05 -0.01584860452785429
0.1888402007892269 -5.935400979072092e-05 -0.01603819444768306
0.1899761657676448 -6.006396148862439e-05 -0.0162300322598138
0.1911189641238435 -6.078232902857228e-05 -0.01642414413753211
0.1922686369638894 -6.150921032400383e-05 -0.01662055653827168
0.1934252256411219 -6.224470438506752e-05 -0.01681929621581069
0.1945887717576404 -6.298891136567282e-05 -0.01702039023298587
0.1957593171658014 -6.374193251132475e-05 -0.01722386594759666
0.1969369039697233 -6.450387017373776e-05 -0.01742975101635411
0.1981215745268011 -6.527482788790158e-05 -0.01763807341570503
0.19931337144923 -6.605491033438365e-05 -0.01784886143164561
0.2005123376055381 -6.684422332315893e-05 -0.01806214365535206
0.2017185161221286 -6.764287386150685e-05 -0.01827794900152722
0.2029319503848305 -6.845097016763011e-05 -0.01849630671208051
0.2041526840404598 -6.926862162415408e-05 -0.01871724634356288
0.205380760998389 -7.009593881582236e-05 -0.01894079777735264
0.2066162254321268 -7.09330335967236e-05 -0.01916699123782097
0.2078591217809067 -7.178001903289766e-05 -0.01939585727682343
0.2091094947512857 -7.2637009407051e-05 -0.01962742677497404
0.2103673893187526 -7.350412030304928e-05 -0.01986173096447632
0.2116328507293451 -7.438146858058628e-05 -0.02009880142227845
0.2129059245012778 -7.526917234498235e-05 -0.02033867006191247
0.2141866564265795 -7.61673510113023e-05 -0.02058136915081972
0.2154750925727398 -7.707612534079023e-05 -0.02082693132019599
0.2167712792843669 -7.799561738203252e-05 -0.02107538954909304
0.2180752631848539 -7.892595049914153e-05 -0.02132677717203417
0.2193870911780562 -7.986724945720664e-05 -0.02158112790210413
0.2207068104499787 -8.081964036513753e-05 -0.02183847581550474
0.2220344684704725 -8.178325066801618e-05 -0.02209885534948821
0.2233701129949433 -8.275820923459632e-05 -0.02236230132600067
0.2247137920660681 -8.374464635087759e-05 -0.02262884894994577
0.2260655540155243 -8.474269367402032e-05 -0.0228985337967319
0.2274254474657272 -8.575248428925364e-05 -0.02317139182764945
0.2287935213315797 -8.677415277245721e-05 -0.02344745940678123
0.2301698248222314 -8.780783511886166e-05 -0.02372677328173637
0.2315544074428487 -8.885366875997791e-05 -0.02400937058822489
0.2329473189963953 -8.991179266501614e-05 -0.02429528887746233
0.2343486095854241 -9.098234729199908e-05 -0.02458456610295996
0.2357583296138787 -9.20654745631093e-05 -0.02487724061386335
0.237176529788907 -9.316131794895023e-05 -0.02517335117772069
0.2386032611226849 -9.427002248925447e-05 -0.02547293698607846
0.2400385749342508 -9.539173473018068e-05 -0.02577603763753829
0.2414825228513524 -9.652660277016369e-05 -0.0260826931501462
0.2429351568123028 -9.767477634671483e-05 -0.02639294398484715
0.2443965290678495 -9.883640676106319e-05 -0.02670683102512212
0.2458666921830531 -0.0001000116468818983 -0.02702439557799953
0.2473456990391787 -0.0001012006512523951 -0.02734567940297464
0.2488336028355976 -0.000102403576057604 -0.02767072470319796
0.250330457091701 -0.0001036205790830811 -0.02799957411429656
0.2518363156488252 -0.0001048518197946499 -0.02833227072592687
0.2533512326721881 -0.0001060974593852269 -0.02866885809442727
0.2548752626528374 -0.0001073576606971672 -0.02900938022183514
0.2564084604096108 -0.0001086325882556732 -0.02935388156491416
0.2579508810911079 -0.000109922408376939 -0.02970240706437637
0.2595025801776736 -0.0001112272890939384 -0.03005500212482905
0.261063613483394 -0.0001125474001440167 -0.030411712611422
0.2626340371581039 -0.0001138829130780748 -0.03077258487935035
0.2642139076894062 -0.0001152340012511076 -0.03113766577129799
0.2658032819047042 -0.0001166008397618844 -0.03150700260113836
0.2674022169732455 -0.0001179836055227201 -0.03188064317278762
0.2690107704081783 -0.0001193824773353095 -0.03225863580069597
0.2706290000686201 -0.0001207976358013641 -0.03264102928570054
0.2722569641617388 -0.0001222292633413708 -0.03302787292009431
0.2738947212448469 -0.0001236775443172962 -0.03341921652078229
0.2755423302275071 -0.0001251426649697335 -0.03381511041229794
0.2771998503736515 -0.0001266248133852984 -0.03421560541799294
0.2788673413037137 -0.0001281241796015426 -0.03462075288838624
0.2805448629967726 -0.0001296409556291654 -0.03503060470716601
0.2822324757927104 -0.0001311753353704427 -0.03544521326914792
0.283930240394383 -0.0001327275146737354 -0.03586463149500415
0.285638217869803 -0.0001342976914404432 -0.0362889128601636
0.2873564696543368 -0.0001358860655282263 -0.03671811136866116
0.2890850575529139 -0.0001374928387519877 -0.03715228155340316
0.2908240437422505 -0.0001391182150141041 -0.03759147851135739
0.2925734907730859 -0.0001407624002626352 -0.03803575789226076
0.294333461572432 -0.0001424256024357266 -0.03848517588359618
0.2961040194458372 -0.0001441080315565096 -0.03893978923623576
0.2978852280796634 -0.0001458098997899959 -0.03939965527981444
0.2996771515433765 -0.000147531421343 -0.03986483189568772
0.3014798542918515 -0.0001492728125011417 -0.04033537752693029
0.3032934011676903 -0.0001510342917595381 -0.04081135121365058
0.3051178574035545 -0.0001528160797287971 -0.04129281256758905
0.3069532886245115 -0.0001546183991149704 -0.04177982176670125
0.3087997608503953 -0.0001564414748489897 -0.04227243959013304
0.3106573404981812 -0.000158285534074689 -0.04277072741498415
0.3125260943843745 -0.0001601508060687908 -0.04327474719468738
0.3144060897274139 -0.0001620375223202581 -0.04378456148045053
0.3162973941500897 -0.0001639459166225886 -0.04430023344619549
0.3182000756819758 -0.0001658762249595857 -0.04482182685769208
0.3201142027618771 -0.0001678286855227192 -0.04534940607724907
0.3220398442402905 -0.000169803538855994 -0.0458830361028597
0.3239770693818822 -0.0001718010277767375 -0.04642278254679728
0.3259259478679787 -0.0001738213973305475 -0.04696871162344156
0.3278865497990735 -0.0001758648949121182 -0.0475208901819275
0.3298589456973481 -0.000177931770289322 -0.04807938571265245
0.3318432065092091 -0.0001800222754993899 -0.04864426631922278
0.3338394036078401 -0.0001821366649081664 -0.04921560073446527
0.3358476087957689 -0.0001842751953340437 -0.04979345835391576
0.3378678943074497 -0.0001864381259273621 -0.05037790920323152
0.3399003328118625 -0.0001886257181653922 -0.05096902393683549
0.3419449974151257 -0.0001908382360008838 -0.05156687387805595
0.3440019616631268 -0.0001930759458087017 -0.05217153100470693
0.3460712995441669 -0.0001953391163131889 -0.05278306792946077
0.3481530854916227 -0.0001976280186929959 -0.05340155792817434
0.3502473943866234 -0.0001999429266438456 -0.05402707495684895
0.3523543015607447 -0.000202284116254079 -0.05465969361800112
0.3544738827987177 -0.0002046518660407728 -0.05529948917042209
0.3566062143411555 -0.0002070464570961096 -0.05594653756872893
0.3587513728872951 -0.0002094681729719585 -0.05660091543217664
0.3609094355977566 -0.0002119172996488884 -0.05726270003628524
0.3630804800973185 -0.0002143941256779993 -0.05793196935116432
0.3652645844777097 -0.000216898942161777 -0.05860880203633987
0.3674618273004187 -0.0002194320426535118 -0.05929327741357571
0.369672287599519 -0.0002219937232397337 -0.05998547548914877
0.3718960448845125 -0.0002245842826394447 -0.06068547698066272
0.374133179143189 -0.0002272040220653279 -0.06139336327954502
0.3763837708445035 -0.0002298532452347993 -0.06210921645403319
0.3786479009414707 -0.0002325322585253825 -0.06283311929115908
0.3809256508740766 -0.0002352413708777937 -0.06356515527056115
0.3832171025722083 -0.0002379808937355627 -0.06430540854816937
0.3855223384586003 -0.0002407511411704313 -0.06505396399008936
0.3878414414518001 -0.0002435524299016786 -0.06581090717782447
0.3901744949691499 -0.0002463850791699898 -0.06657632437419329
0.3925215829297878 -0.0002492494107927617 -0.06735030253827423
0.3948827897576659 -0.0002521457492917093 -0.0681329293598861
0.3972582003845871 -0.000255074421749626 -0.06892429322088317
0.3996479002532602 -0.0002580357577940907 -0.06972448319075242
0.402051975320373 -0.0002610300897479562 -0.07053358906727762
0.4044705120596843 -0.0002640577525614402 -0.07135170135818922
0.4069035974651345 -0.0002671190837212989 -0.07217891125662206
0.4093513190539743 -0.0002702144233512444 -0.07301531066824944
0.4118137648699132 -0.0002733441142684192 -0.07386099222654316
0.4142910234862858 -0.0002765085018372492 -0.07471604925328275
0.4167831840092382 -0.0002797079339951437 -0.07558057576550002
0.4192903360809331 -0.0002829427613939995 -0.07645466651371519
0.4218125698827739 -0.0002862133372655274 -0.07733841694554643
0.4243499761386489 -0.0002895200173750739 -0.07823192319323187
0.4269026461181943 -0.0002928631601542138 -0.0791352821094579
0.429470671640077 -0.0002962431266673303 -0.08004859125832849
0.4320541450752978 -0.0002996602804924974 -0.08097194888317831
0.4346531593505136 -0.0003031149877903312 -0.0819054539251772
0.43726780795138 -0.0003066076173895608 -0.08284920604645232
0.4398981849259138 -0.0003101385406296988 -0.08380330558757597
0.4425443848878763 -0.0003137081313563157 -0.08476785356628858
0.4452065030201759 -0.000317316766058109 -0.08574295171453646
0.4478846350782926 -0.0003209648237533387 -0.08672870244778526
0.4505788773937215 -0.0003246526859126153 -0.08772520884415644
0.4532893268774382 -0.0003283807365623408 -0.08873257467237813
0.4560160810233846 -0.0003321493622844681 -0.08975090439172032
0.458759237911976 -0.0003359589520748283 -0.09078030311371293
0.4615188962136283 -0.0003398098973766054 -0.09182087661119123
0.464295155192308 -0.000343702592179692 -0.09287273134514298
0.4670881147091019 -0.0003476374328638557 -0.09393597442232995
0.4698978752258099 -0.0003516148181631939 -0.09501071358568323
0.4727245378085577 -0.0003556351492811621 -0.09609705724538532
0.4755682041314329 -0.0003596988298045461 -0.0971951144556243
0.4784289764801414 -0.0003638062655979114 -0.09830499488607274
0.4813069577556875 -0.0003679578648692084 -0.09942680883961508
0.4842022514780743 -0.0003721540381931375 -0.1005606672586612
0.487114961790028 -0.00037639519835612 -0.1017066816832556
0.4900451934607434 -0.000380681760353918 -0.102864964250434
0.4929930518896525 -0.000385014141482992 -0.10403562771891
0.4959586431102161 -0.0003893927611965297 -0.1052187854301714
0.4989420737937372 -0.0003938180410388686 -0.106414551290761
0.5019434512531983 -0.0003982904047233705 -0.1076230397933189
0.504962883447121 -0.0004028102780716025 -0.1088443660001488
0.5080004789834501 -0.0004073780888866159 -0.110078645508976
0.5110563471234592 -0.0004119942669756681 -0.1113259944590873
0.5141305977856812 -0.0004166592441787537 -0.1125865295390406
0.5172233415498623 -0.0004213734542120422 -0.1138603679443596
0.520334689660939 -0.0004261373326317587 -0.115147627367774
0.52346475403304 -0.0004309513168937321 -0.1164484260153101
0.5266136472535116 -0.0004358158462295433 -0.1177628825728247
0.5297814825869668 -0.0004407313615553069 -0.1190911161813565
0.5329683739793606 -0.0004456983055010723 -0.1204332464450709
0.5361744360620875 -0.0004507171223622106 -0.121789393418124
0.5393997841561053 -0.0004557882579629881 -0.1231596775677983
0.5426445342760833 -0.0004609121596358706 -0.1245442197689107
0.5459088031345746 -0.0004660892762288427 -0.1259431413057905
0.5491927081462149 -0.0004713200579593193 -0.1273565638328038
0.5524963674319456 -0.0004766049563485732 -0.1287846093566355
0.5558198998232626 -0.0004819444242288689 -0.1302274002382168
0.5591634248664905 -0.000487338915635547 -0.1316850591635652
0.5625270628270829 -0.0004927888857004198 -0.1331577091149783
0.565910934693948 -0.0004982947906264647 -0.1346454733641963
0.5693151621838011 -0.0005038570876268095 -0.1361484754559141
0.5727398677455418 -0.0005094762347931497 -0.137666839172227
0.5761851745646592 -0.0005151526910358597 -0.1392006885164473
0.5796512065676627 -0.0005208869160393073 -0.1407501477010303
0.5831380884265391 -0.0005266793701332097 -0.1423153411128124
0.5866459455632378 -0.0005325305142059759 -0.1438963932895956
0.5901749041541815 -0.0005384408096443633 -0.145493428903842
0.5937250911348052 -0.0005444107182230065 -0.1471065727328229
0.5972966342041217 -0.0005504407019985462 -0.148735949630011
0.6008896618293151 -0.0005565312232297374 -0.1503816845034931
0.6045043032503616 -0.0005626827442688906 -0.1520439022866356
0.6081406884846782 -0.000568895727449766 -0.1537227279077926
0.6117989483317994 -0.0005751706349969366 -0.1554182862658142
0.6154792143780822 -0.0005815079289008079 -0.1571307021962759
0.619181619001439 -0.0005879080708000648 -0.1588601004397134
0.6229062953760992 -0.0005943715218894007 -0.1606066056166907
0.6266533774773996 -0.000600898742784097 -0.1623703421912075
0.6304230000866031 -0.0006074901933726619 -0.16415143443088
0.6342152987957473 -0.000614146332732598 -0.1659500063841808
0.6380304100125211 -0.0006208676190027951 -0.1677661818459575
0.6418684709651717 -0.000627654509184413 -0.169600084303629
0.6457296197074404 -0.0006345074590610074 -0.1714518369156021
0.6496139951235281 -0.0006414269230891573 -0.1733215624817182
0.6535217369330918 -0.000648413354167367 -0.1752093833808073
0.6574529856962692 -0.0006554672035113623 -0.1771154215369918
0.6614078828187353 -0.000662588920578448 -0.1790397983992465
0.6653865705567885 -0.0006697789528560569 -0.1809826348842625
0.6693891920224675 -0.000677037745630439 -0.1829440513139436
0.673415891188699 -0.0006843657419447574 -0.1849241674040838
0.6774668128944764 -0.0006917633824377155 -0.1869231022207617
0.6815421028500694 -0.0006992311050174916 -0.1889409740922343
0.6856419076422656 -0.0007067693447983988 -0.190977900591821
0.6897663747396426 -0.0007143785339996183 -0.1930339985105407
0.693915652497873 -0.0007220591016094808 -0.1951093837663959
0.6980898901650602 -0.0007298114731914631 -0.1972041713519512
0.702289237887107 -0.0007376360708588296 -0.1993184753274802
0.7065138467131162 -0.0007455333130043126 -0.2014524087479228
0.7107638686008243 -0.0007535036139224791 -0.2036060835608431
0.7150394564220665 -0.0007615473838263001 -0.2057796106109072
0.7193407639682761 -0.0007696650286727541 -0.2079730995927588
0.7236679459560159 -0.0007778569496809288 -0.2101866589208045
0.728021158032544 -0.0007861235432544086 -0.2124203957082417
0.7324005567814114 -0.000794465200921682 -0.2146744157509558
0.736806299728095 -0.0008028823088951299 -0.216948823408354
0.7412385453456634 -0.0008113752477462146 -0.2192437215155965
0.7456974530604773 -0.0008199443924626019 -0.2215592113990321
0.7501831832579239 -0.0008285901121387513 -0.2238953927925919
0.754695897288186 -0.0008373127693946515 -0.2262523636807237
0.7592357574720454 -0.0008461127204489527 -0.2286302203181541
0.7638029271067222 -0.0008549903149624188 -0.2310290571875868
0.7683975704717476 -0.000863945895387427 -0.2334489668239296
0.7730198528348741 -0.0008729797968155004 -0.2358900397730952
0.7776699404580188 -0.0008820923470038838 -0.2383523645991832
0.7823480006032453 -0.0008912838658470848 -0.2408360277416833
0.7870542015387785 -0.0009005546648392464 -0.2433411133702016
0.7917887125450584 -0.000909905047242588 -0.245867703429976
0.7965517039208285 -0.0009193353077689669 -0.2484158775558296
0.8013433469892614 -0.0009288457317534438 -0.2509857128488581
0.8061638141041211 -0.0009384365952464436 -0.2535772839013324
0.8110132786559631 -0.0009481081649235475 -0.2561906627723242
0.8158919150783704 -0.0009578606972748823 -0.2588259187686677
0.8207998988542287 -0.0009676944382842317 -0.2614831183582522
0.8257374065220374 -0.0009776096235937712 -0.2641623252145355
0.8307046156822607 -0.0009876064779242024 -0.2668636000598567
0.8357017050037151 -0.0009976852142361979 -0.269587000438848
0.8407288542299962 -0.001007846034021739 -0.2723325807971584
0.8457862441859444 -0.001018089127017769 -0.2751003924040791
0.8508740567841485 -0.001028414670120206 -0.2778904830590949
0.8559924750314897 -0.001038822827414431 -0.280702897100125
0.8611416830357236 -0.001049313750217144 -0.2835376754148303
0.8663218660121029 -0.001059887576135837 -0.2863948551864732
0.8715332102900397 -0.001070544428462733 -0.2892744697301519
0.8767759033198074 -0.001081284416531369 -0.2921765485891527
0.882050133679283 -0.001092107635132157 -0.2951011173770285
0.8873560910807308 -0.001103014163288079 -0.2980481974467756
0.8926939663776258 -0.001114004064666244 -0.3010178060020416
0.8980639515715189 -0.001125077387379778 -0.3040099560435941
0.9034662398189428 -0.001136234162637067 -0.307024656004328
0.9089010254383604 -0.001147474404606386 -0.3100619097126888
0.9143685039171535 -0.001158798110664306 -0.3131217164597929
0.9198688719186553 -0.001170205260375484 -0.3162040707237555
0.9254023272892237 -0.0011816958144819 -0.3193089618965695
0.9309690690653579 -0.00119326971547577 -0.3224363744389137
0.9365692974808579 -0.001204926887070577 -0.3255862877372185
0.9422032139740265 -0.001216667232594271 -0.3287586756694899
0.9478710211949153 -0.001228490635384659 -0.3319535067121461
0.9535729230126136 -0.001240396958771769 -0.3351707439352548
0.9593091245225821 -0.001252386044547428 -0.3384103445889926
0.9650798320540293 -0.001264457712489964 -0.3416722599752134
0.9708852531773335 -0.001276611760887216 -0.3449564355887731
0.9767255967115094 -0.001288847965512994 -0.3482628108409563
0.9826010727317186 -0.001301166078113882 -0.3515913186505901
0.9885118925768263 -0.001313565827190894 -0.354941885655259
0.9944582688570029 -0.001326046917594432 -0.3583144321018574
1.000440415461372 -0.001338609028550427 -0.3617088713132267
1.006458547565703 -0.001351251813909903 -0.3651251097555923
1.012512881640152 -0.001363974902417909 -0.3685630471112312
1.018603635457047 -0.001376777896066364 -0.3720225758333913
1.024731028098722 -0.001389660369106689 -0.3755035808794912
1.030895279965397 -0.001402621868929841 -0.3790059399489172
1.037096612783106 -0.001415661915135559 -0.3825295232315208
1.043335249611672 -0.001428779997426784 -0.3860741928386661
1.04961141485273 -0.001441975576543647 -0.3896398030556041
1.055925334257799 -0.001455248084086597 -0.3932262002936799
1.062277234936404 -0.001468596920242349 -0.3968332224758558
1.068667345364243 -0.001482021453696613 -0.4004606990131288
1.075095895391404 -0.001495521022298335 -0.4041084509840176
1.081563116250635 -0.001509094931404891 -0.407776290687413
1.088069240565661 -0.001522742452238899 -0.4114640211985677
1.094614502359551 -0.001536462823140874 -0.4151714367075803
1.101199137063137 -0.001550255248819214 -0.4188983223167311
1.107823381523478 -0.001564118897700045 -0.4226444533243777
1.114487474012384 -0.001578052902837032 -0.4264095954707968
1.121191654234987 -0.001592056362095125 -0.4301935049878352
1.127936163338358 -0.00160612833569798 -0.4339959279361923
1.134721243920186 -0.001620267845588267 -0.4378166000325672
1.141547140037501 -0.001634473876583373 -0.4416552469619435
1.148414097215454 -0.001648745374846417 -0.4455115839644394
1.155322362456149 -0.00166308124548762 -0.449385315187168
1.162272184247527 -0.00167748035414784 -0.4532761341121266
1.169263812572304 -0.001691941526540306 -0.45718372343237
1.176297498916961 -0.001706463545370745 -0.4611077542197879
1.183373496280794 -0.001721045150984362 -0.4650478860999288
1.19049205918501 -0.001735685042058583 -0.4690037674391869
1.197653443681885 -0.001750381873132451 -0.4729750346772144
1.204857907363973 -0.001765134253214304 -0.4769613119506981
1.212105709373372 -0.001779940747487312 -0.4809622115542179
1.219397110411042 -0.001794799876046526 -0.4849773335989807
1.22673237274619 -0.001809710110751278 -0.4890062651623003
1.234111760225694 -0.001824669876995902 -0.493048580766067
1.241535538283603 -0.001839677553685187 -0.4971038423701171
1.249003973950675 -0.001854731469900679 -0.5011715984714231
1.256517335863991 -0.001869829905029883 -0.5052513841390086
1.264075894276612 -0.00188497109009561 -0.509342721373152
1.271679921067302 -0.001900153205454645 -0.5134451184835391
1.279329689750306 -0.001915374378521763 -0.5175580694742645
1.287025475485191 -0.001930632686014752 -0.5216810546504634
1.294767555086741 -0.00194592615308865 -0.5258135403843719
1.302556207034913 -0.001961252749599129 -0.5299549781056471
1.310391711484858 -0.001976610391787838 -0.5341048047567688
1.318274350276994 -0.001991996942871986 -0.5382624429523494
1.326204406947145 -0.002007410209695251 -0.5424273000741709
1.334182166736741 -0.002022847942077951 -0.5465987680955909
1.342207916603075 -0.002038307834878912 -0.5507762241386857
1.350281945229628 -0.002053787526074751 -0.5549590299552482
1.358404543036452 -0.002069284593575719 -0.5591465310663906
1.366576002190616 -0.002084796557899528 -0.5633380574850433
1.374796616616712 -0.002100320881847367 -0.5675329236284117
1.383066682007434 -0.002115854966446954 -0.5717304272217389
1.391386495834208 -0.00213139615223694 -0.5759298496453668
1.399756357357896 -0.002146941720632114 -0.5801304563036305
1.408176567639557 -0.002162488890823654 -0.5843314957872699
1.416647429551278 -0.002178034818197335 -0.588532199446008
1.425169247787069 -0.002193576597134323 -0.5927317821453607
1.433742328873819 -0.002209111259651716 -0.596929441899294
1.442366981182327 -0.002224635771484757 -0.6011243588115898
1.45104351493839 -0.002240147034943036 -0.6053156958476263
1.459772242233963 -0.002255641889293606 -0.6095025989379012
1.468553477038385 -0.00227111710672174 -0.6136841958865775
1.477387535209671 -0.002286569392931097 -0.6178595965336566
1.486274734505876 -0.002301995389388097 -0.6220278933614358
1.495215394596523 -0.002317391670748876 -0.6261881607992396
1.504209837074101 -0.002332754742333902 -0.6303394545410287
1.513258385465633 -0.002348081043572087 -0.634480812476044
1.522361365244312 -0.002363366947348231 -0.6386112545124756
1.531519103841213 -0.002378608755729326 -0.6427297814226582
1.540731930657063 -0.002393802702643062 -0.6468353755668365
1.550000177074097 -0.002408944955137841 -0.6509270012336359
1.55932417646797 -0.002424031609731762 -0.6550036036535142
1.568704264219756 -0.002439058692156691 -0.6590641089296051
1.578140777728008 -0.002454022160488638 -0.6631074248835852
1.587634056420891 -0.002468917903349267 -0.6671324405696998
1.597184441768398 -0.002483741736639241 -0.6711380253920721
1.606792277294626 -0.002498489407398337 -0.6751230301477534
1.616457908590138 -0.002513156593990473 -0.6790862870767218
1.626181683324388 -0.002527738901960034 -0.6830266087422074
1.635963951258232 -0.002542231866204108 -0.6869427886176589
1.645805064256506 -0.002556630953205251 -0.6908336016900646
1.655705376300682 -0.002570931558133645 -0.694697803676919
1.665665243501602 -0.002585129003756498 -0.6985341307315288
1.675685024112287 -0.002599218544335243 -0.7023413004960857
1.685765078540822 -0.002613195364777554 -0.7061180118725289
1.695905769363321 -0.002627054577082866 -0.7098629440620819
1.70610746133697 -0.002640791224270752 -0.7135747576267482
1.716370521413142 -0.002654400281513545 -0.7172520947953599
1.726695318750602 -0.002667876652632802 -0.7208935785168787
1.737082224728785 -0.0026812151715938 -0.7244978128642275
1.747531612961148 -0.002694410605674914 -0.7280633838906955
1.758043859308618 -0.002707457653629601 -0.7315888591332836
1.768619341893104 -0.002720350944043429 -0.7350727871687531
1.779258441111101 -0.002733085039742106 -0.7385136988047303
1.789961539647373 -0.002745654437973752 -0.7419101071289578
1.800729022488719 -0.002758053567227065 -0.7452605066495254
1.811561276937818 -0.002770276790853586 -0.7485633742736484
1.822458692627162 -0.002782318409186975 -0.7518171698803249
1.83342166153307 -0.002794172657143758 -0.7550203356720261
1.844450577989788 -0.002805833705123256 -0.7581712964178691
1.855545838703674 -0.002817295662914822 -0.7612684605094014
1.866707842767465 -0.00282855257910994 -0.7643102198017417
1.877936991674634 -0.002839598439474015 -0.7672949491736177
1.88923368933383 -0.002850427171500383 -0.7702210077579175
1.90059834208341 -0.002861032645620579 -0.7730867392687168
1.912031358706049 -0.002871408673063938 -0.7758904714229194
1.923533150443451 -0.00288154900902444 -0.7786305167959749
1.935104131011135 -0.00289144735562109 -0.7813051736218134
1.946744716613318 -0.002901097360934297 -0.7839127255324611
1.958455325957888 -0.002910492619737591 -0.7864514417557598
1.970236380271462 -0.002919626677775847 -0.7889195782713969
1.982088303314539 -0.002928493032452528 -0.7913153779966071
1.994011521396743 -0.002937085132023285 -0.7936370705682726
2.006006463392153 -0.0029453963798955 -0.7958828735047123
2.018073560754737 -0.002953420136767251 -0.7980509927836592
2.030213247533863 -0.002961149720123247 -0.8001396227060543
2.042425960389917 -0.002968578407045241 -0.8021469466554554
2.05471213861001 -0.00297569943768782 -0.8040711380372388
2.067072224123773 -0.00298250601594107 -0.80591036045766
2.079506661519261 -0.002988991310698336 -0.8076627680664185
2.092015898058938 -0.002995148460032054 -0.8093265066850184
2.104600383695769 -0.003000970573012829 -0.8108997142983084
2.117260571089404 -0.003006450730577241 -0.8123805212889715
2.129996915622458 -0.003011581989373513 -0.8137670514766734
2.142809875416892 -0.003016357384520516 -0.8150574228635806
2.155699911350493 -0.003020769931077604 -0.8162497480315275
2.16866748707345 -0.003024812627089017 -0.8173421349646518
2.181713069025031 -0.003028478457008864 -0.8183326879748685
2.194837126450363 -0.003031760393880647 -0.8192195082908045
2.208040131417308 -0.003034651402133966 -0.8200006948135022
2.221322558833443 -0.003037144441182414 -0.8206743450886169
2.234684886463145 -0.003039232468049117 -0.8212385560158693
2.248127594944775 -0.003040908440548978 -0.8216914247089284
2.261651167807962 -0.003042165320906167 -0.8220310494729024
2.275256091491004 -0.003042996078556095 -0.8222555305614659
2.288942855358358 -0.003043393693628619 -0.8223629711180679
2.302711951718243 -0.003043351161169658 -0.8223514783166623
2.316563875840352 -0.003042861493831284 -0.8222191640886058
2.330499125973664 -0.003041917725209828 -0.8219641460246551
2.344518203364364 -0.003040512915150882 -0.8215845488084454
2.358621612273878 -0.003038640152522136 -0.8210785049657451
2.372809859997005 -0.003036292558086324 -0.8204441556407606
2.387083456880169 -0.003033463290270518 -0.8196796521550744
2.401442916339774 -0.00303014554926926 -0.8187831571163593
2.415888754880671 -0.003026332579067716 -0.8177528449650623
2.430421492114737 -0.003022017672612744 -0.8165869033716903
2.445041650779565 -0.003017194178380251 -0.8152835350113928
2.459749756757268 -0.003011855501667909 -0.8138409579132703
2.474546339093393 -0.003005995108499936 -0.8122574065154922
2.489431930015952 -0.002999606534083518 -0.8105311339503315
2.504407064954564 -0.002992683384994556 -0.8086604126347778
2.519472282559719 -0.002985219341438389 -0.806643534881415
2.534628124722145 -0.002977208165420491 -0.8044788151062443
2.549875136592308 -0.002968643706458532 -0.8021645913721541
2.565213866600017 -0.002959519901878631 -0.7996992254689731
2.580644866474148 -0.002949830782983892 -0.7970811045802839
2.596168691262497 -0.002939570485046145 -0.7943086439833172
2.611785899351737 -0.002928733246835613 -0.7913802869218615
2.627497052487508 -0.002917313414238588 -0.7882945055838043
2.64330271579462 -0.002905305451881194 -0.7850498042420181
2.659203457797384 -0.002892703945640171 -0.7816447199328055
2.675199850440056 -0.002879503603143486 -0.7780778225911718
2.691292469107416 -0.002865699263597408 -0.77434771770622
2.707481892645458 -0.002851285906478775 -0.7704530486699137
2.723768703382218 -0.002836258649203173 -0.766392496146988
2.740153487148712 -0.002820612753310615 -0.7621647797463975
2.756636833300016 -0.002804343638450783 -0.7577686618003024
2.77321933473646 -0.002787446880365373 -0.7532029468188755
2.789901587924954 -0.002769918213073546 -0.7484664820808349
2.806684192920446 -0.002751753543044588 -0.7435581614630767
2.823567753387507 -0.002732948953319764 -0.7384769265544489
2.840552876622036 -0.002713500701055772 -0.7332217659919649
2.857640173573115 -0.002693405227856425 -0.7277917182525494
2.874830258864976 -0.002672659172511501 -0.7221858750952387
2.892123750819116 -0.002651259365556563 -0.7164033800911719
2.909521271476531 -0.00262920283434507 -0.7104434299941421
2.927023446620097 -0.0026064868205806 -0.7043052794780201
2.944630905797074 -0.002583108777812974 -0.6979882404601767
2.962344282341753 -0.002559066370792951 -0.691491681927113
2.980164213398238 -0.00253435749090812 -0.6848150341054301
2.998091339943359 -0.002508980263346489 -0.6779577903975219
3.016126306809736 -0.002482933040655434 -0.670919505641122
3.034269762708964 -0.002456214412116148 -0.6636997986423967
3.052522360254954 -0.002428823220925968 -0.6562983568188242
3.070884755987404 -0.00240075855580005 -0.6487149339298629
3.089357610395416 -0.002372019753612737 -0.6409493507906815
3.107941587941251 -0.002342606419197952 -0.6330015006224727
3.126637357084233 -0.002312518423855757 -0.6248713486489064
3.14544559030479 -0.002281755900513302 -0.6165589307885579
3.164366964128648 -0.002250319258666569 -0.6080643576923542
3.183402159151157 -0.002218209195615952 -0.5993878177795671
3.202551860061779 -0.002185426685521633 -0.5905295742804392
3.221816755668715 -0.002151972986339529 -0.5814899671103645
3.241197538923678 -0.002117849660579959 -0.5722694184791381
3.260694906946819 -0.002083058565076883 -0.5628684301264781
3.280309561051807 -0.002047601849765714 -0.5532875829917735
3.300042206771049 -0.002011481977724975 -0.543527542629591
3.319893553881069 -0.001974701726208333 -0.5335890594885444
3.339864316428041 -0.001937264176648681 -0.5234729662102713
3.359955212753471 -0.001899172727144961 -0.5131801810035292
3.380166965520037 -0.001860431107850153 -0.502711711802222
3.400500301737581 -0.001821043365817112 -0.4920686521705568
3.42095595278926 -0.001781013868191773 -0.4812521821658861
3.441534654457853 -0.001740347324366321 -0.470263574324773
3.46223714695223 -0.001699048775767337 -0.4591041909036189
3.483064174933973 -0.001657123589501654 -0.4477754821616954
3.504016487544163 -0.00161457747624874 -0.4362789911958894
3.525094838430328 -0.001571416494696733 -0.4246163551393753
3.546299985773546 -0.001527647036197635 -0.4127893010152566
3.567632692315724 -0.001483275833052251 -0.4007996479752599
3.589093725387028 -0.001438309976707157 -0.3886493122167827
3.610683856933487 -0.0013927568997055 -0.3763403021057748
3.632403863544755 -0.001346624374028178 -0.3638747177285034
3.654254526482051 -0.001299920531748063 -0.3512547564725831
3.676236631706256 -0.001252653856715452 -0.3384827107802807
3.698350969906183 -0.001204833172129988 -0.325560964790292
3.720598336527025 -0.00115646765400788 -0.3124919979767546
3.742979531798957 -0.001107566841006825 -0.2992783878040629
3.765495360765927 -0.001058140609647526 -0.285922803031414
3.788146633314612 -0.001008199177740129 -0.2724280046386729
3.810934164203546 -0.0009577531316961554 -0.2587968532063984
3.833858773092431 -0.0009068133982047553 -0.2450323012624125
3.856921284571616 -0.0008553912372718711 -0.2311373914008958
3.880122528191761 -0.0008034982630328413 -0.2171152619062129
3.903463338493672 -0.0007511464355321012 -0.2029691445316847
3.926944555038322 -0.0006983480435283508 -0.1887023598533305
3.950567022437048 -0.0006451157120840285 -0.1743183193206381
3.974331590381932 -0.0005914624111430829 -0.1598205275743849
3.998239113676364 -0.0005374014331243423 -0.1452125763920871
4.02229045226579 -0.0004829463901565886 -0.1304981439408812
4.046486471268643 -0.0004281112284335891 -0.1156809986564341
4.070828041007458 -0.0003729102109258383 -0.1007649945714384
4.095316037040186 -0.0003173579049098432 -0.08575406794587101
4.119951340191675 -0.0002614691915112613 -0.07065223984566713
4.144734836585366 -0.00020525926174525 -0.0554636150727738
4.169667417675155 -0.0001487435957497443 -0.04019237655372208
4.194749980277468 -9.193796325218351e-05 -0.02484278546574248
4.219983426603512 -3.485843047598516e-05 -0.009419183102980389
4.24536866429173 2.24786625028089e-05 0.006074015242020806
4.270906606440451 8.005670981019671e-05 0.02163232245479055
4.296598171640729 0.0001378588320104347 0.03725117750106045
4.322444284009386 0.0001958678913101498 0.05292594953510515
4.348445873222255 0.0002540665076735896 0.06865194225428416
4.374603874547618 0.0003124370569355677 0.08442439338913608
4.400919228879844 0.000370961675323109 0.1002384759251836
4.42739288277324 0.0004296222809453328 0.1160893039097683
4.454025788476091 0.0004884005793222916 0.1319719339460119
4.480818903964917 0.0005472780618463399 0.1478813647770587
4.50777319297893 0.0006062360265165805 0.1638125428887821
4.534889625054696 0.0006652555898121922 0.1797603657181057
4.562169175561013 0.0007243176871302373 0.1957196817713048
4.589612825733993 0.0007834030865761676 0.2116852943503727
4.617221562712357 0.0008424924062405468 0.2276519662214073
4.644996379572944 0.0009015661197137577 0.2436144211047535
4.672938275366425 0.0009606045636409983 0.2595673457164576
4.701048255153248 0.001019587957154741 0.2755053950191604
4.729327330039782 0.001078496411799503 0.291423194903894
4.757776517214689 0.001137309938130209 0.3073153439730417
4.786396839985513 0.001196008463041526 0.323176418222941
4.815189327815487 0.00125457184292758 0.3390009745998025
4.844155016360561 0.001312979872601055 0.3547835534097632
4.873294947506656 0.00137121229965568 0.3705186821998084
4.902610169407141 0.001429248839300799 0.3862008797662584
4.932101736520533 0.001487069185238107 0.401824659093798
4.961770709648425 0.001544653023751622 0.4173845311627632
4.991618155973645 0.001601980048338295 0.432875008902515
5.021645149098641 0.001659029971178267 0.4482906102908449
5.051852769084097 0.001715782538544389 0.4636258625178206
5.082242102487784 0.001772217545725155 0.4788753060181488
5.112814242403641 0.00182831484771817 0.4940334973606825
5.1435702885011 0.001884054374481277 0.5090950133694679
5.174511347064628 0.001939416149132174 0.5240544560415061
5.205638531033534 0.001994380296834681 0.5389064549479354
5.23695296004199 0.002048927057799607 0.5536456707470263
5.26845576045931 0.002103036809625725 0.5682668012209915
5.300148065430462 0.002156690076237307 0.582764583691022
5.332031014916829 0.002209867537341266 0.5971337975727223
5.364105755737212 0.00226255005092375 0.6113692704549719
5.39637344160908 0.002314718668132671 0.6254658821213707
5.42883523319007 0.002366354637696121 0.6394185657441496
5.461492298119737 0.002417439424002734 0.6532223127697107
5.494345811061548 0.002467954731500994 0.6668721795116249
5.52739695374514 0.002517882505424217 0.6803632873465295
5.560646915008824 0.002567204943265069 0.6936908258146889
5.594096890842349 0.00261590452432971 0.7068500606058913
5.627748084429916 0.002663964014415457 0.7198363348234118
5.661601706193463 0.002711366469304382 0.7326450699280275
5.695658973836199 0.002758095260653812 0.7452717727339521
5.729921112386407 0.002804134093743007 0.7577120402042108
5.764389354241504 0.002849467002571652 0.7699615581261923
5.799064939212376 0.00289407836651738 0.7820161056127178
5.833949114567966 0.002937952941484102 0.7938715635187099
5.869043135080146 0.002981075852323549 0.8055239123933984
5.904348263068843 0.003023432599068278 0.8169692341645556
5.939865768447451 0.003065009090253216 0.8282037211423954
5.975596928768503 0.003105791646249188 0.8392236769203312
6.01154302926963 0.003145766993470975 0.8500255148099238
6.047705362919785 0.003184922288988601 0.860605764491157
6.084085230465758 0.003223245142980283 0.8709610780795044
6.120683940478954 0.003260723603353775 0.8810882259704261
6.15750280940247 0.003297346167163573 0.8909840999244393
6.194543161598441 0.003333101816054843 0.9006457226445089
6.231806329395683 0.0033679800028574 0.9100702441535757
6.269293653137611 0.003401970649344515 0.9192549411889567
6.307006481230453 0.003435064178458698 0.9281972259101537
6.344946170191752 0.003467251519282669 0.9368946472420717
6.383114084699157 0.003498524090327091 0.9453448863591571
6.421511597639515 0.003528873818408335 0.953545761786404
6.460140090158249 0.00355829316545145 0.961495236641852
6.499000951709037 0.003586775103961312 0.9691914120085839
6.538095580103793 0.003614313120451253 0.976632527861185
6.577425381562945 0.00364090125043859 0.9838169725219713
6.616991770766014 0.003666534063244305 0.9907432785536724
6.656796170902505 0.003691206649375076 0.9974101193499006
6.696840013723089 0.003714914646745124 1.00381631622062
6.737124739591115 0.003737654248953799 1.009960840628855
6.777651797534409 0.003759422178382897 1.015842806921247
6.818422645297399 0.003780215696271051 1.021461475050283
6.859438749393552 0.003800032630870362 1.026816258182567
6.900701585158119 0.003818871347505556 1.031906714608432
6.942212636801205 0.003836730742634938 1.036732546137135
6.983973397461158 0.003853610273240321 1.041293606038384
7.025985369258271 0.003869509943283007 1.04558989538257
7.068250063348816 0.003884430281154476 1.049621556947669
7.110768999979402 0.00389837235643824 1.053388879748498
7.153543708541653 0.003911337790721348 1.056892301958124
7.196575727627224 0.003923328723636575 1.060132401732033
7.239866605083138 0.003934347813255752 1.06310989731442
7.28341789806747 0.003944398260804432 1.065825653716393
7.327231173105349 0.003953483780246602 1.068280674497391
7.37130800614531 0.003961608583249975 1.070476097702608
7.41564998261598 0.003968777399083073 1.072413201239441
7.460258697483103 0.003974995464420874 1.074093400122847
7.505135755306914 0.003980268493620854 1.075518238443557
7.550282770299852 0.003984602684730029 1.076689390991253
7.59570136638462 0.003988004730092531 1.077608666120869
7.641393177252606 0.003990481780153448 1.07827799597194
7.687359846422636 0.003992041435199786 1.078699434236897
7.733603027300095 0.003992691762109192 1.078875160686793
7.780124383236402 0.003992441267573366 1.078807473935926
7.826925587588838 0.003991298876336971 1.078498785561725
7.874008323780734 0.003989273939972113 1.077951622475721
7.921374285362025 0.003986376229368445 1.077168624894284
7.969025176070168 0.003982615902437201 1.076152537611844
8.016962709891423 0.003978003500600829 1.074906209052352
8.065188611122505 0.003972549955318163 1.073432593032456
8.113704614432605 0.003966266554821059 1.071734739773333
8.162512464925786 0.003959164929758434 1.069815792021521
8.211613918203758 0.003951257059698799 1.067678986805991
8.26101074042902 0.003942555251619984 1.065327649625798
8.310704708388393 0.003933072115576391 1.062765187875071
8.360697609556926 0.003922820563342998 1.059995090476606
8.410991242162195 0.003911813801244167 1.05702092594412
8.461587415248985 0.003900065300375813 1.053846334335906
8.512487948744354 0.003887588786723877 1.050475024584729
8.563694673523104 0.003874398240575952 1.046910774338832
8.615209431473632 0.003860507869845094 1.0431574227537
8.667034075564182 0.00384593209330463 1.039218865961898
8.719170469909495 0.003830685537408495 1.035099056213882
8.771620489837867 0.003814783019159734 1.030801997248856
8.824386021958594 0.003798239524090595 1.02633173834472
8.877468964229841 0.003781070197939098 1.021692372068973
8.930871226026907 0.003763290336965595 1.016888031662129
8.984594728210904 0.003744915364967133 1.011922884826705
9.038641403197854 0.003725960820996715 1.006801130408822
9.09301319502819 0.00370644235103913 1.0015269961489
9.147712059436689 0.00368637568878368 0.9961047334862145
9.202739963922818 0.003665776640759071 0.9905386135421581
9.258098887821502 0.003644661076315832 0.9848329244133641
9.313790822374321 0.003623044912556257 0.9789919670995886
9.369817770801134 0.003600944098823792 0.9730200513125491
9.426181748372137 0.00357837460561597 0.9669214924800623
9.482884782480346 0.003555352410727762 0.960700608001803
9.539928912714528 0.003531893485075301 0.9543617134186989
9.597316190932558 0.003508013781928365 0.9479091195034117
9.655048681335227 0.003483729222875386 0.9413471284679078
9.713128460540494 0.003459055684392777 0.9346800303343235
9.771557617658175 0.003434008988710904 0.927912100466835
9.830338254365088 0.003408604891016097 0.9210475961134839
9.889472484980656 0.003382859064140936 0.9140907522692997
9.948962436542953 0.003356787091881528 0.9070457798705461
10.00881024888521 0.003330404459118475 0.8999168631252816
10.06901807471279 0.003303726534321192 0.8927081547858092
10.12958807968063 0.003276768563394649 0.8854237744859889
10.1905224424711 0.003249545663697984 0.878067807124991
10.25182335487242 0.003222072807820276 0.8706442984833097
10.31349302185747 0.003194364813200726 0.8631572524180047
10.3755336616631 0.003166436341008338 0.8556106305599771
10.43794750586993 0.00313830188453372 0.8480083491772905
10.50073679948262 0.003109975752502333 0.8403542746662007
10.56390380101059 0.003081472071194365 0.8326522241239736
10.62745078254932 0.003052804778643359 0.8249059637812808
10.69138002986203 0.003023987605805707 0.8171192039139635
10.7556938424619 0.002995034075687431 0.8092955986070757
10.82039453369479 0.002965957504147969 0.8014387459720785
10.88548443082247 0.002936770985095848 0.793552184146527
10.95096587510631 0.002907487380804865 0.7856393886773789
11.01684122189147 0.002878119328957711 0.7777037744242721
11.08311284069168 0.002848679235023687 0.7697486934998865
11.14978311527443 0.002819179254840304 0.7617774305632778
11.21685444374672 0.002789631303150625 0.7537932051267698
11.28432923864131 0.002760047053398744 0.7457991715006936
11.35220992700354 0.002730437920579718 0.7377984141592233
11.42049895047856 0.002700815062356581 0.729793948042208
11.48919876539923 0.002671189386867394 0.7217887206647339
11.55831184287442 0.002641571542004732 0.713785609220308
11.62784066887791 0.002611971905329484 0.7057874178554407
11.69778774433782 0.00258240059745581 0.697796881286428
11.76815558522656 0.002552867479545031 0.6898166641221706
11.83894672265132 0.002523382137096554 0.6818493564842775
11.91016370294514 0.002493953891271462 0.6738974770668428
11.98180908775847 0.002464591804447746 0.6659634746375389
12.05388545415131 0.002435304667050424 0.6580497244789489
12.12639539468595 0.002406100998276615 0.6501585285844925
12.19934151752018 0.002376989059426987 0.642292119260747
12.27272644650111 0.002347976848375823 0.6344526576331938
12.34655282125957 0.00231907208939208 0.6266422308957376
12.42082329730504 0.002290282249764201 0.6188628568029408
12.49554054612116 0.002261614542139821 0.6111164843022405
12.57070725526186 0.002233075911461848 0.6034049900039145
12.64632612844798 0.002204673046037584 0.5957301811720951
12.72239988566455 0.002176412387118918 0.5880937983134584
12.79893126325863 0.002148300120727075 0.5804975129681684
12.87592301403773 0.002120342180994473 0.572942928612889
12.95337790736882 0.002092544259069544 0.5654315830669777
13.03129872927796 0.002064911801663999 0.5579649480999372
13.10968828255048 0.002037450014293434 0.5505444303070702
13.18854938683184 0.002010163868735061 0.543171373124649
13.26788487872902 0.001983058108045594 0.5358470581858126
13.34769761191256 0.001956137240995695 0.5285727038166825
13.42799045721921 0.001929405549303449 0.5213494669909412
13.50876630275517 0.001902867100402515 0.5141784467799424
13.59002805400002 0.001876525744176746 0.5070606834703669
13.67177863391118 0.001850385111005678 0.4999971580360891
13.7540209830291 0.001824448628268432 0.4929887965977358
13.83675805958297 0.00179871952309879 0.4860364711671444
13.91999283959716 0.001773200815568006 0.4791409978052713
14.00372831699829 0.001747895332464765 0.4723031403457103
14.08796750372286 0.001722805715610172 0.4655236126415055
14.17271342982564 0.001697934417118452 0.4588030772845341
14.25796914358864 0.001673283704771495 0.4521421470577746
14.34373771163077 0.001648855675139944 0.4455413884807891
14.43002221901811 0.001624652253680007 0.4390013218358835
14.51682576937491 0.001600675192506877 0.4325224205664569
14.60415148499523 0.001576926084802693 0.4261051151702138
14.69200250695523 0.001553406369470931 0.4197497944568366
14.78038199522615 0.001530117327023327 0.4134568044365836
14.86929312878798 0.001507060089583015 0.4072264510232591
14.95873910574384 0.001484235649725074 0.4010590024230408
15.04872314343496 0.001461644858941531 0.3949546887197058
15.13924847855642 0.001439288430589703 0.3889137026713061
15.2303183672736 0.001417166951550729 0.382936202860453
15.3219360853393 0.001395280884355983 0.377022314268898
15.41410492821153 0.001373630565443943 0.3711721278065179
15.50682821117208 0.001352216216195897 0.365385703293301
15.60010926944577 0.001331037948153458 0.359663070869183
15.69395145832038 0.001310095761242965 0.3540042305142604
15.7883581532674 0.001289389550217031 0.3484091537893748
15.88333275006339 0.001268919112637524 0.3428777859932158
15.97887866491215 0.001248684149343128 0.3374100462886613
16.07499933456759 0.001228684265891961 0.3320058280925899
16.17169821645737 0.00120891898170203 0.3266650015457473
16.26897878880723 0.001189387732891503 0.3213874142802231
16.36684455076612 0.001170089871446754 0.3161728911946452
16.46529902253208 0.001151024672677802 0.3110212364687335
16.56434574547881 0.001132191340028917 0.3059322348631851
16.66398828228309 0.001113589004891224 0.3009056516690378
16.76423021705294 0.001095216730366228 0.2959412337246218
16.86507515545651 0.001077073517568685 0.2910387111186734
16.96652672485178 0.001059158306998566 0.2861977975610578
17.06858857441703 0.00104146997931608 0.2814181905921888
17.17126437528214 0.001024007361697732 0.2766995733005161
17.27455782066058 0.001006769230540262 0.2720416150531632
17.37847262598229 0.0009897543114576663 0.2674439714951212
17.48301252902732 0.0009729612837936293 0.2629062857685664
17.58818129006027 0.0009563887844409824 0.2584281895449242
17.69398269196554 0.000940035408479914 0.2540093031973217
17.80042054038342 0.0009238997112708535 0.2496492363661115
17.90749866384694 0.0009079802128436254 0.2453475891448755
18.01522091391964 0.0008922753994027503 0.2411039524871763
18.12359116533404 0.0008767837239556759 0.2369179083763129
18.23261331613107 0.0008615036102330219 0.2327890308846198
18.34229128780023 0.0008464334548320063 0.2287168867526479
18.45262902542071 0.0008315716277210248 0.2247010355255075
18.56363049780323 0.0008169164747584836 0.220741030233489
18.67529969763284 0.000802466320320387 0.2168364181020694
18.78764064161249 0.0007882194681910265 0.2129867407925881
18.90065737060757 0.0007741742028028005 0.2091915347372611
19.0143539497912 0.0007603287919016222 0.2054503318594079
19.12873446879051 0.000746681487782033 0.2017626599071946
19.24380304183367 0.0007332305279859046 0.1981280426424315
19.35956380789796 0.0007199741374309967 0.1945460004157363
19.47602093085858 0.0007069105298634705 0.1910160505590214
19.59317859963845 0.0006940379085716277 0.187537707578355
19.71104102835891 0.0006813544677615267 0.1841104835256697
19.82961245649123 0.0006688583940831347 0.1807338884111479
19.94889714900919 0.0006565478674443971 0.1774074304231937
20.06889939654243 0.0006444210619137411 0.1741306161723004
20.18962351553079 0.0006324761470785664 0.1709029510581315
20.31107384837959 0.0006207112888815711 0.1677239394955071
20.4332547636158 0.0006091246503846274 0.1645930851208116
20.55617065604522 0.0005977143928181665 0.1615098910755517
20.67982594691049 0.0005864786763716816 0.1584738602199595
20.80422508405019 0.0005754156609005636 0.1554844953239882
20.92937254205879 0.0005645235067865826 0.1525412992998256
21.05527282244758 0.0005538003755955604 0.1496437753796049
21.18193045380665 0.0005432444306731404 0.1467914272763892
21.30934999196772 0.0005328538379681234 0.1439837594066475
21.43753602016806 0.000522626766549786 0.1412202770300402
21.5664931492153 0.0005125613890510268 0.1385004863691627
21.69622601765332 0.0005026558824289323 0.1358238948150602
21.82673929192908 0.0004929084284991567 0.1331900110716233
21.95803766656046 0.0004833172141795793 0.1305983452214277
22.09012586430514 0.0004738804320781136 0.1280484088845674
22.22300863633048 0.0004645962812003256 0.1255397154098619
22.35669076238438 0.0004554629670141525 0.1230717798923439
22.49117705096725 0.0004464787018053665 0.1206441192693107
22.62647233950495 0.0004376417054938025 0.1182562525408781
22.76258149452277 0.0004289502057173996 0.1159077007926905
22.89950941182054 0.0004204024379331603 0.1135979872232005
23.03726101664865 0.0004119966461139629 0.1113266373319568
23.17584126388527 0.0004037310831275443 0.1090931790220099
23.31525513821456 0.0003956040105721674 0.1068971425555075
23.45550765430593 0.0003876136992036202 0.1047380606690749
23.59660385699449 0.0003797584296597808 0.1026154687696013
23.73854882146243 0.0003720364921746706 0.1005289048569739
23.88134765342164 0.0003644461867114091 0.09847790956000362
24.02500548929732 0.0003569858237629461 0.09646202635279282
24.16952749641275 0.0003496537242979629 0.09448080154011743
24.31491887317515 0.0003424482195758271 0.09253378420742532
24.46118484926266 0.0003353676517353073 0.09062052637991419
24.60833068581249 0.0003284103742156494 0.08874058313631195
24.7563616756101 0.0003215747513106792 0.0868935124883894
24.90528314327963 0.0003148591584269982 0.08507887545072812
25.05510044547539 0.0003082619828653786 0.0832962362518631
25.20581897107455 0.0003017816233845789 0.08154516221642023
25.357444141371 0.0002954164901309505 0.07982522374609528
25.5099814102703 0.0002891650053855225 0.0781359945215253
25.66343626448592 0.0002830256035537917 0.07647705149952994
25.81781422373652 0.0002769967307498811 0.07484797480074584
25.97312084094457 0.0002710768452488267 0.07324834783184014
26.12936170243603 0.000265264418026699 0.07167775743145807
26.28654242814131 0.0002595579321436748 0.07013579370352122
26.44466867179741 0.0002539558828403606 0.06862205004325536
26.6037461211513 0.000248456778342285 0.06713612335457438
26.76378049816449 0.000243059139430079 0.06567761393393749
26.92477755921884 0.0002377614991774074 0.06424612539953517
27.08674309532363 0.0002325624036021378 0.06284126486724308
27.24968293232387 0.0002274604117979082 0.06146264298617327
27.41360293110984 0.0002224540953387042 0.06010987377778354
27.57850898782788 0.0002175420385780215 0.05878257471671487
27.74440703409252 0.0002127228393105793 0.05748036690959459
27.91130303719981 0.0002079951080838773 0.0562028749090106
28.07920300034196 0.0002033574681376615 0.05494972669715417
28.24811296282329 0.0001988085561776483 0.05372055389488987
28.41803900027744 0.0001943470220553418 0.05251499167523827
28.58898722488593 0.0001899715283323907 0.05133267864565963
28.76096378559799 0.0001856807508029145 0.0501732569891931
28.93397486835177 0.0001814733787937571 0.04903637254558886
29.1080266962968 0.0001773481144487367 0.04792167461790354
29.28312553001787 0.000173303672874881 0.04682881601201484
29.4592776677602 0.0001693387828728632 0.04575745323399444
29.63648944565603 0.000165452186275543 0.04470724631137353
29.81476723795246 0.0001616426377322398 0.04367785873485067
29.99411745724076 0.0001579089053992744 0.04266895764488485
30.17454655468706 0.0001542497707897638 0.04168021379110814
30.35606102026435 0.0001506640281899782 0.04071130137461808
30.53866738298595 0.0001471504850306453 0.03976189814830872
30.72237221114033 0.0001437079623462769 0.03883168554098641
30.90718211252742 0.0001403352939984582 0.0379203484474929
31.09310373469621 0.0001370313266759626 0.03702757522873623
31.28014376518396 0.0001337949206267438 0.0361530579094844
31.46830893175665 0.000130624949107068 0.03529649202951372
31.65760600265105 0.0001275202980154418 0.03445757654469171
31.84804178681812 0.0001244798664616012 0.03363601398072507
32.03962313416796 0.0001215025668065415 0.03283151044397609
32.23235693581619 0.0001185873239691591 0.03204377543410885
32.42625012433181 0.0001157330756414097 0.03127252190222742
32.62130967398656 0.0001129387728600125 0.03051746640535758
32.81754260100581 0.0001102033792393938 0.02977832889917863
33.01495596382091 0.0001075258708345069 0.02905483270095554
33.21355686332307 0.0001049052368125546 0.02834670467104684
33.4133524431188 0.0001023404790678522 0.02765367510883573
33.61434988978685 9.983061172394783e-05 0.02697547761819676
33.81655643313671 9.737466155802813e-05 0.02631184922217561
34.01997934646867 9.497166821883834e-05 0.02566253042187379
34.22462594683541 9.262068347211872e-05 0.02502726499255615
34.43050359530524 9.0320771270238e-05 0.02440580000246665
34.63761969722685 8.8071008367688e-05 0.0237978859791428
34.84598170249565 8.58704836373269e-05 0.02320327672465593
35.0555971058218 8.371829780465602e-05 0.02262172924380957
35.26647344699975 8.161356401582186e-05 0.0220530038976206
35.47861831117944 7.955540764116001e-05 0.02149686435023444
35.69203932913916 7.75429656766252e-05 0.02095307740718393
35.90674417756002 7.557538701754916e-05 0.02042141308936211
36.12274057930207 7.365183281639766e-05 0.0199016447296927
36.34003630368208 7.177147572221307e-05 0.01939354876761791
36.55863916675303 6.993349982323187e-05 0.01889690473359303
36.77855703158521 6.813710123759023e-05 0.01841149540870244
36.9997978085491 6.63814875722646e-05 0.01793710667845858
37.22236945559986 6.466587754300506e-05 0.01747352743010321
37.4462799785636 6.298950141443065e-05 0.01702054967152667
37.67153743142533 6.135160098632733e-05 0.01657796852756542
37.89814991661868 5.97514289345882e-05 0.01614558206191585
38.12612558531732 5.818824894355789e-05 0.01572319131289536
38.35547263772817 5.666133614767291e-05 0.01531060041277918
38.58619932338635 5.516997642311159e-05 0.01490761639639522
38.81831394145193 5.371346622077784e-05 0.0145140491559943
39.05182484100842 5.229111308300935e-05 0.01412971158087113
39.2867404213631 5.090223527492307e-05 0.01375441945774919
39.52306913234914 4.954616131479413e-05 0.01338799134388337
39.76081947462954 4.822223027863718e-05 0.01303024864936154
40.00000000000288 4.692979194115439e-05 0.01268101567519052
