##########################################################################################
#
# SZ signal computed with SZpack v1.1.1
# Runmode: CNSN-basis
#
# General parameters:
# xmin= 0.1 xmax= 40 np= 1000
# Dtau= 0.01
# Te= 38keV (The ~ 0.0743642)
# betac= 0 muc= 1
# betao= 0 muo= 1
#
# Runmode specific parameters:
# eps= 0
# Te_order= 20 beta_order= 2
#
##########################################################################################
#
# Output format: x = (h nu/k T0) | x^3 Dn(x) | DI(x) in MJy/sr 
# Here a CMB temperature of T0 = 2.726 K is assumed.
#
##########################################################################################
0.1 -1.318045323942224e-05 -0.003561523016015265
0.1006015482792701 -1.333914311037702e-05 -0.003604403000303173
0.1012067151618632 -1.349973917168603e-05 -0.003647798061022536
0.1018155224154252 -1.366226421986362e-05 -0.003691714358076129
0.1024279919385451 -1.382674131474262e-05 -0.003736158122518676
0.1030441457615424 -1.399319378406447e-05 -0.003781135657797147
0.1036640060472596 -1.416164524235548e-05 -0.003826653344851364
0.1042875950918594 -1.433211958135941e-05 -0.003872717639528768
0.1049149353256267 -1.450464096726767e-05 -0.003919335071835979
0.1055460493137754 -1.467923385822153e-05 -0.003966512250668114
0.10618095975726 -1.485592300669857e-05 -0.004014255864453636
0.1068196894935924 -1.503473344919059e-05 -0.004062572678365199
0.1074622614976628 -1.521569051667891e-05 -0.004111469537150195
0.1081086988825668 -1.539881985059799e-05 -0.004160953369444337
0.1087590249004362 -1.558414738912433e-05 -0.004211031184066738
0.1094132629432757 -1.577169936955913e-05 -0.004261710070663741
0.1100714365438043 -1.596150234977064e-05 -0.004312997205502909
0.1107335693763015 -1.615358320124613e-05 -0.004364899849595575
0.1113996852574591 -1.634796910298184e-05 -0.004417425347045838
0.1120698081472377 -1.654468755864748e-05 -0.004470581129688628
0.1127439621497288 -1.674376640469481e-05 -0.004524374719280726
0.1134221715140214 -1.694523379678751e-05 -0.004578813723833969
0.1141044606350749 -1.71491182182463e-05 -0.004633905839897215
0.1147908540545956 -1.735544850128381e-05 -0.004689658858294271
0.1154813764619206 -1.756425381278821e-05 -0.004746080660282453
0.1161760526949047 -1.777556365389263e-05 -0.004803179217436235
0.1168749077408149 -1.798940788300976e-05 -0.004860962597871495
0.1175779667372284 -1.820581671329644e-05 -0.004919438965560408
0.118285254972937 -1.842482070262682e-05 -0.004978616577622062
0.118996797888857 -1.86464507695498e-05 -0.005038503788634375
0.119712621078944 -1.887073820808163e-05 -0.005099109054631222
0.1204327502911136 -1.909771467115847e-05 -0.005160440928631129
0.1211572114281675 -1.932741217658863e-05 -0.005222508062245623
0.1218860305487253 -1.955986313278691e-05 -0.005285319212632984
0.1226192338681618 -1.979510032592594e-05 -0.005348883239026376
0.12335684775955 -2.00331569158542e-05 -0.005413209101630839
0.1240988987546095 -2.027406645969801e-05 -0.005478305868000844
0.124845413544661 -2.051786291545972e-05 -0.005544182714012576
0.1255964189815867 -2.07645806277083e-05 -0.005610848919997347
0.1263519420787953 -2.101425434148664e-05 -0.005678313874499514
0.1271120100121947 -2.126691922428662e-05 -0.005746587080214432
0.1278766501211688 -2.152261084735767e-05 -0.005815678148937784
0.128645889909561 -2.17813651886047e-05 -0.005885596802348641
0.1294197570466637 -2.204321866161693e-05 -0.005956352879853413
0.1301982793682135 -2.230820810655774e-05 -0.006027956336124174
0.1309814848773924 -2.25763707814884e-05 -0.00610041723875423
0.1317694017458348 -2.284774438533545e-05 -0.006173745774464177
0.1325620583146414 -2.312236706933075e-05 -0.006247952252193165
0.1333594830953982 -2.340027741832674e-05 -0.006323047098050032
0.1341617047712022 -2.368151446185973e-05 -0.006399040858302752
0.1349687521976928 -2.396611770312274e-05 -0.006475944207207255
0.1357806544040905 -2.425412709975823e-05 -0.006553767941817378
0.13659744059424 -2.454558306287009e-05 -0.006632522981717912
0.1374191401476617 -2.484052648801241e-05 -0.006712220377398122
0.1382457826206078 -2.513899875218637e-05 -0.006792871309440299
0.1390773977471256 -2.544104169984101e-05 -0.00687448708473698
0.1399140154401271 -2.574669766406062e-05 -0.006957079142216042
0.140755665792465 -2.605600948701288e-05 -0.00704065905836606
0.1416023790780148 -2.636902049732951e-05 -0.007125238541124251
0.1424541857527642 -2.668577451772362e-05 -0.007210829431934805
0.1433111164559082 -2.700631589979521e-05 -0.007297443715153744
0.1441732020109516 -2.73306895069321e-05 -0.007385093513428556
0.1450404734268171 -2.76589407082768e-05 -0.007473791086067951
0.1459129618989614 -2.7991115410225e-05 -0.007563548837553163
0.1467906988104967 -2.83272600618664e-05 -0.00765437931900812
0.1476737157333199 -2.866742163519836e-05 -0.00774629522285293
0.148562044429248 -2.901164764338518e-05 -0.007839309387737761
0.1494557168511607 -2.935998617078412e-05 -0.007933434806656248
0.1503547651441497 -2.97124858475857e-05 -0.008028684620093001
0.151259221646675 -3.006919585322509e-05 -0.008125072116945371
0.152169118891728 -3.043016595536494e-05 -0.008222610745057132
0.1530844896080017 -3.07954464979998e-05 -0.008321314108004126
0.1540053667210681 -3.116508838919581e-05 -0.008421195961781387
0.1549317833545624 -3.153914313155421e-05 -0.008522270223034749
0.1558637728313743 -3.191766283815645e-05 -0.008624550973369428
0.156801368674847 -3.230070020697457e-05 -0.008728052452435367
0.1577446046099826 -3.268830853519716e-05 -0.008832789061798314
0.1586935145646554 -3.308054175839777e-05 -0.008938775375523596
0.1596481326708324 -3.347745442472642e-05 -0.009046026133202354
0.1606084932658007 -3.387910169298233e-05 -0.009154556239430765
0.1615746308934029 -3.428553937392039e-05 -0.009264380774971563
0.1625465803052792 -3.469682392672795e-05 -0.009375514995802036
0.1635243764621181 -3.511301243959012e-05 -0.009487974327862511
0.1645080545349132 -3.55341626575301e-05 -0.009601774374579179
0.1654976499062288 -3.596033301035778e-05 -0.009716930924416131
0.1664931981714723 -3.639158258193496e-05 -0.009833459942570453
0.1674947351401746 -3.682797111975944e-05 -0.009951377573561973
0.1685022968372784 -3.726955908157747e-05 -0.0100707001538285
0.1695159195044337 -3.77164076126992e-05 -0.01019144420559621
0.1705356396013016 -3.816857853718766e-05 -0.01031362643449877
0.1715614938068656 -3.86261343995091e-05 -0.01043726374083179
0.172593519020751 -3.908913847241092e-05 -0.01056237322168155
0.1736317523645521 -3.955765472976875e-05 -0.01068897216358792
0.1746762311831677 -4.003174787028127e-05 -0.01081707804894701
0.1757269930461439 -4.051148335799287e-05 -0.0109467085669609
0.1767840757490262 -4.099692738812576e-05 -0.01107788160440504
0.1778475173147181 -4.148814689089588e-05 -0.01121061524665937
0.1789173559948495 -4.198520958326388e-05 -0.01134492779169206
0.1799936302711521 -4.248818395346944e-05 -0.01148083774588051
0.1810763788568441 -4.299713924382059e-05 -0.0116183638193608
0.1821656406980222 -4.351214549059933e-05 -0.0117575249368107
0.1832614549750625 -4.403327354592395e-05 -0.01189834024335711
0.1843638611040305 -4.456059504296253e-05 -0.01204082909517636
0.1854728987380978 -4.509418241417719e-05 -0.01218501106442398
0.1865886077689693 -4.563410894359434e-05 -0.01233090595335882
0.1877110283283176 -4.618044873238157e-05 -0.01247853378504148
0.1888402007892269 -4.673327669538095e-05 -0.01262791480239757
0.1899761657676448 -4.729266861544929e-05 -0.01277906948290108
0.1911189641238435 -4.785870113932644e-05 -0.01293201853745803
0.1922686369638894 -4.84314517508589e-05 -0.01308678290317107
0.1934252256411219 -4.901099880704158e-05 -0.01324338375307849
0.1945887717576404 -4.959742157562172e-05 -0.0134018425063152
0.1957593171658014 -5.019080019368901e-05 -0.0135621808169233
0.1969369039697233 -5.079121567942407e-05 -0.01372442057702666
0.1981215745268011 -5.139874999362695e-05 -0.01388858393345668
0.19931337144923 -5.201348600983557e-05 -0.01405469327967796
0.2005123376055381 -5.263550750156276e-05 -0.01422277125233952
0.2017185161221286 -5.326489919653979e-05 -0.01439284074593212
0.2029319503848305 -5.390174678773744e-05 -0.01456492491576631
0.2041526840404598 -5.454613689644041e-05 -0.01473904716799463
0.205380760998389 -5.519815710243318e-05 -0.01491523116776822
0.2066162254321268 -5.585789599777964e-05 -0.01509350085376879
0.2078591217809067 -5.652544314121867e-05 -0.01527388042588565
0.2091094947512857 -5.720088906206195e-05 -0.01545639434626904
0.2103673893187526 -5.788432532777227e-05 -0.01564106735759058
0.2116328507293451 -5.857584452394309e-05 -0.0158279244776335
0.2129059245012778 -5.927554023035141e-05 -0.01601699099282183
0.2141866564265795 -5.998350707229958e-05 -0.01620829247209361
0.2154750925727398 -6.069984074990999e-05 -0.01640185477481668
0.2167712792843669 -6.142463799132939e-05 -0.01659770403814389
0.2180752631848539 -6.215799657539811e-05 -0.01679586668313861
0.2193870911780562 -6.290001540011587e-05 -0.01699636943327505
0.2207068104499787 -6.365079443719329e-05 -0.01719923930215751
0.2220344684704725 -6.441043472611725e-05 -0.01740450359191677
0.2233701129949433 -6.517903844428857e-05 -0.01761218991216217
0.2247137920660681 -6.595670890208997e-05 -0.01782232617864888
0.2260655540155243 -6.67435505063308e-05 -0.01803494060340025
0.2274254474657272 -6.753966880592012e-05 -0.01825006170704922
0.2287935213315797 -6.834517054166754e-05 -0.01846771833229517
0.2301698248222314 -6.91601635904829e-05 -0.01868793962882591
0.2315544074428487 -6.998475697917376e-05 -0.01891075505704599
0.2329473189963953 -7.081906096473054e-05 -0.01913619440977071
0.2343486095854241 -7.166318699539059e-05 -0.01936428780170516
0.2357583296138787 -7.25172476918483e-05 -0.019595065664367
0.237176529788907 -7.338135691578972e-05 -0.01982855876460529
0.2386032611226849 -7.425562978549676e-05 -0.02006479820881698
0.2400385749342508 -7.514018262610948e-05 -0.02030381542950719
0.2414825228513524 -7.60351330068634e-05 -0.02054564219535112
0.2429351568123028 -7.694059981082936e-05 -0.02079031063003872
0.2443965290678495 -7.785670317483299e-05 -0.02103785319604011
0.2458666921830531 -7.878356449271389e-05 -0.02128830269548629
0.2473456990391787 -7.972130650146015e-05 -0.02154169229344374
0.2488336028355976 -8.067005325539571e-05 -0.02179805551093955
0.250330457091701 -8.162993009327337e-05 -0.02205742621606949
0.2518363156488252 -8.260106370258488e-05 -0.02231983864137548
0.2533512326721881 -8.35835821574761e-05 -0.02258532739409065
0.2548752626528374 -8.457761485687565e-05 -0.02285392743942099
0.2564084604096108 -8.558329255148075e-05 -0.02312567410783725
0.2579508810911079 -8.660074743047362e-05 -0.02340060311850676
0.2595025801776736 -8.763011306480247e-05 -0.0236787505639673
0.261063613483394 -8.867152439336516e-05 -0.0239601529063937
0.2626340371581039 -8.972511780622001e-05 -0.02424484700008247
0.2642139076894062 -9.079103116475554e-05 -0.02453287009690193
0.2658032819047042 -9.186940372729384e-05 -0.02482425982618926
0.2674022169732455 -9.296037618817209e-05 -0.02511905420531085
0.2690107704081783 -9.406409078357638e-05 -0.02541729166825994
0.2706290000686201 -9.518069120002489e-05 -0.02571901104092757
0.2722569641617388 -9.631032258236101e-05 -0.0260242515432625
0.2738947212448469 -9.745313164191295e-05 -0.02633305281849721
0.2755423302275071 -9.86092666040199e-05 -0.02664545491896885
0.2771998503736515 -9.977887718185897e-05 -0.02696149829904699
0.2788673413037137 -0.0001009621146619726 -0.0272812238382441
0.2805448629967726 -0.0001021591319225326 -0.02760467284615081
0.2822324757927104 -0.0001033700833680092 -0.02793188704478266
0.283930240394383 -0.0001045951249736109 -0.02826290858058818
0.285638217869803 -0.0001058344143721679 -0.02859778004792615
0.2873564696543368 -0.0001070881107765357 -0.02893654446809772
0.2890850575529139 -0.0001083563749808328 -0.02927924528968116
0.2908240437422505 -0.0001096393694662185 -0.02962592641711425
0.2925734907730859 -0.0001109372583677384 -0.0299766322017354
0.294333461572432 -0.0001122502074298737 -0.03033140742977266
0.2961040194458372 -0.0001135783840838262 -0.03069029734322707
0.2978852280796634 -0.0001149219574942222 -0.03105334765249254
0.2996771515433765 -0.0001162810984787071 -0.03142060451462948
0.3014798542918515 -0.0001176559795384257 -0.03179211454160073
0.3032934011676903 -0.0001190467749645585 -0.03216792482905923
0.3051178574035545 -0.0001204536607628493 -0.03254808293595431
0.3069532886245115 -0.0001218768146379145 -0.03293263688029183
0.3087997608503953 -0.0001233164160988559 -0.03332163516767216
0.3106573404981812 -0.0001247726464503255 -0.0337151267888758
0.3125260943843745 -0.0001262456887282414 -0.03411316120249291
0.3144060897274139 -0.0001277357277648382 -0.03451578835250077
0.3162973941500897 -0.0001292429502644459 -0.0349230586887403
0.3182000756819758 -0.000130767544711449 -0.03533502314204531
0.3201142027618771 -0.0001323097013850373 -0.03575173312822838
0.3220398442402905 -0.0001338696124778241 -0.03617324058013306
0.3239770693818822 -0.0001354474720322928 -0.03659959793046089
0.3259259478679787 -0.0001370434759048411 -0.03703085810205568
0.3278865497990735 -0.0001386578218649418 -0.03746707453469802
0.3298589456973481 -0.0001402907096157309 -0.03790830119066843
0.3318432065092091 -0.0001419423407102361 -0.03835459253211129
0.3338394036078401 -0.0001436129186004505 -0.03880600353429512
0.3358476087957689 -0.0001453026487394269 -0.03926258971319977
0.3378678943074497 -0.000147011738483846 -0.0397244070991891
0.3399003328118625 -0.0001487403970907176 -0.04019151223611957
0.3419449974151257 -0.0001504888358397055 -0.04066396221439408
0.3440019616631268 -0.0001522572679906359 -0.0411418146594801
0.3460712995441669 -0.000154045908725013 -0.04162512771610652
0.3481530854916227 -0.0001558549752327202 -0.04211396007169127
0.3502473943866234 -0.0001576846867645998 -0.04260837097054921
0.3523543015607447 -0.0001595352645316084 -0.04310842018664247
0.3544738827987177 -0.0001614069317353453 -0.0436141680318298
0.3566062143411555 -0.0001632999136892761 -0.04412567538862244
0.3587513728872951 -0.0001652144377253151 -0.04464300368494183
0.3609094355977566 -0.000167150733169403 -0.04516621488752007
0.3630804800973185 -0.0001691090314591652 -0.04569537153369297
0.3652645844777097 -0.0001710895661295946 -0.04623053672753117
0.3674618273004187 -0.0001730925727315245 -0.04677177411781051
0.369672287599519 -0.0001751182889005916 -0.0473191479166468
0.3718960448845125 -0.0001771669544404173 -0.04787272292197237
0.374133179143189 -0.0001792388112096761 -0.04843256448702053
0.3763837708445035 -0.0001813341031323678 -0.04899873852310128
0.3786479009414707 -0.0001834530763274624 -0.04957131153463299
0.3809256508740766 -0.0001855959790305274 -0.05015035059796506
0.3832171025722083 -0.0001877630615451523 -0.0507359233482523
0.3855223384586003 -0.0001899545763480286 -0.05132809800784878
0.3878414414518001 -0.0001921707781067135 -0.05192694339110784
0.3901744949691499 -0.0001944119235767629 -0.05253252887658613
0.3925215829297878 -0.000196678271648945 -0.0531449244198013
0.3948827897576659 -0.0001989700834568691 -0.05376420058231475
0.3972582003845871 -0.0002012876222599744 -0.05439042850011357
0.3996479002532602 -0.0002036311534314794 -0.0550236798803544
0.402051975320373 -0.0002060009445852475 -0.05566402703564424
0.4044705120596843 -0.0002083972655213966 -0.05631154286934316
0.4069035974651345 -0.0002108203881523963 -0.05696630085559517
0.4093513190539743 -0.0002132705865884785 -0.05762837506240704
0.4118137648699132 -0.0002157481371869828 -0.05829784016498209
0.4142910234862858 -0.000218253318432415 -0.05897477141331051
0.4167831840092382 -0.0002207864109596778 -0.05965924463844659
0.4192903360809331 -0.0002233476976746931 -0.06035133628510236
0.4218125698827739 -0.0002259374636440843 -0.06105112338183835
0.4243499761386489 -0.0002285559960584092 -0.06175868353112872
0.4269026461181943 -0.0002312035843456184 -0.06247409494001904
0.429470671640077 -0.0002338805201457069 -0.06319743641327694
0.4320541450752978 -0.0002365870972128626 -0.06392878732695133
0.4346531593505136 -0.0002393236114756038 -0.06466822764462238
0.43726780795138 -0.0002420903611117573 -0.06541583793766147
0.4398981849259138 -0.0002448876464184976 -0.06617169935011422
0.4425443848878763 -0.0002477157698106371 -0.06693589359823836
0.4452065030201759 -0.0002505750359394439 -0.06770850300261003
0.4478846350782926 -0.0002534657515997093 -0.06848961046301189
0.4505788773937215 -0.0002563882256668767 -0.06927929944144498
0.4532893268774382 -0.0002593427691877228 -0.0700776539866316
0.4560160810233846 -0.0002623296953837434 -0.07088475873493028
0.458759237911976 -0.000265349319533653 -0.07170069887858575
0.4615188962136283 -0.0002684019590047908 -0.07252556017421526
0.464295155192308 -0.0002714879333417758 -0.07335942896676416
0.4670881147091019 -0.0002746075641361228 -0.0742023921542747
0.4698978752258099 -0.0002777611749988685 -0.07505453718048904
0.4727245378085577 -0.0002809490916631485 -0.07591595206256707
0.4755682041314329 -0.0002841716419146387 -0.07678672537229064
0.4784289764801414 -0.0002874291555042434 -0.07766694621247081
0.4813069577556875 -0.0002907219642085388 -0.07855670423328052
0.4842022514780743 -0.0002940504018549255 -0.07945608963905108
0.487114961790028 -0.0002974148041916813 -0.08036519315315881
0.4900451934607434 -0.0003008155088898263 -0.08128410601852896
0.4929930518896525 -0.0003042528556279247 -0.08221292002055026
0.4959586431102161 -0.0003077271859718274 -0.08315172745457992
0.4989420737937372 -0.0003112388433217038 -0.08410062111163084
0.5019434512531983 -0.0003147881729857248 -0.08505969429828178
0.504962883447121 -0.0003183755221329569 -0.08602904082394874
0.5080004789834501 -0.0003220012396868892 -0.08700875497211462
0.5110563471234592 -0.0003256656763509907 -0.08799893150723502
0.5141305977856812 -0.0003293691846413264 -0.08899966568355171
0.5172233415498623 -0.0003331121187537346 -0.09001105320920215
0.520334689660939 -0.0003368948345373715 -0.09103319023907089
0.52346475403304 -0.0003407176895560596 -0.09206617339136682
0.5266136472535116 -0.0003445810429849881 -0.09311009971971007
0.5297814825869668 -0.0003484852555349946 -0.09416506669267233
0.5329683739793606 -0.0003524306894875494 -0.09523117220322971
0.5361744360620875 -0.0003564177086605586 -0.09630851455952254
0.5393997841561053 -0.0003604466782916144 -0.09739719245330797
0.5426445342760833 -0.0003645179650275644 -0.09849730495714168
0.5459088031345746 -0.0003686319369434866 -0.09960895152950487
0.5491927081462149 -0.0003727889634171128 -0.1007322319808722
0.5524963674319456 -0.0003769894150768897 -0.1018672464596771
0.5558198998232626 -0.0003812336638225109 -0.1030140954578597
0.5591634248664905 -0.0003855220827363534 -0.104172879786936
0.5625270628270829 -0.0003898550459926153 -0.1053437005534456
0.565910934693948 -0.0003942329288476972 -0.106526659156353
0.5693151621838011 -0.0003986561075997944 -0.1077218572761283
0.5727398677455418 -0.0004031249594734856 -0.1089293968435622
0.5761851745646592 -0.0004076398625760637 -0.1101493800279656
0.5796512065676627 -0.0004122011958775197 -0.1113819092317613
0.5831380884265391 -0.0004168093390988321 -0.1126270870602985
0.5866459455632378 -0.0004214646726404946 -0.1138850163025394
0.5901749041541815 -0.00042616757754904 -0.1151557999220146
0.5937250911348052 -0.0004309184354294256 -0.1164395410331474
0.5972966342041217 -0.0004357176283515016 -0.1177363428759815
0.6008896618293151 -0.0004405655387949073 -0.1190463088012904
0.6045043032503616 -0.0004454625495743268 -0.120369542250381
0.6081406884846782 -0.0004504090437375101 -0.1217061467275374
0.6117989483317994 -0.000455405404494504 -0.1230562257808984
0.6154792143780822 -0.0004604520151346346 -0.1244198829800253
0.619181619001439 -0.0004655492589249123 -0.1257972218884489
0.6229062953760992 -0.0004706975190306576 -0.1271883460422226
0.6266533774773996 -0.0004758971784206077 -0.1285933589242803
0.6304230000866031 -0.0004811486197534128 -0.1300123639337666
0.6342152987957473 -0.0004864522252979095 -0.1314454643644934
0.6380304100125211 -0.0004918083768372321 -0.1328927633790301
0.6418684709651717 -0.0004972174555251794 -0.1343543639698916
0.6457296197074404 -0.0005026798418066769 -0.1358303689380465
0.6496139951235281 -0.0005081959153298116 -0.1373208808691474
0.6535217369330918 -0.0005137660547802116 -0.1388260020887788
0.6574529856962692 -0.0005193906377722318 -0.1403458346330538
0.6614078828187353 -0.0005250700407798181 -0.1418804802299324
0.6653865705567885 -0.0005308046389793489 -0.1434300402567562
0.6693891920224675 -0.0005365948060713884 -0.1449946156920829
0.673415891188699 -0.0005424409142321539 -0.146574307102573
0.6774668128944764 -0.0005483433339870878 -0.1481692146088267
0.6815421028500694 -0.0005543024339657294 -0.1497794378191476
0.6856419076422656 -0.0005603185808376395 -0.1514050758122289
0.6897663747396426 -0.0005663921392260866 -0.1530462271138298
0.693915652497873 -0.0005725234714534232 -0.1547029896279733
0.6980898901650602 -0.0005787129373834144 -0.1563754605943413
0.702289237887107 -0.0005849608943877309 -0.1580637365792211
0.7065138467131162 -0.00059126769713633 -0.1597679134188628
0.7107638686008243 -0.0005976336973049411 -0.161488086140439
0.7150394564220665 -0.0006040592435713644 -0.1632243489610445
0.7193407639682761 -0.0006105446814743571 -0.1649767952495652
0.7236679459560159 -0.0006170903530415912 -0.1667455174261482
0.728021158032544 -0.0006236965967164438 -0.1685306069424192
0.7324005567814114 -0.0006303637473004505 -0.170332154265933
0.736806299728095 -0.0006370921356093864 -0.172150248787242
0.7412385453456634 -0.0006438820882136226 -0.1739849787497376
0.7456974530604773 -0.0006507339274672855 -0.1758364312575291
0.7501831832579239 -0.0006576479712622803 -0.177704692208978
0.754695897288186 -0.0006646245325722526 -0.1795898461734708
0.7592357574720454 -0.0006716639194932514 -0.1814919764024061
0.7638029271067222 -0.0006787664351126213 -0.1834111647937685
0.7683975704717476 -0.000685932376997765 -0.1853474917539851
0.7730198528348741 -0.0006931620370635884 -0.1873010361621078
0.7776699404580188 -0.0007004557015803992 -0.1892718753719478
0.7823480006032453 -0.0007078136507544571 -0.1912600850987346
0.7870542015387785 -0.0007152361582972646 -0.1932657393027333
0.7917887125450584 -0.0007227234915419653 -0.1952889102206969
0.7965517039208285 -0.0007302759111848089 -0.1973296682960066
0.8013433469892614 -0.0007378936706282694 -0.1993880820011746
0.8061638141041211 -0.0007455770160374871 -0.2014642178530949
0.8110132786559631 -0.0007533261862579223 -0.2035581403907928
0.8158919150783704 -0.0007611414121684695 -0.2056699120006281
0.8207998988542287 -0.0007690229164142011 -0.2077995928440788
0.8257374065220374 -0.0007769709135222138 -0.2099472408890447
0.8307046156822607 -0.0007849856094337813 -0.2121129117834291
0.8357017050037151 -0.0007930672008286607 -0.2142966586725577
0.8407288542299962 -0.0008012158753395599 -0.2164985322571308
0.8457862441859444 -0.0008094318113139777 -0.218718580728869
0.8508740567841485 -0.0008177151769407697 -0.220956849534501
0.8559924750314897 -0.0008260661302576966 -0.2232133813778026
0.8611416830357236 -0.0008344848191714382 -0.2254882162250053
0.8663218660121029 -0.0008429713806970708 -0.2277813910992933
0.8715332102900397 -0.0008515259404595648 -0.2300929399461018
0.8767759033198074 -0.0008601486129610012 -0.2324228937053227
0.882050133679283 -0.0008688395011022756 -0.2347712801820627
0.8873560910807308 -0.0008775986951945389 -0.2371381237795222
0.8926939663776258 -0.0008864262732617217 -0.2395234455807413
0.8980639515715189 -0.0008953223008700683 -0.2419272633025379
0.9034662398189428 -0.0009042868300379134 -0.2443495910009152
0.9089010254383604 -0.0009133198991023516 -0.2467904390350351
0.9143685039171535 -0.000922421532904168 -0.2492498141171876
0.9198688719186553 -0.0009315917419540531 -0.2517277190874926
0.9254023272892237 -0.0009408305215993342 -0.2542241526887399
0.9309690690653579 -0.0009501378524685589 -0.2567391096865211
0.9365692974808579 -0.000959513700030379 -0.2592725807500349
0.9422032139740265 -0.0009689580132772899 -0.2618245520964167
0.9478710211949153 -0.0009784707250253635 -0.2643950055717305
0.9535729230126136 -0.0009880517518857069 -0.2669839186432561
0.9593091245225821 -0.0009977009930079248 -0.2695912640599579
0.9650798320540293 -0.00100741832966747 -0.2722170097409811
0.9708852531773335 -0.001017203625679407 -0.2748611188874555
0.9767255967115094 -0.001027056726553419 -0.2775235497541692
0.9826010727317186 -0.001036977458231436 -0.2802042553084584
0.9885118925768263 -0.001046965627709071 -0.2829031833981285
0.9944582688570029 -0.001057021022690465 -0.2856202766581874
1.000440415461372 -0.001067143409955112 -0.2883554720695435
1.006458547565703 -0.001077332535539848 -0.2911087010081789
1.012512881640152 -0.001087588124940896 -0.2938798892997461
1.018603635457047 -0.001097909881746626 -0.2966689568501218
1.024731028098722 -0.001108297486804963 -0.2994758174204316
1.030895279965397 -0.001118750598924413 -0.3023003788164735
1.037096612783106 -0.001129268854091938 -0.3051425426773808
1.043335249611672 -0.001139851863719508 -0.3080022040018157
1.04961141485273 -0.001150499215388463 -0.3108792513491083
1.055925334257799 -0.001161210472685131 -0.3137735667948355
1.062277234936404 -0.001171985173305106 -0.3166850254185753
1.068667345364243 -0.001182822828955328 -0.3196134952774466
1.075095895391404 -0.001193722925881123 -0.3225588375485232
1.081563116250635 -0.001204684923478417 -0.3255209061538344
1.088069240565661 -0.001215708252908405 -0.3284995473860339
1.094614502359551 -0.001226792318109584 -0.3314946001818622
1.101199137063137 -0.00123793649515612 -0.3345058959487691
1.107823381523478 -0.001249140130035 -0.3375332579642736
1.114487474012384 -0.001260402539373063 -0.3405765015724165
1.121191654234987 -0.001271723010567672 -0.3436354342190683
1.127936163338358 -0.001283100799724059 -0.346709854894576
1.134721243920186 -0.001294535131093515 -0.3497995539819533
1.141547140037501 -0.001306025198010333 -0.3529043135100556
1.148414097215454 -0.001317570161594872 -0.3560239068031309
1.155322362456149 -0.001329169148723519 -0.3591580979322784
1.162272184247527 -0.001340821253321176 -0.3623066420646948
1.169263812572304 -0.001352525535955213 -0.3654692853539553
1.176297498916961 -0.001364281021232399 -0.3686457642366317
1.183373496280794 -0.001376086698307952 -0.3718358055698437
1.19049205918501 -0.001387941521439846 -0.3750391267810407
1.197653443681885 -0.001399844407891913 -0.3782554353013926
1.204857907363973 -0.001411794236732616 -0.3814844282412038
1.212105709373372 -0.001423789850236726 -0.3847257927686639
1.219397110411042 -0.001435830052798891 -0.3879792058162805
1.22673237274619 -0.001447913608254795 -0.3912443333570225
1.234111760225694 -0.00146003924133626 -0.3945208307975072
1.241535538283603 -0.001472205637624563 -0.3978083429653855
1.249003973950675 -0.001484411440711507 -0.401106503342229
1.256517335863991 -0.001496655252268527 -0.404414934082202
1.264075894276612 -0.001508935633139981 -0.4077332463074828
1.271679921067302 -0.001521251101371931 -0.4110610395756162
1.279329689750306 -0.001533600130249122 -0.4143979013490797
1.287025475485191 -0.001545981150159665 -0.4177434074991455
1.294767555086741 -0.001558392547833809 -0.4210971221001862
1.302556207034913 -0.001570832663142098 -0.4244585965644963
1.310391711484858 -0.001583299790485343 -0.4278273700178825
1.318274350276994 -0.001595792179264254 -0.4312029694265606
1.326204406947145 -0.001608308031002031 -0.4345849088196463
1.334182166736741 -0.001620845498750952 -0.4379726891288073
1.342207916603075 -0.001633402688810862 -0.4413657986526195
1.350281945229628 -0.001645977659062856 -0.444763712606309
1.358404543036452 -0.001658568416216327 -0.4481658923778682
1.366576002190616 -0.001671172918047928 -0.4515717861330532
1.374796616616712 -0.001683789073093339 -0.4549808287320934
1.383066682007434 -0.001696414737145319 -0.4583924407834234
1.391386495834208 -0.001709047714307 -0.4618060289282946
1.399756357357896 -0.001721685758124017 -0.465220986146692
1.408176567639557 -0.001734326568896518 -0.4686366910310054
1.416647429551278 -0.001746967792279482 -0.4720525074078169
1.425169247787069 -0.001759607021642401 -0.4754677849755179
1.433742328873819 -0.001772241796869191 -0.4788818589800294
1.442366981182327 -0.001784869600952082 -0.4822940492944288
1.45104351493839 -0.001797487862399068 -0.4857036610694718
1.459772242233963 -0.001810093955527593 -0.489109984812952
1.468553477038385 -0.001822685196949378 -0.4925122954398555
1.477387535209671 -0.00183525884603834 -0.4959098523987996
1.486274734505876 -0.001847812106824014 -0.4993019001836586
1.495215394596523 -0.001860342125735359 -0.502687667723912
1.504209837074101 -0.001872845989373183 -0.5060663677827254
1.513258385465633 -0.001885320727437921 -0.5094371977480745
1.522361365244312 -0.001897763312128576 -0.5127993394703291
1.531519103841213 -0.001910170654400836 -0.5161519582511511
1.540731930657063 -0.001922539606234111 -0.5194942034560758
1.550000177074097 -0.001934866961682989 -0.5228252087986284
1.55932417646797 -0.001947149453670032 -0.5261440914736977
1.568704264219756 -0.001959383753710837 -0.529449952083243
1.578140777728008 -0.001971566474586017 -0.5327418753582993
1.587634056420891 -0.001983694168738561 -0.5360189297259207
1.597184441768398 -0.001995763325381952 -0.5392801665277602
1.606792277294626 -0.002007770373807149 -0.5425246209136571
1.616457908590138 -0.002019711683503111 -0.5457513118742024
1.626181683324388 -0.002031583560497215 -0.5489592412518767
1.635963951258232 -0.00204338224919379 -0.5521473942378428
1.645805064256506 -0.002055103934278311 -0.5553147398864842
1.655705376300682 -0.002066744738141029 -0.5584602304192365
1.665665243501602 -0.002078300719866555 -0.5615828009515619
1.675685024112287 -0.0020897678785925 -0.5646813704004942
1.685765078540822 -0.002101142152723788 -0.5677548412723368
1.695905769363321 -0.002112419416762488 -0.5708020988060445
1.70610746133697 -0.002123595484695839 -0.573822011888709
1.716370521413142 -0.002134666110945632 -0.5768134333120947
1.726695318750602 -0.002145626987238598 -0.5797751989269778
1.737082224728785 -0.002156473743859086 -0.5827061279816357
1.747531612961148 -0.002167201952387993 -0.5856050238619409
1.758043859308618 -0.002177807124035501 -0.5884706736408438
1.768619341893104 -0.002188284708130458 -0.5913018476701869
1.779258441111101 -0.002198630095952261 -0.5940973006161263
1.789961539647373 -0.002208838620844316 -0.5968557714897887
1.800729022488719 -0.002218905555340983 -0.5995759828709391
1.811561276937818 -0.00222882611430812 -0.6022566417565924
1.822458692627162 -0.00223859545676917 -0.604896440054446
1.83342166153307 -0.002248208683721165 -0.6074940539927365
1.844450577989788 -0.002257660838864139 -0.6100481443173363
1.855545838703674 -0.002266946912013772 -0.6125573572138929
1.866707842767465 -0.002276061838524348 -0.6150203241519043
1.877936991674634 -0.002285000497768679 -0.6174356614739764
1.88923368933383 -0.002293757717126279 -0.6198019714734766
1.90059834208341 -0.002302328273010572 -0.6221178426720978
1.912031358706049 -0.00231070688889315 -0.6243818492859905
1.923533150443451 -0.002318888238043547 -0.6265925519660807
1.935104131011135 -0.002326866946125237 -0.628748498499544
1.946744716613318 -0.002334637590272216 -0.6308482235602841
1.958455325957888 -0.00234219469965055 -0.6328902488606721
1.970236380271462 -0.002349532759234928 -0.6348730841720169
1.982088303314539 -0.002356646210361164 -0.6367952274738583
1.994011521396743 -0.002363529449905054 -0.6386551647320845
2.006006463392153 -0.002370176834080196 -0.6404513709251505
2.018073560754737 -0.002376582680300966 -0.642182310547476
2.030213247533863 -0.002382741266628976 -0.6438464374598737
2.042425960389917 -0.002388646834220012 -0.6454421955507413
2.05471213861001 -0.002394293590403454 -0.6469680195681586
2.067072224123773 -0.002399675709188583 -0.6484223352566991
2.079506661519261 -0.002404787332293105 -0.6498035596353492
2.092015898058938 -0.002409622572868011 -0.6511101020040132
2.104600383695769 -0.002414175517066103 -0.6523403643673465
2.117260571089404 -0.002418440224685348 -0.6534927416086002
2.129996915622458 -0.002422410732589805 -0.6545656224139961
2.142809875416892 -0.002426081057152674 -0.6555573899328706
2.155699911350493 -0.002429445195449777 -0.6564664221001678
2.16866748707345 -0.002432497127911351 -0.6572910923529866
2.181713069025031 -0.002435230821399241 -0.658029770462077
2.194837126450363 -0.0024376402310741 -0.658680823036381
2.208040131417308 -0.002439719302764273 -0.6592426141631345
2.221322558833443 -0.002441461976216436 -0.6597135062862306
2.234684886463145 -0.002442862187407837 -0.6600918608310149
2.248127594944775 -0.002443913871241995 -0.6603760389326999
2.261651167807962 -0.002444610964779178 -0.660564402309277
2.275256091491004 -0.0024449474097592 -0.6606553139432098
2.288942855358358 -0.002444917155599911 -0.6606471388916632
2.302711951718243 -0.002444514163086312 -0.6605382452833485
2.316563875840352 -0.002443732406840188 -0.6603270049858483
2.330499125973664 -0.002442565878246706 -0.6600117943964202
2.344518203364364 -0.002441008590047435 -0.6595909956830888
2.358621612273878 -0.00243905457888693 -0.6590629974727639
2.372809859997005 -0.002436697907883379 -0.6584261955458605
2.387083456880169 -0.002433932671642062 -0.6576789941910003
2.401442916339774 -0.002430752999920032 -0.6568198071952517
2.415888754880671 -0.002427153059502379 -0.6558470583511218
2.430421492114737 -0.002423127058735823 -0.6547591826815889
2.445041650779565 -0.002418669253299016 -0.6535546279993099
2.459749756757268 -0.002413773947471188 -0.6522318552494248
2.474546339093393 -0.002408435497599737 -0.6507893394465424
2.489431930015952 -0.002402648319504868 -0.6492255716755673
2.504407064954564 -0.002396406890534814 -0.6475390596470441
2.519472282559719 -0.002389705751629573 -0.6457283282548072
2.534628124722145 -0.002382539514497946 -0.6437919215153052
2.549875136592308 -0.002374902866723701 -0.6417284039473486
2.565213866600017 -0.002366790572143113 -0.6395363606741288
2.580644866474148 -0.002358197476310163 -0.6372143988999817
2.596168691262497 -0.002349118515327782 -0.6347611502966982
2.611785899351737 -0.00233954871556564 -0.6321752709272709
2.627497052487508 -0.002329483196916496 -0.6294554421257972
2.64330271579462 -0.00231891718306953 -0.6266003732734641
2.659203457797384 -0.002307846003835812 -0.6236088024269182
2.675199850440056 -0.002296265095691085 -0.6204794964649322
2.691292469107416 -0.002284170010492074 -0.6172112534436601
2.707481892645458 -0.002271556423218536 -0.6138029046886373
2.723768703382218 -0.002258420130048929 -0.6102533142748
2.740153487148712 -0.002244757053892001 -0.6065613805211928
2.756636833300016 -0.00223056325678932 -0.602726039342283
2.77321933473646 -0.002215834938265781 -0.5987462638022509
2.789901587924954 -0.002200568437346781 -0.5946210646600536
2.806684192920446 -0.002184760245153647 -0.5903494937728672
2.823567753387507 -0.002168407008660448 -0.5859306451112239
2.840552876622036 -0.00215150552862086 -0.5813636541988271
2.857640173573115 -0.002134052768785815 -0.5766477006032721
2.874830258864976 -0.002116045867279432 -0.571782011009967
2.892123750819116 -0.002097482131888796 -0.5667658579493711
2.909521271476531 -0.002078359044636636 -0.5615985610325906
2.927023446620097 -0.002058674277411994 -0.5562794911749793
2.944630905797074 -0.002038425689856896 -0.5508080700250917
2.962344282341753 -0.002017611328878034 -0.545183769832732
2.980164213398238 -0.00199622944242697 -0.5394061171725397
2.998091339943359 -0.001974278485962187 -0.5334746946901138
3.016126306809736 -0.001951757116819583 -0.5273891395808512
3.034269762708964 -0.001928664202615529 -0.5211491458605588
3.052522360254954 -0.001904998836610738 -0.5147544685169606
3.070884755987404 -0.001880760330338264 -0.5082049215176929
3.089357610395416 -0.001855948216023855 -0.5015003784643126
3.107941587941251 -0.001830562264282998 -0.4946407773742612
3.126637357084233 -0.001804602482884329 -0.4876261203467205
3.14544559030479 -0.001778069112513502 -0.4804564724179591
3.164366964128648 -0.001750962640147875 -0.4731319651753393
3.183402159151157 -0.001723283809149285 -0.4656527994845094
3.202551860061779 -0.00169503360958521 -0.4580192428740624
3.221816755668715 -0.00166621328446935 -0.4502316312218187
3.241197538923678 -0.0016368243483395 -0.4422903737747985
3.260694906946819 -0.001606868578205716 -0.434195950703304
3.280309561051807 -0.001576348012512707 -0.4259489128205442
3.300042206771049 -0.001545264969075943 -0.4175498864291962
3.319893553881069 -0.001513622046065711 -0.4089995735873078
3.339864316428041 -0.001481422113134203 -0.4002987497107277
3.359955212753471 -0.001448668322604065 -0.3914482665963897
3.380166965520037 -0.00141536412325674 -0.3824490561480958
3.400500301737581 -0.001381513246841358 -0.3733021267310496
3.42095595278926 -0.001347119710959404 -0.3640085639513303
3.441534654457853 -0.001312187838889364 -0.3545695360127582
3.46223714695223 -0.001276722250463788 -0.3449862912517648
3.483064174933973 -0.001240727856476348 -0.3352601566261084
3.504016487544163 -0.001204209874729941 -0.3253925420512735
3.525094838430328 -0.001167173833717766 -0.3153849413951424
3.546299985773546 -0.001129625559163023 -0.3052389288408549
3.567632692315724 -0.001091571181552617 -0.2949561609225084
3.589093725387028 -0.00105301715217278 -0.2845383808581837
3.610683856933487 -0.001013970227021208 -0.2739874142028028
3.632403863544755 -0.0009744374653200942 -0.2633051684463332
3.654254526482051 -0.0009344262479283645 -0.2524936379890027
3.676236631706256 -0.0008939442699922352 -0.2415549021553883
3.698350969906183 -0.0008529995295696014 -0.2304911221205848
3.720598336527025 -0.0008116003396455529 -0.2193045441569465
3.742979531798957 -0.0007697553383586911 -0.2079975023973659
3.765495360765927 -0.0007274734635413008 -0.1965724119557103
3.788146633314612 -0.0006847639560612195 -0.1850317698298365
3.810934164203546 -0.0006416363902810212 -0.1733781631320427
3.833858773092431 -0.0005981006422474561 -0.1616142604934579
3.856921284571616 -0.0005541668835358348 -0.1497428104007174
3.880122528191761 -0.0005098456027825954 -0.1377666470143318
3.903463338493672 -0.0004651475966674839 -0.125688687731959
3.926944555038322 -0.0004200839545304621 -0.113511929031701
3.950567022437048 -0.0003746660652360166 -0.1012394483269258
3.974331590381932 -0.0003289056244771596 -0.08887440593989966
3.998239113676364 -0.0002828146147108555 -0.07642003968008869
4.02229045226579 -0.0002364053025864999 -0.063879664149302
4.046486471268643 -0.0001896902515275127 -0.05125667414139512
4.070828041007458 -0.0001426823061025143 -0.03855454041916659
4.095316037040186 -9.53945807737015e-05 -0.02577680667402891
4.119951340191675 -4.78404681580584e-05 -0.01292709175829064
4.144734836585366 -3.363521153905541e-08 -9.088654075005021e-06
4.169667417675155 4.801199536237041e-05 0.01297344055031873
4.194749980277468 9.628224495179799e-05 0.02601666461695057
4.219983426603512 0.0001447626734120995 0.03911668163846035
4.24536866429173 0.0001934385992145933 0.05226952448250753
4.270906606440451 0.0002422951068226923 0.06547116278489393
4.296598171640729 0.0002913170403407924 0.0787175012334143
4.322444284009386 0.0003404890173533429 0.0920043833073458
4.348445873222255 0.0003897954433045152 0.1053275951630142
4.374603874547618 0.0004392205101740827 0.1186828652759996
4.400919228879844 0.0004887482012708185 0.1320658657363731
4.42739288277324 0.0005383623103081059 0.1454722174031642
4.454025788476091 0.0005880464466100607 0.1588974913111203
4.480818903964917 0.0006377840345224988 0.172337208511543
4.50777319297893 0.0006875583319280586 0.1857868450753052
4.534889625054696 0.0007373524410767058 0.1992418350193882
4.562169175561013 0.0007871493097644571 0.2126975706253886
4.589612825733993 0.0008369317438982037 0.2261494058346893
4.617221562712357 0.0008866824229732094 0.2395926604306738
4.644996379572944 0.0009363839055939179 0.2530226215305165
4.672938275366425 0.0009860186369552179 0.2664345456067141
4.701048255153248 0.001035568966111789 0.2798236631534788
4.729327330039782 0.001085017155187407 0.2931851811752072
4.757776517214689 0.001134345386248488 0.3065142850437979
4.786396839985513 0.001183535776864377 0.3198061427032351
4.815189327815487 0.00123257039194554 0.3330559078684174
4.844155016360561 0.001281431252594485 0.3462587224167857
4.873294947506656 0.001330100349512668 0.3594097200110372
4.902610169407141 0.001378559656064453 0.3725040296291703
4.932101736520533 0.001426791138580416 0.3855367783485666
4.961770709648425 0.001474776770033667 0.3985030950415022
4.991618155973645 0.001522498542847535 0.4113981138359463
5.021645149098641 0.001569938479390781 0.4242169769514972
5.051852769084097 0.00161707864695759 0.436954838747164
5.082242102487784 0.001663901171221993 0.4496068693569183
5.112814242403641 0.00171038824565515 0.4621682572343628
5.1435702885011 0.001756522146101292 0.4746342130913325
5.174511347064628 0.001802285247855277 0.4869999745124634
5.205638531033534 0.001847660033138759 0.4992608079753461
5.23695296004199 0.001892629103208622 0.5114120121223775
5.26845576045931 0.001937175199673784 0.5234489235208253
5.300148065430462 0.001981281212083021 0.5353669187131543
5.332031014916829 0.002024930186384446 0.5471614165028829
5.364105755737212 0.00206810534631192 0.5588278837334574
5.39637344160908 0.00211079010697076 0.5703618389592814
5.42883523319007 0.002152968078275452 0.5817588533746274
5.461492298119737 0.002194623081923531 0.5930145554001925
5.494345811061548 0.002235739174325371 0.6041246368790133
5.52739695374514 0.002276300646449631 0.6150848530347017
5.560646915008824 0.002316292034327207 0.6258910253097473
5.594096890842349 0.002355698146939898 0.6365390489013809
5.627748084429916 0.002394504069942331 0.6470248937672844
5.661601706193463 0.002432695168430128 0.6573446053735873
5.695658973836199 0.00247025711124493 0.6674943112623832
5.729921112386407 0.002507175887292397 0.6774702254610617
5.764389354241504 0.00254343780024457 0.6872686470508165
5.799064939212376 0.002579029483966976 0.6968859643352437
5.833949114567966 0.00261393793163264 0.7063186627073126
5.869043135080146 0.002648150487886121 0.7155633225319874
5.904348263068843 0.002681654854311274 0.7246166206236866
5.939865768447451 0.002714439120567029 0.7334753386595591
5.975596928768503 0.002746491766946126 0.7421363638708859
6.01154302926963 0.002777801658410991 0.7505966874315001
6.047705362919785 0.002808358067432239 0.7588534106290342
6.084085230465758 0.002838150694641996 0.7669037504457068
6.120683940478954 0.002867169653801657 0.7747450354964225
6.15750280940247 0.002895405482151766 0.7823747088254389
6.194543161598441 0.002922849173279193 0.7897903367874887
6.231806329395683 0.002949492163954926 0.7969896054911848
6.269293653137611 0.002975326331603814 0.803970320115316
6.307006481230453 0.003000344024094693 0.8107304129585089
6.344946170191752 0.003024538063841074 0.817267944547286
6.383114084699157 0.003047901731672811 0.8235810992779889
6.421511597639515 0.003070428784076132 0.8296681900752494
6.460140090158249 0.003092113477705775 0.8355276650154752
6.499000951709037 0.003112950545938355 0.8411581009912769
6.538095580103793 0.003132935201649006 0.8465582044617509
6.577425381562945 0.003152063169316914 0.8517268201277958
6.616991770766014 0.003170330670259626 0.8566629269422382
6.656796170902505 0.0031877344104482 0.8613656348173332
6.696840013723089 0.003204271604406857 0.8658341910827509
6.737124739591115 0.003219939982246199 0.8700679823860377
6.777651797534409 0.003234737764171291 0.8740665278043815
6.818422645297399 0.003248663669347133 0.8778294812401758
6.859438749393552 0.003261716941361861 0.8813566383014909
6.900701585158119 0.003273897319887665 0.8846479286445025
6.942212636801205 0.003285205034694478 0.8877034143559157
6.983973397461158 0.003295640832168289 0.8905232971185422
7.025985369258271 0.003305205962121869 0.8931079146473961
7.068250063348816 0.003313902156474191 0.8954577349286064
7.110768999979402 0.003321731644069658 0.8975733602237562
7.153543708541653 0.003328697159844203 0.899455529546679
7.196575727627224 0.003334801913020606 0.9011051100694353
7.239866605083138 0.003340049586880288 0.9025230970606489
7.28341789806747 0.003344444360579295 0.9037106197804576
7.327231173105349 0.003347990880587261 0.9046689337629658
7.37130800614531 0.003350694246342299 0.9053994169400145
7.41564998261598 0.003352560027596018 0.905903574328024
7.460258697483103 0.003353594254241644 0.9061830352794241
7.505135755306914 0.003353803388602563 0.906239545994672
7.550282770299852 0.00335319433012589 0.9060749707905144
7.59570136638462 0.00335177442397654 0.9056912944222111
7.641393177252606 0.003349551427490143 0.9050906130186959
7.687359846422636 0.00334653350196727 0.904275131865272
7.733603027300095 0.003342729226697168 0.9032471691930022
7.780124383236402 0.003338147573889706 0.9020091494050057
7.826925587588838 0.003332797888346131 0.9005635975832442
7.874008323780734 0.003326689894280821 0.8989131413318446
7.921374285362025 0.003319833687412507 0.8970605086400472
7.969025176070168 0.003312239705269442 0.8950085198582924
8.016962709891423 0.003303918723085135 0.8927600865891978
8.065188611122505 0.003294881858200888 0.8903182128771771
8.113704614432605 0.003285140539570035 0.8876859869681049
8.162512464925786 0.003274706494122412 0.8848665776248275
8.211613918203758 0.003263591751038533 0.8818632352820971
8.26101074042902 0.00325180862153184 0.8786792865834852
8.310704708388393 0.003239369676572396 0.8753181283620439
8.360697609556926 0.00322628774432521 0.8717832269481113
8.410991242162195 0.003212575902198704 0.8680781160207074
8.461587415248985 0.003198247449992081 0.8642063893516176
8.512487948744354 0.003183315900104464 0.8601716981597797
8.563694673523104 0.003167794975012273 0.8559777504296399
8.615209431473632 0.003151698583123917 0.8516283043867896
8.667034075564182 0.003135040803315175 0.8471271643192306
8.719170469909495 0.003117835880193539 0.842478179297744
8.771620489837867 0.003100098207769692 0.8376852387637173
8.824386021958594 0.003081842309870626 0.8327522672365257
8.877468964229841 0.003063082831347433 0.8276832219377677
8.930871226026907 0.003043834527465467 0.8224820899243528
8.984594728210904 0.003024112243799124 0.8171528826558216
9.038641403197854 0.003003930904589735 0.8116996328485031
9.09301319502819 0.002983305502971268 0.8061263918343763
9.147712059436689 0.002962251083776063 0.8004372249149659
9.202739963922818 0.002940782730365945 0.7946362078029446
9.258098887821502 0.002918915553778875 0.7887274236894224
9.313790822374321 0.002896664678049889 0.7827149592774814
9.369817770801134 0.002874045227213282 0.7766029012700033
9.426181748372137 0.002851072314355855 0.7703953334117204
9.482884782480346 0.002827761026942795 0.7640963325240847
9.539928912714528 0.002804126415177064 0.7577099653598304
9.597316190932558 0.002780183482245604 0.7512402859673756
9.655048681335227 0.002755947169433283 0.7446913316684254
9.713128460540494 0.002731432344185766 0.7380671198324104
9.771557617658175 0.002706653792774755 0.731371645894543
9.830338254365088 0.002681626207314442 0.7246088798475003
9.889472484980656 0.002656364170887223 0.7177827622222085
9.948962436542953 0.002630882152613324 0.710897202755591
10.00881024888521 0.002605194498349617 0.703956077877275
10.06901807471279 0.002579315413515425 0.6969632260689084
10.12958807968063 0.002553258958280653 0.6899224465639328
10.1905224424711 0.002527039042748458 0.6828374980458816
10.25182335487242 0.002500669410668184 0.6757120942474104
10.31349302185747 0.002474163629997508 0.6685499014000722
10.3755336616631 0.002447535093509916 0.6613545383984644
10.43794750586993 0.002420797007466319 0.6541295737391578
10.50073679948262 0.002393962375133279 0.6468785210671163
10.56390380101059 0.002367044000656148 0.639604840222267
10.62745078254932 0.002340054484030273 0.6323119358806562
10.69138002986203 0.002313006202364196 0.6250031524915336
10.7556938424619 0.002285911310290893 0.617681774388473
10.82039453369479 0.002258781741934122 0.6103510263207051
10.88548443082247 0.002231629196330185 0.6030140695138948
10.95096587510631 0.002204465128467484 0.5956739992489173
11.01684122189147 0.002177300757744104 0.5883338471472033
11.08311284069168 0.00215014706086105 0.580996579250402
11.14978311527443 0.002123014754725741 0.5736650914006938
11.21685444374672 0.00209591430633487 0.5663422119112587
11.28432923864131 0.002068855933323313 0.5590307017146027
11.35220992700354 0.002041849587134944 0.5517332498150982
11.42049895047856 0.002014904955132039 0.5444524738589736
11.48919876539923 0.001988031469319776 0.5371909224917817
11.55831184287442 0.001961238296082274 0.5299510725849489
11.62784066887791 0.001934534326788165 0.522735326697283
11.69778774433782 0.001907928192129593 0.5155460169495507
11.76815558522656 0.001881428260178754 0.5083854044993306
11.83894672265132 0.001855042620743952 0.501255675313823
11.91016370294514 0.00182877909753253 0.4941589434564267
11.98180908775847 0.001802645254319259 0.4870972527535143
12.05388545415131 0.001776648382370659 0.4800725733963271
12.12639539468595 0.001750795501877526 0.4730868023280614
12.19934151752018 0.001725093375870138 0.466141767003931
12.27272644650111 0.00169954850525418 0.4592392240498123
12.34655282125957 0.001674167119359223 0.4523808567083249
12.42082329730504 0.001648955193068314 0.4455682794674614
12.49554054612116 0.001623918449617572 0.4388030388170727
12.57070725526186 0.001599062348281022 0.4320866099211563
12.64632612844798 0.001574392096097896 0.4254203997867196
12.72239988566455 0.001549912657441171 0.4188057498493188
12.79893126325863 0.001525628746519362 0.4122439339469485
12.87592301403773 0.001501544833696065 0.4057361600276629
12.95337790736882 0.001477665150322381 0.399283571455355
13.03129872927796 0.001453993687363085 0.3928872466385326
13.10968828255048 0.00143053420657402 0.3865482020505874
13.18854938683184 0.001407290242898807 0.380267392877418
13.26788487872902 0.001384265109132204 0.3740457142775264
13.34769761191256 0.001361461893102093 0.3678840006205557
13.42799045721921 0.001338883464613712 0.36178302736371
13.50876630275517 0.001316532488211233 0.3557435145000891
13.59002805400002 0.001294411420668833 0.3497661258807475
13.67177863391118 0.00127252250974047 0.3438514688768666
13.7540209830291 0.001250867810442622 0.3380000987795546
13.83675805958297 0.001229449188158139 0.3322125196385456
13.91999283959716 0.001208268312815569 0.3264891826893818
14.00372831699829 0.001187326672529454 0.3208304900391902
14.08796750372286 0.001166625581924727 0.3152367969160405
14.17271342982564 0.001146166178272613 0.3097084106248158
14.25796914358864 0.001125949427199507 0.3042455920898233
14.34373771163077 0.001105976135464219 0.2988485593073653
14.43002221901811 0.001086246951581683 0.2935174875142735
14.51682576937491 0.001066762364463004 0.2882525088204322
14.60415148499523 0.001047522717317338 0.2830537159652401
14.69200250695523 0.001028528212444412 0.277921163612609
14.78038199522615 0.001009778908146501 0.2728548675165416
14.86929312878798 0.0009912747285319417 0.267854807170163
14.95873910574384 0.0009730154720760322 0.2629209281189827
15.04872314343496 0.0009550008108548245 0.258053141753856
15.13924847855642 0.0009372302939447405 0.2532513262296027
15.2303183672736 0.0009197033584462383 0.248515329443739
15.3219360853393 0.00090241933194558 0.2438449697016782
15.41410492821153 0.0008853774317428455 0.2392400355081303
15.50682821117208 0.0008685767752354749 0.2347002883728649
15.60010926944577 0.0008520163850392744 0.2302254641944707
15.69395145832038 0.0008356951881775885 0.2258152730412597
15.7883581532674 0.0008196120224072518 0.2214694008606189
15.88333275006339 0.0008037656436477206 0.2171875114864535
15.97887866491215 0.0007881547270414674 0.2129692469257195
16.07499933456759 0.0007727778690110472 0.2088142279142685
16.17169821645737 0.0007576335955589375 0.2047220561595677
16.26897878880723 0.0007427203652332785 0.2006923151420806
16.36684455076612 0.0007280365692956985 0.1967245701606148
16.46529902253208 0.0007135805385322327 0.1928183701727177
16.56434574547881 0.0006993505477268433 0.1889732490034778
16.66398828228309 0.0006853448163031526 0.1851887255189281
16.76423021705294 0.0006715615121463545 0.1814643046587751
16.86507515545651 0.0006579987571265437 0.177799478928871
16.96652672485178 0.0006446546288525171 0.1741937288751126
17.06858857441703 0.0006315271622034585 0.1706465234973221
17.17126437528214 0.000618614354751853 0.1671573217145857
17.27455782066058 0.0006059141693852227 0.1637255730736796
17.37847262598229 0.0005934245352425279 0.1603507180020972
17.48301252902732 0.0005811433517143402 0.1570321888889462
17.58818129006027 0.0005690684917040821 0.1537694109661757
17.69398269196554 0.0005571978029075708 0.150561802654325
17.80042054038342 0.0005455291101661136 0.1474087761983599
17.90749866384694 0.0005340602189247139 0.1443097386021223
18.01522091391964 0.0005227889169077313 0.1412640920811153
18.12359116533404 0.0005117129755755537 0.1382712344561134
18.23261331613107 0.0005008301531359485 0.135330559966868
18.34229128780023 0.0004901381964089576 0.1324414597760245
18.45262902542071 0.0004796348421428155 0.1296033223247007
18.56363049780323 0.0004693178192216081 0.1268155339290227
18.67529969763284 0.0004591848505570009 0.1240774792912945
18.78764064161249 0.0004492336544097313 0.121388541857081
18.90065737060757 0.0004394619460661928 0.1187481042682423
19.0143539497912 0.0004298674395091505 0.116155548814382
19.12873446879051 0.0004204478486309179 0.1136102577606622
19.24380304183367 0.0004112008887332159 0.1111116137530849
19.35956380789796 0.0004021242778891788 0.1086590001865222
19.47602093085858 0.000393215737937762 0.1062518014734184
19.59317859963845 0.0003844729958278566 0.103889403406986
19.71104102835891 0.0003758937849088878 0.1015711935099418
19.82961245649123 0.0003674758456027528 0.09929656121607283
19.94889714900919 0.0003592169264399749 0.09706489815021817
20.06889939654243 0.0003511147855124107 0.09487559852080847
20.18962351553079 0.0003431671908637399 0.09272805922538122
20.31107384837959 0.0003353719211372454 0.09062168002561902
20.4332547636158 0.000327726767038628 0.08855586394262042
20.55617065604522 0.0003202295318209394 0.08653001738793484
20.67982594691049 0.0003128780314750381 0.08454355021502602
20.80422508405019 0.000305670095870514 0.08259587602756434
20.92937254205879 0.0002986035697256503 0.08068641244152237
21.05527282244758 0.0002916763123649089 0.07881458101964456
21.18193045380665 0.0002848861983538258 0.07697980744300387
21.30934999196772 0.0002782311188938137 0.07518152188789479
21.43753602016806 0.0002717089814914146 0.07341915893646137
21.5664931492153 0.0002653177100719422 0.0716921576074047
21.69622601765332 0.0002590552462838217 0.06999996170843191
21.82673929192908 0.0002529195496893457 0.06834201988780064
21.95803766656046 0.0002469085973173073 0.06671778551343517
22.09012586430514 0.0002410203844939776 0.06512671689746667
22.22300863633048 0.0002352529257983528 0.06356827755435307
22.35669076238438 0.0002296042542473613 0.06204193598071164
22.49117705096725 0.0002240724215456176 0.06054716572280586
22.62647233950495 0.000218655499420825 0.05908344573738775
22.76258149452277 0.0002133515790264253 0.0576502602302864
22.89950941182054 0.00020815877060677 0.05624709856593295
23.03726101664865 0.0002030752045755693 0.05487345555877123
23.17584126388527 0.0001980990317400245 0.05352883153382079
23.31525513821456 0.0001932284224127604 0.05221273208671027
23.45550765430593 0.0001884615669170245 0.0509246682201883
23.59660385699449 0.0001837966766219832 0.04966415662387356
23.73854882146243 0.0001792319828660536 0.0484307193833256
23.88134765342164 0.000174765736874794 0.04722388395785777
24.02500548929732 0.0001703962109692821 0.04604318350705615
24.16952749641275 0.000166121698026253 0.04488815674490206
24.31491887317515 0.0001619405107916355 0.04375834775428102
24.46118484926266 0.0001578509826874163 0.04265330620500754
24.60833068581249 0.000153851468222734 0.04157258746490779
24.7563616756101 0.000149940341848317 0.04051575229027452
24.90528314327963 0.0001461159981650962 0.03948236688223671
25.05510044547539 0.0001423768530056166 0.0384720031789706
25.20581897107455 0.0001387213423461652 0.03748423856174291
25.357444141371 0.0001351479219457748 0.03651865575736532
25.5099814102703 0.0001316550683685601 0.03557484311444239
25.66343626448592 0.0001282412786672828 0.03465239451786682
25.81781422373652 0.0001249050694470969 0.03375090913583187
25.97312084094457 0.0001216449773956559 0.03286999156307283
26.12936170243603 0.0001184595598978697 0.03200925198698215
26.28654242814131 0.0001153473937921679 0.0311683058515361
26.44466867179741 0.0001123070753309673 0.03034677384661268
26.6037461211513 0.0001093372212186183 0.02954428218845768
26.76378049816449 0.0001064364676924737 0.02876046237137797
26.92477755921884 0.0001036034699298041 0.02799495100748272
27.08674309532363 0.0001008369028462464 0.02724739004243409
27.24968293232387 9.813546105801237e-05 0.02651742674523547
27.41360293110984 9.549785779485142e-05 0.02580471341450053
27.57850898782788 9.292282517318403e-05 0.02510890745225727
27.74440703409252 9.040911495213944e-05 0.02442967156823879
27.91130303719981 8.795549732916187e-05 0.02376667345444113
28.07920300034196 8.556076069460481e-05 0.02311958571881151
28.24811296282329 8.322371254689733e-05 0.02248808613253773
28.41803900027744 8.094317883576032e-05 0.02187185745257701
28.58898722488593 7.871800319313858e-05 0.02127058721384421
28.76096378559799 7.654704749616582e-05 0.02068396788133202
28.93397486835177 7.442919208297004e-05 0.02011169690842427
29.1080266962968 7.236333461122551e-05 0.0195534764284624
29.28312553001787 7.034839011370837e-05 0.01900901326975731
29.4592776677602 6.838329179497369e-05 0.01847801917086142
29.63648944565603 6.646698998095818e-05 0.01796021049673822
29.81476723795246 6.459845170107601e-05 0.01745530812583935
29.99411745724076 6.277666143056051e-05 0.0169630376506946
30.17454655468706 6.100062072139072e-05 0.01648312927818361
30.35606102026435 5.926934731822729e-05 0.01601531759065079
30.53866738298595 5.758187549522515e-05 0.01555934163691622
30.72237221114033 5.593725646515264e-05 0.01511494504282484
30.90718211252742 5.433455726683246e-05 0.01468187571061903
31.09310373469621 5.277286064557608e-05 0.01425988578663052
31.28014376518396 5.12512657978696e-05 0.01384873186250382
31.46830893175665 4.976888755165458e-05 0.01344817475369786
31.65760600265105 4.832485580934666e-05 0.01305797934898265
31.84804178681812 4.691831609677256e-05 0.01267791475876893
32.03962313416796 4.554842945911867e-05 0.01230775428699217
32.23235693581619 4.421437152700307e-05 0.01194727517875357
32.42625012433181 4.29153326552703e-05 0.01159625865782416
32.62130967398656 4.165051843907169e-05 0.01125449006609612
32.81754260100581 4.041914870953569e-05 0.01092175859220037
33.01495596382091 3.922045727617926e-05 0.01059785720190293
33.21355686332307 3.805369255600708e-05 0.01028258280809536
33.4133524431188 3.691811701216838e-05 0.009975736119112847
33.61434988978685 3.581300650164772e-05 0.009677121462472087
33.81655643313671 3.473765063359065e-05 0.009386546881695362
34.01997934646867 3.369135287631523e-05 0.0091038241652264
34.22462594683541 3.267342963675489e-05 0.008828768597684333
34.43050359530524 3.168321024189995e-05 0.008561198954848958
34.63761969722685 3.072003747196027e-05 0.008300937647727951
34.84598170249565 2.97832667285945e-05 0.008047810497802023
35.0555971058218 2.887226566996045e-05 0.007801646638410972
35.26647344699975 2.798641469501473e-05 0.007562278645617497
35.47861831117944 2.712510662723793e-05 0.007329542452745789
35.69203932913916 2.628774601586085e-05 0.007103277161564133
35.90674417756002 2.547374932453187e-05 0.006883325093265189
36.12274057930207 2.468254517935557e-05 0.006669531855489126
36.34003630368208 2.391357351903791e-05 0.006461746112682239
36.55863916675303 2.31662854602977e-05 0.006259819549729437
36.77855703158521 2.24401437763734e-05 0.006063607001252779
36.9997978085491 2.173462227404288e-05 0.005872966283274408
37.22236945559986 2.104920535233024e-05 0.00568775807397364
37.4462799785636 2.038338833813921e-05 0.005507846004379298
37.67153743142533 1.973667737505008e-05 0.005333096628321246
37.89814991661868 1.910858872607442e-05 0.005163379234026024
38.12612558531732 1.849864882497289e-05 0.004998565857983549
38.35547263772817 1.790639459223247e-05 0.004838531370328105
38.58619932338635 1.733137270316317e-05 0.004683153277068951
38.81831394145193 1.677313937031662e-05 0.004532311661297092
39.05182484100842 1.623126072902165e-05 0.004385889287361813
39.2867404213631 1.570531242212029e-05 0.004243771488661169
39.52306913234914 1.519487911819704e-05 0.004105846037461506
39.76081947462954 1.469955471207724e-05 0.003972003199074633
40.00000000000288 1.421894236329278e-05 0.003842135742251726
