##########################################################################################
#
# SZ signal computed with SZpack v1.1.1
# Runmode: CNSN-basis
#
# General parameters:
# xmin= 0.1 xmax= 40 np= 1000
# Dtau= 0.01
# Te= 33keV (The ~ 0.0645794)
# betac= 0 muc= 1
# betao= 0 muo= 1
#
# Runmode specific parameters:
# eps= 0
# Te_order= 20 beta_order= 2
#
##########################################################################################
#
# Output format: x = (h nu/k T0) | x^3 Dn(x) | DI(x) in MJy/sr 
# Here a CMB temperature of T0 = 2.726 K is assumed.
#
##########################################################################################
0.1 -1.161775863298726e-05 -0.003139263423972203
0.1006015482792701 -1.17576455740919e-05 -0.003177062621870345
0.1012067151618632 -1.189921312371993e-05 -0.003215315941172984
0.1018155224154252 -1.2042481387365e-05 -0.003254028814635507
0.1024279919385451 -1.218747070291514e-05 -0.003293206737809168
0.1030441457615424 -1.233420164470778e-05 -0.003332855270136802
0.1036640060472596 -1.248269504019228e-05 -0.003372980039455242
0.1042875950918594 -1.263297196149097e-05 -0.003413586739715018
0.1049149353256267 -1.278505372295818e-05 -0.003454681130320764
0.1055460493137754 -1.293896189663208e-05 -0.003496269040306515
0.10618095975726 -1.309471831434626e-05 -0.00353835636890626
0.1068196894935924 -1.325234505862314e-05 -0.003580949083093246
0.1074622614976628 -1.341186447192423e-05 -0.003624053220079508
0.1081086988825668 -1.35732991707461e-05 -0.003667674891124773
0.1087590249004362 -1.373667203352331e-05 -0.003711820278267687
0.1094132629432757 -1.390200620273502e-05 -0.003756495634895034
0.1100714365438043 -1.406932510383647e-05 -0.003801707290857276
0.1107335693763015 -1.423865243913811e-05 -0.003847461650814609
0.1113996852574591 -1.441001218241145e-05 -0.003893765192779395
0.1120698081472377 -1.458342859404077e-05 -0.00394062447221034
0.1127439621497288 -1.475892622819893e-05 -0.003988046123951499
0.1134221715140214 -1.493652992086912e-05 -0.004036036858995592
0.1141044606350749 -1.511626479730279e-05 -0.00408460346649924
0.1147908540545956 -1.529815629077595e-05 -0.004133752818851136
0.1154813764619206 -1.548223013004404e-05 -0.00418349186828221
0.1161760526949047 -1.566851233896691e-05 -0.00423382764676429
0.1168749077408149 -1.58570292568529e-05 -0.004284767271507319
0.1175779667372284 -1.604780753622802e-05 -0.004336317944356566
0.118285254972937 -1.624087413398803e-05 -0.004388486949401812
0.118996797888857 -1.643625632549482e-05 -0.004441281656786354
0.119712621078944 -1.663398171765129e-05 -0.004494709526240015
0.1204327502911136 -1.683407823427982e-05 -0.004548778103128212
0.1211572114281675 -1.703657412140331e-05 -0.004603495019878969
0.1218860305487253 -1.724149797003854e-05 -0.004658868002141969
0.1226192338681618 -1.744887870465322e-05 -0.004714904865669487
0.12335684775955 -1.765874557969959e-05 -0.004771613515379746
0.1240988987546095 -1.787112820068806e-05 -0.004829001951051267
0.124845413544661 -1.80860565270149e-05 -0.00488707826808695
0.1255964189815867 -1.830356085943797e-05 -0.004945850654129857
0.1263519420787953 -1.852367185246751e-05 -0.005005327392411359
0.1271120100121947 -1.874642053370658e-05 -0.005065516866977163
0.1278766501211688 -1.897183828736562e-05 -0.005126427558232748
0.128645889909561 -1.919995685683568e-05 -0.005188068043638675
0.1294197570466637 -1.94308083703333e-05 -0.005250447004640154
0.1301982793682135 -1.966442533286629e-05 -0.005313573224496101
0.1309814848773924 -1.990084061857882e-05 -0.00537745558621069
0.1317694017458348 -2.01400874910485e-05 -0.00544210307801787
0.1325620583146414 -2.038219961340411e-05 -0.005507524796115295
0.1333594830953982 -2.062721103183043e-05 -0.005573729940207149
0.1341617047712022 -2.087515618535114e-05 -0.00564072781614758
0.1349687521976928 -2.112606993143628e-05 -0.005708527842860168
0.1357806544040905 -2.137998752904626e-05 -0.005777139547756203
0.13659744059424 -2.163694463776888e-05 -0.005846572566501502
0.1374191401476617 -2.18969773452102e-05 -0.005916836650417756
0.1382457826206078 -2.216012216435501e-05 -0.005987941665769302
0.1390773977471256 -2.242641602120973e-05 -0.006059897590424068
0.1399140154401271 -2.269589627353458e-05 -0.006132714518915262
0.140755665792465 -2.296860072892674e-05 -0.006206402667327653
0.1416023790780148 -2.324456762484714e-05 -0.006280972367900549
0.1424541857527642 -2.35238356353632e-05 -0.006356434070849797
0.1433111164559082 -2.380644390192121e-05 -0.006432798352682844
0.1441732020109516 -2.409243201825188e-05 -0.00651007591212003
0.1450404734268171 -2.438184002505137e-05 -0.00658827756865735
0.1459129618989614 -2.467470843783362e-05 -0.00666741427009248
0.1467906988104967 -2.497107825175676e-05 -0.00674749709382895
0.1476737157333199 -2.527099092415056e-05 -0.006828537242154834
0.148562044429248 -2.557448839066931e-05 -0.006910546046607468
0.1494557168511607 -2.588161309185042e-05 -0.006993534975149902
0.1503547651441497 -2.619240795071635e-05 -0.007077515626118682
0.151259221646675 -2.650691637580501e-05 -0.007162499729042677
0.152169118891728 -2.682518229564835e-05 -0.007248499153959647
0.1530844896080017 -2.714725014827747e-05 -0.007335525908580378
0.1540053667210681 -2.747316487040043e-05 -0.0074235921353644
0.1549317833545624 -2.780297192435229e-05 -0.007512710118802215
0.1558637728313743 -2.813671731221519e-05 -0.00760289228923073
0.156801368674847 -2.847444755321294e-05 -0.007694151216724988
0.1577446046099826 -2.881620969639547e-05 -0.007786499614525658
0.1586935145646554 -2.91620513552957e-05 -0.007879950348403764
0.1596481326708324 -2.951202068513011e-05 -0.007974516430499991
0.1606084932658007 -2.98661663811151e-05 -0.008070211018869743
0.1615746308934029 -3.022453771502035e-05 -0.008167047427360321
0.1625465803052792 -3.058718453207209e-05 -0.008265039124774137
0.1635243764621181 -3.095415723379071e-05 -0.008364199730231241
0.1645080545349132 -3.132550680263895e-05 -0.008464543019829554
0.1654976499062288 -3.170128482676502e-05 -0.008566082933330771
0.1664931981714723 -3.208154347284471e-05 -0.008668833566821958
0.1674947351401746 -3.246633549458151e-05 -0.008772809175012403
0.1685022968372784 -3.285571427396653e-05 -0.008878024182382552
0.1695159195044337 -3.324973380124228e-05 -0.008984493177769962
0.1705356396013016 -3.364844866713147e-05 -0.009092230912269449
0.1715614938068656 -3.405191409971278e-05 -0.009201252309197366
0.172593519020751 -3.446018597142393e-05 -0.009311572465983919
0.1736317523645521 -3.487332077506593e-05 -0.009423206647689223
0.1746762311831677 -3.52913756447953e-05 -0.009536170292675658
0.1757269930461439 -3.571440839201589e-05 -0.009650479022306289
0.1767840757490262 -3.614247747517743e-05 -0.009766148632784055
0.1778475173147181 -3.657564200317991e-05 -0.009883195096071676
0.1789173559948495 -3.701396178120723e-05 -0.01000163457227648
0.1799936302711521 -3.745749729707837e-05 -0.0101214834059623
0.1810763788568441 -3.790630970604568e-05 -0.01024275812204182
0.1821656406980222 -3.836046086614942e-05 -0.01036547543532978
0.1832614549750625 -3.882001335761199e-05 -0.01048965225578355
0.1843638611040305 -3.928503045208111e-05 -0.01061530568019226
0.1854728987380978 -3.975557612881366e-05 -0.01074245299654987
0.1865886077689693 -4.023171512099405e-05 -0.01087111169657096
0.1877110283283176 -4.071351288530137e-05 -0.0110012994674674
0.1888402007892269 -4.12010355988743e-05 -0.01113303419112826
0.1899761657676448 -4.16943502074697e-05 -0.01126633395713283
0.1911189641238435 -4.219352442185283e-05 -0.0114012170617752
0.1922686369638894 -4.269862669412584e-05 -0.01153770200166796
0.1934252256411219 -4.32097262496869e-05 -0.01167580748237795
0.1945887717576404 -4.372689312058729e-05 -0.01181555242743972
0.1957593171658014 -4.425019810890196e-05 -0.01195695596845786
0.1969369039697233 -4.477971279717663e-05 -0.01210003744792989
0.1981215745268011 -4.531550960298388e-05 -0.012244816433988
0.19931337144923 -4.585766175250777e-05 -0.01239131271326133
0.2005123376055381 -4.640624326928129e-05 -0.01253954628783264
0.2017185161221286 -4.696132902229673e-05 -0.01268953738823832
0.2029319503848305 -4.75229947358322e-05 -0.01284130647612372
0.2041526840404598 -4.809131695678499e-05 -0.01299487423541611
0.205380760998389 -4.866637308147016e-05 -0.01315026157956609
0.2066162254321268 -4.924824140334568e-05 -0.01330748966444344
0.2078591217809067 -4.983700107265656e-05 -0.01346657987743252
0.2091094947512857 -5.043273209994117e-05 -0.01362755383837967
0.2103673893187526 -5.103551541599596e-05 -0.01379043341579648
0.2116328507293451 -5.164543285420004e-05 -0.01395524072208363
0.2129059245012778 -5.226256712934321e-05 -0.01412199810780997
0.2141866564265795 -5.28870018832059e-05 -0.01429072817402879
0.2154750925727398 -5.351882171061158e-05 -0.01446145377931752
0.2167712792843669 -5.415811211800048e-05 -0.0146341980285838
0.2180752631848539 -5.480495954359261e-05 -0.01480898427851382
0.2193870911780562 -5.545945141818646e-05 -0.01498583615400086
0.2207068104499787 -5.612167612492943e-05 -0.01516477753727475
0.2220344684704725 -5.679172299412036e-05 -0.01534583256649748
0.2233701129949433 -5.746968236550311e-05 -0.01552902565259569
0.2247137920660681 -5.815564558397139e-05 -0.01571438147810005
0.2260655540155243 -5.884970496723807e-05 -0.01590192498840911
0.2274254474657272 -5.955195384642452e-05 -0.01609168140275704
0.2287935213315797 -6.026248661020002e-05 -0.0162836762261407
0.2301698248222314 -6.098139865564262e-05 -0.01647793523604153
0.2315544074428487 -6.170878640057507e-05 -0.01667448448575898
0.2329473189963953 -6.244474735458996e-05 -0.01687335032360232
0.2343486095854241 -6.318938008456877e-05 -0.01707455938357346
0.2357583296138787 -6.3942784198296e-05 -0.01727813858093935
0.237176529788907 -6.470506040563332e-05 -0.01748411512876189
0.2386032611226849 -6.547631053211564e-05 -0.01769251654157187
0.2400385749342508 -6.625663747495205e-05 -0.0179033706234798
0.2414825228513524 -6.704614523625937e-05 -0.01811670547715604
0.2429351568123028 -6.784493898507829e-05 -0.01833254952058837
0.2443965290678495 -6.865312500413115e-05 -0.01855093147269525
0.2458666921830531 -6.947081069281413e-05 -0.01877188035413436
0.2473456990391787 -7.029810464383431e-05 -0.01899542550801086
0.2488336028355976 -7.113511662039706e-05 -0.01922159659371316
0.250330457091701 -7.198195752709533e-05 -0.01945042357904689
0.2518363156488252 -7.283873946717031e-05 -0.01968193675570734
0.2533512326721881 -7.370557577620806e-05 -0.01991616674838482
0.2548752626528374 -7.458258096770515e-05 -0.02015314450005572
0.2564084604096108 -7.546987075677217e-05 -0.02039290127838757
0.2579508810911079 -7.636756213580379e-05 -0.02063546869618601
0.2595025801776736 -7.727577333147268e-05 -0.02088087869977396
0.261063613483394 -7.819462378060058e-05 -0.02112916356247178
0.2626340371581039 -7.912423419007607e-05 -0.02138035590078772
0.2642139076894062 -8.006472663368001e-05 -0.02163448870058138
0.2658032819047042 -8.101622441051896e-05 -0.02189159527881069
0.2674022169732455 -8.19788520298019e-05 -0.02215170927941834
0.2690107704081783 -8.295273543281145e-05 -0.0224148647333112
0.2706290000686201 -8.393800185406403e-05 -0.02268109602084406
0.2722569641617388 -8.493477980705619e-05 -0.02295043786796811
0.2738947212448469 -8.594319920620421e-05 -0.02322292537918055
0.2755423302275071 -8.69633913136361e-05 -0.02349859402314708
0.2771998503736515 -8.799548871521398e-05 -0.02377747962622291
0.2788673413037137 -8.903962539829587e-05 -0.02405961839346495
0.2805448629967726 -9.009593676765719e-05 -0.02434504691293398
0.2822324757927104 -9.116455958751834e-05 -0.02463380214002975
0.283930240394383 -9.224563202136316e-05 -0.02492592140825051
0.285638217869803 -9.333929370951871e-05 -0.02522144245015596
0.2873564696543368 -9.444568570023492e-05 -0.02552040337874414
0.2890850575529139 -9.556495045096231e-05 -0.02582284268779668
0.2908240437422505 -9.669723192283506e-05 -0.02612879927740931
0.2925734907730859 -9.784267555135877e-05 -0.02643831244607134
0.294333461572432 -9.900142820697819e-05 -0.02675142188001052
0.2961040194458372 -0.0001001736382641899 -0.02706816767186822
0.2978852280796634 -0.0001013594556434508 -0.02738859033202354
0.2996771515433765 -0.0001025590317396953 -0.02771273076927786
0.3014798542918515 -0.0001037725194497265 -0.02804063029825623
0.3032934011676903 -0.0001050000732675287 -0.02837233066516194
0.3051178574035545 -0.0001062418492171937 -0.02870787402965249
0.3069532886245115 -0.0001074980048391335 -0.02904730296111399
0.3087997608503953 -0.0001087686992846063 -0.02939066046420337
0.3106573404981812 -0.0001100540933080442 -0.02973798997677506
0.3125260943843745 -0.0001113543492099044 -0.03008933535443887
0.3144060897274139 -0.0001126696308950093 -0.03044474088632401
0.3162973941500897 -0.0001140001039405541 -0.03080425131345585
0.3182000756819758 -0.000115345935514179 -0.03116791180661771
0.3201142027618771 -0.0001167072943873998 -0.03153576796998018
0.3220398442402905 -0.0001180843510419356 -0.03190786586983217
0.3239770693818822 -0.0001194772776132484 -0.03228425201932448
0.3259259478679787 -0.0001208862478586734 -0.03266497336985839
0.3278865497990735 -0.0001223114372463976 -0.03305007733512863
0.3298589456973481 -0.0001237530229742528 -0.03343961179620157
0.3318432065092091 -0.0001252111838951058 -0.03383362508135471
0.3338394036078401 -0.0001266861005610648 -0.03423216597802174
0.3358476087957689 -0.0001281779553152399 -0.03463528375758752
0.3378678943074497 -0.0001296869322049186 -0.03504302815192685
0.3399003328118625 -0.0001312132169789266 -0.03545544935269138
0.3419449974151257 -0.0001327569971975535 -0.03587259804101293
0.3440019616631268 -0.0001343184621949361 -0.03629452537733906
0.3460712995441669 -0.0001358978030270213 -0.0367212829873718
0.3481530854916227 -0.0001374952125496288 -0.03715292298316134
0.3502473943866234 -0.000139110885466052 -0.03758949797596833
0.3523543015607447 -0.0001407450182370786 -0.03803106105195033
0.3544738827987177 -0.0001423978091087346 -0.03847766577965852
0.3566062143411555 -0.0001440694582214942 -0.03892936623954769
0.3587513728872951 -0.0001457601675269721 -0.03938621700146541
0.3609094355977566 -0.0001474701407664069 -0.03984827311883789
0.3630804800973185 -0.000149199583576739 -0.04031559015733374
0.3652645844777097 -0.0001509487034783165 -0.0407882241915418
0.3674618273004187 -0.0001527177098021445 -0.04126623178531299
0.369672287599519 -0.0001545068137522887 -0.04174967000862265
0.3718960448845125 -0.0001563162284812097 -0.04223859645792674
0.374133179143189 -0.0001581461689888154 -0.04273306922888449
0.3763837708445035 -0.0001599968521321589 -0.04323314691897903
0.3786479009414707 -0.0001618684967426237 -0.04373888865918216
0.3809256508740766 -0.0001637613235560644 -0.04425035409507756
0.3832171025722083 -0.0001656755551696113 -0.0447676033751888
0.3855223384586003 -0.0001676114161368301 -0.04529069717669283
0.3878414414518001 -0.0001695691329844266 -0.04581969670993359
0.3901744949691499 -0.0001715489341202048 -0.04635466369355123
0.3925215829297878 -0.0001735510498761667 -0.04689566036612829
0.3948827897576659 -0.0001755757126062585 -0.04744274951260188
0.3972582003845871 -0.0001776231565815988 -0.04799599443595291
0.3996479002532602 -0.0001796936179801991 -0.0485554589544287
0.402051975320373 -0.0001817873350021596 -0.04912120743267014
0.4044705120596843 -0.0001839045478214105 -0.04969330476867155
0.4069035974651345 -0.0001860454985196601 -0.05027181637593279
0.4093513190539743 -0.0001882104311642507 -0.05085680820449682
0.4118137648699132 -0.0001903995918536525 -0.05144834675324265
0.4142910234862858 -0.0001926132286098484 -0.05204649904080652
0.4167831840092382 -0.0001948515914000497 -0.05265133261144963
0.4192903360809331 -0.000197114932246757 -0.05326291556479797
0.4218125698827739 -0.0001994035051288664 -0.05388131652912005
0.4243499761386489 -0.0002017175659491448 -0.05450660465253834
0.4269026461181943 -0.0002040573726379286 -0.05513884963104981
0.429470671640077 -0.0002064231851312342 -0.05577812170261127
0.4320541450752978 -0.000208815265282931 -0.05642449162340731
0.4346531593505136 -0.0002112338769201896 -0.0570780306828332
0.43726780795138 -0.0002136792859127054 -0.05773881072219986
0.4398981849259138 -0.0002161517600557599 -0.05840690410313561
0.4425443848878763 -0.0002186515690695825 -0.05908238370741375
0.4452065030201759 -0.0002211789847085581 -0.05976532296646181
0.4478846350782926 -0.0002237342806779715 -0.06045579583886478
0.4505788773937215 -0.000226317732577812 -0.06115387679518049
0.4532893268774382 -0.0002289296179865218 -0.06185964084056942
0.4560160810233846 -0.0002315702164655224 -0.06257316351601785
0.458759237911976 -0.0002342398094533023 -0.063294520869719
0.4615188962136283 -0.0002369386802952263 -0.06402378946512778
0.464295155192308 -0.0002396671143260235 -0.06476104640325031
0.4670881147091019 -0.0002424253987521396 -0.06550636929085381
0.4698978752258099 -0.0002452138226279353 -0.06625983623403518
0.4727245378085577 -0.0002480326769511087 -0.06702152586400549
0.4755682041314329 -0.0002508822546007451 -0.06779151732034992
0.4784289764801414 -0.0002537628502587177 -0.06856989022978964
0.4813069577556875 -0.0002566747604666713 -0.06935672472157917
0.4842022514780743 -0.0002596182836510835 -0.07015210143427848
0.487114961790028 -0.0002625937200055898 -0.07095610148395563
0.4900451934607434 -0.0002656013714942629 -0.07176880646507292
0.4929930518896525 -0.0002686415419317933 -0.07259029847215265
0.4959586431102161 -0.0002717145368747611 -0.07342066007039751
0.4989420737937372 -0.0002748206635744991 -0.07425997428295347
0.5019434512531983 -0.0002779602310472979 -0.07510832460988018
0.504962883447121 -0.0002811335500333448 -0.07596579501705561
0.5080004789834501 -0.000284340932900209 -0.07683246991009675
0.5110563471234592 -0.0002875826936686834 -0.07770843414134218
0.5141305977856812 -0.0002908591480459259 -0.07859377301880741
0.5172233415498623 -0.000294170613304534 -0.07948857227350926
0.520334689660939 -0.000297517408260181 -0.08039291805342291
0.52346475403304 -0.0003008998533319126 -0.08130689693977475
0.5266136472535116 -0.0003043182704488352 -0.08223059592182841
0.5297814825869668 -0.0003077729829818729 -0.08316410237844472
0.5329683739793606 -0.0003112643157797456 -0.08410750408780339
0.5361744360620875 -0.0003147925951407425 -0.08506088921977574
0.5393997841561053 -0.0003183581487060287 -0.08602434630709505
0.5426445342760833 -0.0003219613054530871 -0.08699796424358429
0.5459088031345746 -0.0003256023957182598 -0.08798183229024716
0.5491927081462149 -0.0003292817510817648 -0.08897604004419818
0.5524963674319456 -0.0003329997043219458 -0.08998067742630031
0.5558198998232626 -0.0003367565894399406 -0.0909958346878309
0.5591634248664905 -0.0003405527415803124 -0.09202160238903499
0.5625270628270829 -0.000344388496948173 -0.09305807137673107
0.565910934693948 -0.0003482641928053331 -0.09410533278327096
0.5693151621838011 -0.0003521801674382247 -0.09516347801787192
0.5727398677455418 -0.0003561367600513032 -0.09623259873781255
0.5761851745646592 -0.000360134310730263 -0.09731278683849329
0.5796512065676627 -0.0003641731604312298 -0.09840413445051595
0.5831380884265391 -0.0003682536508780415 -0.09950673391192774
0.5866459455632378 -0.0003723761244980538 -0.1006206777508752
0.5901749041541815 -0.0003765409243990216 -0.1017460586793572
0.5937250911348052 -0.0003807483942919077 -0.102882969572367
0.5972966342041217 -0.0003849988784042363 -0.1040315034444791
0.6008896618293151 -0.0003892927214352091 -0.1051917534377211
0.6045043032503616 -0.0003936302684948953 -0.1063638128051423
0.6081406884846782 -0.0003980118650085944 -0.107547774884971
0.6117989483317994 -0.0004024378566549934 -0.1087437330839041
0.6154792143780822 -0.0004069085893001771 -0.1099517808592756
0.619181619001439 -0.0004114244089044263 -0.1111720116938726
0.6229062953760992 -0.0004159856614495544 -0.1124045190763003
0.6266533774773996 -0.0004205926928608724 -0.1136493964798966
0.6304230000866031 -0.0004252458489086949 -0.1149067373361172
0.6342152987957473 -0.0004299454751324186 -0.116176635014021
0.6380304100125211 -0.0004346919167583977 -0.1174591827980787
0.6418684709651717 -0.0004394855185796425 -0.1187544738556663
0.6457296197074404 -0.0004443266248789644 -0.1200626012162978
0.6496139951235281 -0.0004492155793507854 -0.1213836577504966
0.6535217369330918 -0.0004541527249625957 -0.1227177361323605
0.6574529856962692 -0.0004591384038554177 -0.1240649288126651
0.6614078828187353 -0.000464172957278725 -0.1254253280012786
0.6653865705567885 -0.0004692567254564689 -0.12679902563096
0.6693891920224675 -0.0004743900474325662 -0.1281861133156084
0.673415891188699 -0.0004795732610213581 -0.1295866823368764
0.6774668128944764 -0.0004848067026969419 -0.1310008236142656
0.6815421028500694 -0.0004900907073832823 -0.1324286276484127
0.6856419076422656 -0.0004954256083916467 -0.1338701845041833
0.6897663747396426 -0.000500811737341935 -0.1353255837894144
0.693915652497873 -0.0005062494239436002 -0.1367949145957166
0.6980898901650602 -0.0005117389958551149 -0.1382782654604997
0.702289237887107 -0.0005172807786485209 -0.1397757243573941
0.7065138467131162 -0.0005228750956269512 -0.1412873786469425
0.7107638686008243 -0.0005285222675701404 -0.1428133150078339
0.7150394564220665 -0.0005342226127236348 -0.1443536194339882
0.7193407639682761 -0.0005399764466733321 -0.1459083772006547
0.7236679459560159 -0.0005457840820225317 -0.1474776727771477
0.728021158032544 -0.0005516458283219066 -0.1490615898079236
0.7324005567814114 -0.0005575619920144126 -0.1506602110976948
0.736806299728095 -0.0005635328761352413 -0.1522736185303533
0.7412385453456634 -0.000569558780082024 -0.1539018930068769
0.7456974530604773 -0.0005756399996333896 -0.1555451144503437
0.7501831832579239 -0.0005817768267321209 -0.1572033617473385
0.754695897288186 -0.0005879695490857136 -0.1588767126400183
0.7592357574720454 -0.0005942184501944952 -0.1605652437337112
0.7638029271067222 -0.0006005238092330793 -0.1622690304648829
0.7683975704717476 -0.0006068859006021941 -0.1639881469800361
0.7730198528348741 -0.0006133049938067745 -0.1657226661027686
0.7776699404580188 -0.0006197813534570641 -0.167472659334072
0.7823480006032453 -0.0006263152388990469 -0.1692381967524687
0.7870542015387785 -0.0006329069038332003 -0.1710193469109952
0.7917887125450584 -0.0006395565964093554 -0.1728161768628338
0.7965517039208285 -0.0006462645589963296 -0.1746287520990648
0.8013433469892614 -0.0006530310276027489 -0.1764571363921655
0.8061638141041211 -0.0006598562319193348 -0.1783013918074363
0.8110132786559631 -0.0006667403952415519 -0.1801615786820994
0.8158919150783704 -0.0006736837338980727 -0.182037755470863
0.8207998988542287 -0.0006806864570097408 -0.1839299786807896
0.8257374065220374 -0.0006877487665848459 -0.1858383028970413
0.8307046156822607 -0.0006948708571035177 -0.1877627806705769
0.8357017050037151 -0.0007020529149183504 -0.1897034623561939
0.8407288542299962 -0.0007092951184349856 -0.1916603961613241
0.8457862441859444 -0.0007165976378975384 -0.1936336280880527
0.8508740567841485 -0.000723960634614912 -0.1956232017240592
0.8559924750314897 -0.0007313842609586159 -0.1976291582420278
0.8611416830357236 -0.000738868660374808 -0.199651536402901
0.8663218660121029 -0.0007464139667085357 -0.2016903723732819
0.8715332102900397 -0.0007540203037559024 -0.203745699604423
0.8767759033198074 -0.0007616877854926661 -0.205817548893997
0.882050133679283 -0.0007694165156463313 -0.2079059482704707
0.8873560910807308 -0.000777206586816923 -0.2100109227555268
0.8926939663776258 -0.0007850580807334678 -0.2121324944333688
0.8980639515715189 -0.0007929710680976669 -0.2142706824084788
0.9034662398189428 -0.0008009456076143361 -0.2164255025436311
0.9089010254383604 -0.0008089817458627244 -0.2185969674251203
0.9143685039171535 -0.0008170795174538413 -0.2207850864052732
0.9198688719186553 -0.0008252389442847363 -0.222989865400946
0.9254023272892237 -0.0008334600347901977 -0.2252113066913237
0.9309690690653579 -0.0008417427843298225 -0.2274494090225115
0.9365692974808579 -0.0008500871747896013 -0.229704167499878
0.9422032139740265 -0.0008584931734034186 -0.2319755732696097
0.9478710211949153 -0.000866960733010809 -0.2342636135883601
0.9535729230126136 -0.0008754897920248163 -0.2365682718145647
0.9593091245225821 -0.0008840802733054359 -0.2388895271040312
0.9650798320540293 -0.0008927320837814699 -0.24122735430776
0.9708852531773335 -0.0009014451148125331 -0.2435817240697628
0.9767255967115094 -0.0009102192414286341 -0.2459526026215876
0.9826010727317186 -0.0009190543211925663 -0.248339951474923
0.9885118925768263 -0.0009279501947462839 -0.2507437275692355
0.9944582688570029 -0.0009369066854953991 -0.2531638831865168
1.000440415461372 -0.0009459235981401924 -0.2556003655543446
1.006458547565703 -0.0009550007188281691 -0.2580531168871049
1.012512881640152 -0.0009641378153266726 -0.2605220744326345
1.018603635457047 -0.0009733346357905478 -0.2630071701392285
1.024731028098722 -0.0009825909080058142 -0.265508330451271
1.030895279965397 -0.0009919063400082658 -0.2680254764763884
1.037096612783106 -0.001001280619374179 -0.2705585237937899
1.043335249611672 -0.001010713411637185 -0.2731073820264875
1.04961141485273 -0.001020204360945232 -0.275671955018814
1.055925334257799 -0.001029753089904438 -0.2782521407942307
1.062277234936404 -0.00103935919786655 -0.280847831092578
1.068667345364243 -0.001049022260829062 -0.2834589113430856
1.075095895391404 -0.0010587418318992 -0.2860852607897461
1.081563116250635 -0.001068517440036409 -0.2887267521515214
1.088069240565661 -0.001078348588793778 -0.291383251282258
1.094614502359551 -0.001088234757217548 -0.2940546174137463
1.101199137063137 -0.001098175399259947 -0.2967407029970616
1.107823381523478 -0.001108169941764768 -0.299441353158241
1.114487474012384 -0.001118217785109728 -0.3021564058718577
1.121191654234987 -0.001128318303314113 -0.3048856919901078
1.127936163338358 -0.001138470842166956 -0.3076290347370203
1.134721243920186 -0.001148674718706239 -0.3103862495677318
1.141547140037501 -0.001158929222053063 -0.3131571443938887
1.148414097215454 -0.001169233612229548 -0.3159415192642298
1.155322362456149 -0.001179587118310623 -0.3187391658651763
1.162272184247527 -0.001189988939578796 -0.321549867832865
1.169263812572304 -0.001200438245146068 -0.3243734006509859
1.176297498916961 -0.001210934171585528 -0.3272095310108079
1.183373496280794 -0.001221475823376986 -0.3300580169315957
1.19049205918501 -0.001232062273396822 -0.3329186078929727
1.197653443681885 -0.001242692561005966 -0.3357910443182687
1.204857907363973 -0.001253365690945485 -0.338675057276095
1.212105709373372 -0.001264080634593329 -0.3415703688199321
1.219397110411042 -0.001274836328966872 -0.3444766917186034
1.22673237274619 -0.001285631674276674 -0.3473937287952721
1.234111760225694 -0.001296465535230982 -0.3503211732799331
1.241535538283603 -0.001307336740980978 -0.3532587087946181
1.249003973950675 -0.001318244082527415 -0.356206008652637
1.256517335863991 -0.001329186312764606 -0.3591627358704639
1.264075894276612 -0.001340162147460792 -0.3621285434326442
1.271679921067302 -0.001351170263451928 -0.3651030738037346
1.279329689750306 -0.001362209296836735 -0.3680859584405814
1.287025475485191 -0.001373277844657727 -0.3710768182465571
1.294767555086741 -0.001384374464194365 -0.3740752633805601
1.302556207034913 -0.001395497670028608 -0.3770808924640913
1.310391711484858 -0.001406645935293059 -0.3800932929185181
1.318274350276994 -0.00141781769208445 -0.383112041076803
1.326204406947145 -0.001429011328822749 -0.3861367014699013
1.334182166736741 -0.001440225189689772 -0.389166826675068
1.342207916603075 -0.001451457576181075 -0.3922019577351974
1.350281945229628 -0.001462706745568822 -0.3952416237434712
1.358404543036452 -0.00147397090836671 -0.3982853411583499
1.366576002190616 -0.001485248230356912 -0.401332614351277
1.374796616616712 -0.001496536832292707 -0.4043829355263271
1.383066682007434 -0.001507834786676227 -0.4074357838495128
1.391386495834208 -0.001519140118700859 -0.4104906257034326
1.399756357357896 -0.001530450807270545 -0.4135469149626997
1.408176567639557 -0.001541764782520401 -0.416604092323981
1.416647429551278 -0.001553079924512059 -0.4196615849534635
1.425169247787069 -0.001564394065376742 -0.4227188070659386
1.433742328873819 -0.001575704988197928 -0.4257751596228854
1.442366981182327 -0.001587010423865087 -0.4288300294823099
1.45104351493839 -0.001598308053260528 -0.4318827899896596
1.459772242233963 -0.00160959550751143 -0.4349328010459234
1.468553477038385 -0.001620870364740962 -0.4379794082297462
1.477387535209671 -0.001632130150474054 -0.4410219429070715
1.486274734505876 -0.001643372339357962 -0.4440597226960604
1.495215394596523 -0.001654594353068523 -0.4470920509013349
1.504209837074101 -0.001665793558236471 -0.4501182159536431
1.513258385465633 -0.001676967269119056 -0.4531374921317644
1.522361365244312 -0.001688112747027979 -0.4561491394079287
1.531519103841213 -0.001699227196859371 -0.4591524025101758
1.540731930657063 -0.001710307769157277 -0.4621465114799327
1.550000177074097 -0.001721351561062918 -0.4651306819285163
1.55932417646797 -0.001732355613335107 -0.4681041142320138
1.568704264219756 -0.001743316910069759 -0.4710659934554893
1.578140777728008 -0.001754232381143309 -0.4740154900132268
1.587634056420891 -0.001765098900712262 -0.4769517592632897
1.597184441768398 -0.001775913284515106 -0.4798739407784635
1.606792277294626 -0.001786672292902503 -0.4827811591650518
1.616457908590138 -0.001797372630927926 -0.4856725240873676
1.626181683324388 -0.00180801094493732 -0.4885471293462162
1.635963951258232 -0.001818583824242167 -0.4914040533309802
1.645805064256506 -0.001829087802859399 -0.4942423594897632
1.655705376300682 -0.001839519357101541 -0.4970610956782184
1.665665243501602 -0.001849874904611133 -0.499859293898636
1.675685024112287 -0.001860150807448093 -0.5026359711341888
1.685765078540822 -0.001870343371338497 -0.5053901291459411
1.695905769363321 -0.001880448842704023 -0.5081207536701687
1.70610746133697 -0.001890463411777351 -0.5108268152601794
1.716370521413142 -0.001900383213460697 -0.5135072695182983
1.726695318750602 -0.001910204324390757 -0.5161610563027791
1.737082224728785 -0.001919922764070625 -0.5187871000336639
1.747531612961148 -0.001929534497391115 -0.5213843103740746
1.758043859308618 -0.00193903543305386 -0.5239515818041145
1.768619341893104 -0.001948421422131809 -0.5264877932318976
1.779258441111101 -0.001957688261608293 -0.5289918089498475
1.789961539647373 -0.001966831694457547 -0.5314624786564558
1.800729022488719 -0.001975847406933381 -0.5338986367236473
1.811561276937818 -0.001984731031464964 -0.5362991029792568
1.822458692627162 -0.00199347814833432 -0.5386626831603093
1.83342166153307 -0.002002084283605795 -0.5409881683535365
1.844450577989788 -0.002010544909770563 -0.5432743351695299
1.855545838703674 -0.002018855448906585 -0.5455199465966021
1.866707842767465 -0.002027011272109366 -0.5477237518469693
1.877936991674634 -0.002035007698030304 -0.5498844859617946
1.88923368933383 -0.002042839996575753 -0.5520008708107228
1.90059834208341 -0.002050503389840773 -0.5540716153441894
1.912031358706049 -0.002057993050219162 -0.5560954150827285
1.923533150443451 -0.002065304102928929 -0.5580709527993872
1.935104131011135 -0.002072431628419542 -0.559996899170194
1.946744716613318 -0.002079370661468953 -0.5618719125301633
1.958455325957888 -0.002086116191661981 -0.5636946390025611
1.970236380271462 -0.002092663166907731 -0.5654637134493548
1.982088303314539 -0.002099006493923436 -0.5671777596019538
1.994011521396743 -0.002105141037408225 -0.5688353898379519
2.006006463392153 -0.00211106162358171 -0.5704352061372959
2.018073560754737 -0.002116763041904779 -0.5719758005472672
2.030213247533863 -0.002122240044502366 -0.5734557550265058
2.042425960389917 -0.002127487348422809 -0.5748736420555186
2.05471213861001 -0.002132499638511862 -0.576228025413271
2.067072224123773 -0.002137271567839066 -0.5775174602923997
2.079506661519261 -0.002141797758603437 -0.5787404935439397
2.092015898058938 -0.002146072805623716 -0.5798956646204345
2.104600383695769 -0.002150091277777183 -0.5809815059647201
2.117260571089404 -0.002153847718527798 -0.581996543152637
2.129996915622458 -0.002157336649125867 -0.5829392957576186
2.142809875416892 -0.002160552570886417 -0.5838082779663369
2.155699911350493 -0.002163489966239648 -0.5846019988625485
2.16866748707345 -0.002166143301178512 -0.5853189630884597
2.181713069025031 -0.002168507028153742 -0.5859576716270009
2.194837126450363 -0.002170575587778472 -0.5865166222624342
2.208040131417308 -0.002172343410974453 -0.5869943101602902
2.221322558833443 -0.002173804922040286 -0.5873892286964416
2.234684886463145 -0.002174954540799689 -0.5876998700375916
2.248127594944775 -0.002175786685043498 -0.5879247258011329
2.261651167807962 -0.002176295773556808 -0.5880622878731201
2.275256091491004 -0.002176476228494794 -0.5881110490502445
2.288942855358358 -0.002176322478127614 -0.5880695037815434
2.302711951718243 -0.002175828960250338 -0.5879361490898039
2.316563875840352 -0.002174990124535458 -0.5877094852072398
2.330499125973664 -0.002173800435243397 -0.5873880163079074
2.344518203364364 -0.002172254375442264 -0.5869702516479331
2.358621612273878 -0.002170346449433883 -0.5864547062210596
2.372809859997005 -0.002168071185164751 -0.5858399014101149
2.387083456880169 -0.002165423138842662 -0.5851243662344817
2.401442916339774 -0.002162396898369662 -0.5843066382777259
2.415888754880671 -0.002158987085139298 -0.5833852641732353
2.430421492114737 -0.002155188358234686 -0.582358800738589
2.445041650779565 -0.002150995419779427 -0.5812258164214431
2.459749756757268 -0.002146403016189631 -0.5799848916378425
2.474546339093393 -0.002141405941411521 -0.5786346196470614
2.489431930015952 -0.002135999043776195 -0.5771736084038476
2.504407064954564 -0.00213017722797558 -0.5756004810923468
2.519472282559719 -0.002123935457023292 -0.5739138766559546
2.534628124722145 -0.002117268758913132 -0.5721124515965234
2.549875136592308 -0.002110172231399093 -0.5701948812659795
2.565213866600017 -0.002102641042413997 -0.5681598599794462
2.580644866474148 -0.002094670435163778 -0.566006102391781
2.596168691262497 -0.00208625573634528 -0.5637323457181274
2.611785899351737 -0.002077392355960536 -0.5613373496837309
2.627497052487508 -0.002068075790380896 -0.558819897351905
2.64330271579462 -0.002058301631906974 -0.5561787977072481
2.659203457797384 -0.002048065570994305 -0.5534128862570435
2.675199850440056 -0.002037363396815095 -0.5505210251830515
2.691292469107416 -0.002026191005386843 -0.5475021055379636
2.707481892645458 -0.002014544406815953 -0.5443550492027194
2.723768703382218 -0.002002419723579619 -0.5410788084222474
2.740153487148712 -0.001989813195709341 -0.5376723672061181
2.756636833300016 -0.001976721192363909 -0.5341347444557074
2.77321933473646 -0.001963140210367238 -0.530464993569102
2.789901587924954 -0.001949066876134363 -0.5266622029615268
2.806684192920446 -0.00193449795743389 -0.5227254992437063
2.823567753387507 -0.001919430366949327 -0.5186540481841815
2.840552876622036 -0.001903861160406672 -0.5144470542033591
2.857640173573115 -0.001887787545202232 -0.5101037627048571
2.874830258864976 -0.001871206891056442 -0.5056234629542994
2.892123750819116 -0.001854116725688348 -0.5010054869105072
2.909521271476531 -0.00183651473912293 -0.4962492103893916
2.927023446620097 -0.001818398798314344 -0.4913540570153352
2.944630905797074 -0.001799766945239024 -0.4863194977059261
2.962344282341753 -0.001780617396489191 -0.4811450505621169
2.980164213398238 -0.001760948556176447 -0.4758302843549393
2.998091339943359 -0.001740759022022432 -0.4703748201712734
3.016126306809736 -0.001720047580157569 -0.4647783300084052
3.034269762708964 -0.001698813213010197 -0.4590405389057678
3.052522360254954 -0.001677055113708847 -0.4531612288366174
3.070884755987404 -0.001654772679252619 -0.4471402368625822
3.089357610395416 -0.001631965512814763 -0.4409774557561202
3.107941587941251 -0.001608633440328165 -0.4346728384821246
3.126637357084233 -0.00158477650938511 -0.4282263979006243
3.14544559030479 -0.001560394985320509 -0.4216382057084252
3.164366964128648 -0.001535489363759246 -0.4149083958295586
3.183402159151157 -0.001510060380106382 -0.4080371669796529
3.202551860061779 -0.00148410900053881 -0.401024780231767
3.221816755668715 -0.001457636427879927 -0.3938715606037989
3.241197538923678 -0.001430644119027576 -0.3865779017677348
3.260694906946819 -0.001403133776527698 -0.3791442637727434
3.280309561051807 -0.001375107347636597 -0.3715711727917881
3.300042206771049 -0.001346567041148112 -0.36385922566854
3.319893553881069 -0.001317515328356321 -0.3560090901775114
3.339864316428041 -0.001287954934779044 -0.3480215027876444
3.359955212753471 -0.001257888850664908 -0.3398972715014494
3.380166965520037 -0.00122732034394295 -0.3316372793541502
3.400500301737581 -0.00119625294761363 -0.3232424810065791
3.42095595278926 -0.001164690462475918 -0.3147139034820682
3.441534654457853 -0.001132636975731648 -0.30605265119358
3.46223714695223 -0.001100096852436959 -0.2972599036337785
3.483064174933973 -0.001067074730329446 -0.2883369139772611
3.504016487544163 -0.001033575534922815 -0.2792850131593239
3.525094838430328 -0.0009996044827459828 -0.2701056107512056
3.546299985773546 -0.0009651670689075514 -0.260800191599854
3.567632692315724 -0.0009302690742668955 -0.2513703177656426
3.589093725387028 -0.0008949165803547909 -0.241817632554112
3.610683856933487 -0.0008591159542936843 -0.2321438564412371
3.632403863544755 -0.0008228738474052799 -0.2223507866971806
3.654254526482051 -0.0007861972124727685 -0.2124403020507623
3.676236631706256 -0.0007490932969217299 -0.2024143608468539
3.698350969906183 -0.0007115696319734326 -0.1922749981154654
3.720598336527025 -0.0006736340439182644 -0.1820243286179666
3.742979531798957 -0.0006352946647888055 -0.1716645497310845
3.765495360765927 -0.0005965599060654804 -0.1611979343418426
3.788146633314612 -0.0005574384620440465 -0.150626831757498
3.810934164203546 -0.0005179393429010886 -0.139953676640251
3.833858773092431 -0.0004780718400860692 -0.1291809796557451
3.856921284571616 -0.0004378455206235713 -0.1183113259334617
3.880122528191761 -0.0003972702495186286 -0.1073473811209199
3.903463338493672 -0.0003563561800954091 -0.09629188877306875
3.926944555038322 -0.0003151137396094719 -0.08514766646453883
3.950567022437048 -0.0002735536357901058 -0.07391760755746406
3.974331590381932 -0.000231686863389226 -0.0626046829710754
3.998239113676364 -0.0001895246854843633 -0.05121193612953497
4.02229045226579 -0.0001470786310413337 -0.03974248230333912
4.046486471268643 -0.0001043605064974323 -0.02819951173924186
4.070828041007458 -6.138238108151814e-05 -0.01658628569355857
4.095316037040186 -1.815657621947818e-05 -0.004906133569390177
4.119951340191675 2.53043268497349e-05 0.006837545025428455
4.144734836585366 6.898749077656818e-05 0.01864128127878087
4.169667417675155 0.0001128798395385383 0.03050154188614509
4.194749980277468 0.0001569680584081695 0.0424147290419301
4.219983426603512 0.0002012385889653185 0.05437717909174375
4.24536866429173 0.0002456776479067518 0.06638516761497543
4.270906606440451 0.0002902712340426764 0.07843491131534581
4.296598171640729 0.0003350051226378517 0.09052256649180491
4.322444284009386 0.0003798648785149546 0.1026442325792248
4.348445873222255 0.0004248358694999025 0.1147959557814937
4.374603874547618 0.0004699032653265779 0.1269737287755588
4.400919228879844 0.0005150520425544466 0.1391734920402285
4.42739288277324 0.0005602670023647691 0.1513911386649305
4.454025788476091 0.0006055327755480801 0.1636225156973909
4.480818903964917 0.000650833822331677 0.1758634240970202
4.50777319297893 0.0006961544497526593 0.1881096234293245
4.534889625054696 0.0007414788219095841 0.2003568346360315
4.562169175561013 0.0007867909614170682 0.2126007404281417
4.589612825733993 0.000832074761333246 0.2248369885088767
4.617221562712357 0.0008773139996898935 0.2370611954998999
4.644996379572944 0.0009224923449394422 0.249268948413168
4.672938275366425 0.0009675933633199235 0.2614558066410307
4.701048255153248 0.001012600535010789 0.2736173063217346
4.729327330039782 0.001057497262931081 0.2857489627168
4.757776517214689 0.001102266879644268 0.2978462720767918
4.786396839985513 0.001146892661991655 0.3099047155954513
4.815189327815487 0.001191357842235584 0.3219197624207274
4.844155016360561 0.001235645616774416 0.3338868720096734
4.873294947506656 0.001279739158988444 0.3458014975995736
4.902610169407141 0.00132362163140701 0.3576590894956492
4.932101736520533 0.001367276195647732 0.3694550977567631
4.961770709648425 0.001410686025754425 0.381184975799491
4.991618155973645 0.001453834320090036 0.3928441836117418
5.021645149098641 0.001496704311297019 0.4044281904441757
5.051852769084097 0.001539279280915005 0.4159324787600798
5.082242102487784 0.001581542572066341 0.4273525476631607
5.112814242403641 0.001623477598220893 0.4386839152659022
5.1435702885011 0.001665067857308315 0.4499221225028777
5.174511347064628 0.00170629694813099 0.4610627375657309
5.205638531033534 0.001747148577156109 0.4721013577384814
5.23695296004199 0.001787606570102151 0.4830336125283347
5.26845576045931 0.001827654892571013 0.493855169240743
5.300148065430462 0.001867277656977853 0.5045617348519341
5.332031014916829 0.001906459130491037 0.5151490581543848
5.364105755737212 0.001945183755695113 0.5256129353402142
5.39637344160908 0.001983436163465468 0.5359492134800766
5.42883523319007 0.002021201175953385 0.5461537913297621
5.461492298119737 0.002058463822889774 0.5562226237356663
5.494345811061548 0.002095209363618671 0.5661517275885191
5.52739695374514 0.00213142328657368 0.5759371816819112
5.560646915008824 0.002167091319245233 0.585575129405573
5.594096890842349 0.002202199455028641 0.5950617860000526
5.627748084429916 0.002236733956496434 0.6043934394409436
5.661601706193463 0.002270681357824902 0.6135664510945662
5.695658973836199 0.002304028488133211 0.6225772620244874
5.729921112386407 0.002336762486999812 0.6314223971842498
5.764389354241504 0.002368870799052806 0.6400984639556191
5.799064939212376 0.00240034118868629 0.6486021561251255
5.833949114567966 0.002431161767967486 0.6569302614249184
5.869043135080146 0.002461320988769839 0.6650796594070302
5.904348263068843 0.002490807647845374 0.6730473228139918
5.939865768447451 0.002519610916656975 0.6808303256398862
5.975596928768503 0.002547720343562197 0.6884258437204415
6.01154302926963 0.002575125847845068 0.6958311531203502
6.047705362919785 0.002601817741520544 0.7030436360251041
6.084085230465758 0.002627786748954081 0.7100607860424482
6.120683940478954 0.002653023992152148 0.7168802042276933
6.15750280940247 0.002677521000524368 0.7234996017215691
6.194543161598441 0.002701269742239405 0.729916808222976
6.231806329395683 0.002724262611313286 0.7361297685000872
6.269293653137611 0.002746492424975064 0.7421365416785201
6.307006481230453 0.002767952452040313 0.7479353089082081
6.344946170191752 0.002788636416572472 0.7535243743527403
6.383114084699157 0.002808538482185764 0.7589021609478157
6.421511597639515 0.002827653268358829 0.7640672148093905
6.460140090158249 0.002845975873645455 0.7690182115055056
6.499000951709037 0.002863501852959316 0.7737539499183418
6.538095580103793 0.002880227220019429 0.7782733529050109
6.577425381562945 0.002896148477797588 0.7825754755248329
6.616991770766014 0.002911262604100814 0.7866595011435346
6.656796170902505 0.002925567039698705 0.7905247382251108
6.696840013723089 0.002939059710901553 0.7941706264327136
6.737124739591115 0.002951739035947167 0.7975967383544518
6.777651797534409 0.002963603900409654 0.8008027728585352
6.818422645297399 0.002974653665407747 0.8037885573112704
6.859438749393552 0.002984888191545595 0.8065540540461575
6.900701585158119 0.002994307811598556 0.809099352983253
6.942212636801205 0.003002913324555235 0.8114246700192532
6.983973397461158 0.003010706020521543 0.8135303537568809
7.025985369258271 0.003017687667815364 0.8154168820177051
7.068250063348816 0.003023860492415464 0.8170848562889786
7.110768999979402 0.003029227191717369 0.8185350054406483
7.153543708541653 0.003033790942826245 0.819768187966194
7.196575727627224 0.003037555372053398 0.8207853837402033
7.239866605083138 0.003040524554386752 0.8215876938752872
7.28341789806747 0.003042703033720809 0.8221763461884677
7.327231173105349 0.003044095795424195 0.822552687788588
7.37130800614531 0.00304470825244275 0.8227181813211912
7.41564998261598 0.003044546261261239 0.8226744092815761
7.460258697483103 0.003043616111820541 0.8224230712902941
7.505135755306914 0.003041924501004251 0.8219659769289003
7.550282770299852 0.003039478536652127 0.8213050468244342
7.59570136638462 0.003036285745100393 0.8204423146869058
7.641393177252606 0.003032354039189385 0.8193799186645613
7.687359846422636 0.003027691710145837 0.818120099150376
7.733603027300095 0.003022307440161941 0.8166652021810722
7.780124383236402 0.003016210278355266 0.8150176729411904
7.826925587588838 0.003009409621296751 0.8131800505015094
7.874008323780734 0.003001915218822353 0.8111549693894264
7.921374285362025 0.002993737165985723 0.8089451574144683
7.969025176070168 0.002984885874866849 0.8065534280506379
8.016962709891423 0.00297537207020817 0.8039826792572342
8.065188611122505 0.002965206792740443 0.8012358943775454
8.113704614432605 0.002954401370277909 0.7983161343284008
8.162512464925786 0.00294296740454061 0.7952265340393969
8.211613918203758 0.002930916774303381 0.7919703033037941
8.26101074042902 0.002918261615967892 0.7885507215288402
8.310704708388393 0.00290501430246609 0.7849711320352162
8.360697609556926 0.002891187440128615 0.7812349412108445
8.410991242162195 0.002876793860415391 0.7773456162763898
8.461587415248985 0.002861846594704245 0.7733066784728311
8.512487948744354 0.002846358864622391 0.7691217004489058
8.563694673523104 0.002830344078601333 0.7647943053302036
8.615209431473632 0.002813815809161384 0.7603281605811586
8.667034075564182 0.002796787778207573 0.7557269740318199
8.719170469909495 0.002779273851575314 0.7509944924040235
8.771620489837867 0.002761288023228692 0.7461344970415726
8.824386021958594 0.002742844397022665 0.7411507989821553
8.877468964229841 0.00272395717775771 0.7360472365402001
8.930871226026907 0.002704640660210212 0.7308276723427481
8.984594728210904 0.002684909210601444 0.7254959883221422
9.038641403197854 0.002664777255367997 0.720056082681655
9.09301319502819 0.002644259270770422 0.7145118670876156
9.147712059436689 0.002623369766838946 0.7088672623313416
9.202739963922818 0.002602123275147237 0.703126195025456
9.258098887821502 0.00258053433765395 0.6972925945887365
9.313790822374321 0.00255861749234926 0.6913703893676266
9.369817770801134 0.002536387261597746 0.6853635034863397
9.426181748372137 0.002513858141364098 0.6792758539355092
9.482884782480346 0.002491044586284294 0.6731113465382343
9.539928912714528 0.002467960999368753 0.6668738731677443
9.597316190932558 0.002444621722836363 0.6605673092706367
9.655048681335227 0.002421041022964293 0.65419550977311
9.713128460540494 0.002397233079003558 0.6477623060858083
9.771557617658175 0.002373211976780134 0.6412715043747641
9.830338254365088 0.002348991695760505 0.6347268820663472
9.889472484980656 0.002324586094629491 0.6281321839502144
9.948962436542953 0.002300008907100091 0.6214911210470758
10.00881024888521 0.002275273733004387 0.6148073682013463
10.06901807471279 0.002250394021708643 0.6080845595996983
10.12958807968063 0.002225383067817382 0.6013262876102498
10.1905224424711 0.002200254006972692 0.5945361016474843
10.25182335487242 0.002175019799784336 0.5877175038299658
10.31349302185747 0.002149693222947224 0.5808739465801692
10.3755336616631 0.002124286870686808 0.5740088330150435
10.43794750586993 0.002098813143713161 0.5671255139612665
10.50073679948262 0.002073284233088035 0.5602272835959221
10.56390380101059 0.002047712124812817 0.553317380686224
10.62745078254932 0.00202210859527297 0.546398987358546
10.69138002986203 0.001996485192924015 0.5394752241497458
10.7556938424619 0.00197085323921792 0.5325491502574874
10.82039453369479 0.001945223831137662 0.5256237642251109
10.88548443082247 0.001919607826957551 0.5187020000938943
10.95096587510631 0.001894015837756359 0.5117867251097956
11.01684122189147 0.00186845823648987 0.5048807421749684
11.08311284069168 0.001842945151246749 0.497986788025413
11.14978311527443 0.001817486448551336 0.4911075287191846
11.21685444374672 0.00179209174381347 0.4842455624600647
11.28432923864131 0.001766770402263981 0.4774034198503435
11.35220992700354 0.001741531522526707 0.4705835594517733
11.42049895047856 0.00171638393924243 0.4637883684945888
11.48919876539923 0.001691336232138838 0.4570201653283249
11.55831184287442 0.001666396716142101 0.4502811967498398
11.62784066887791 0.001641573432539676 0.4435736356153953
11.69778774433782 0.001616874163614206 0.4368995847949192
11.76815558522656 0.00159230643102593 0.4302610767349119
11.83894672265132 0.00156787748071081 0.4236600693777322
11.91016370294514 0.001543594295338481 0.4170984495278895
11.98180908775847 0.001519463600729072 0.4105780345859513
12.05388545415131 0.001495491853785784 0.4041005692877735
12.12639539468595 0.001471685244330942 0.3976677262006245
12.19934151752018 0.001448049709140603 0.3912811095155126
12.27272644650111 0.001424590927366842 0.3849422538102296
12.34655282125957 0.001401314311655001 0.3786526216491204
12.42082329730504 0.001378225025316885 0.3724136082234963
12.49554054612116 0.001355327985353545 0.3662265421684271
12.57070725526186 0.001332627850750867 0.360092682400064
12.64632612844798 0.001310129034457068 0.3540132213521089
12.72239988566455 0.001287835712751427 0.3479892875073608
12.79893126325863 0.001265751818247184 0.3420219435070141
12.87592301403773 0.001243881048250654 0.3361121884093943
12.95337790736882 0.001222226866462261 0.3302609581495977
13.03129872927796 0.001200792501604879 0.3244691251688541
13.10968828255048 0.001179580964234196 0.3187375029568955
13.18854938683184 0.001158595045318189 0.3130668456681126
13.26788487872902 0.001137837320532372 0.3074578492821859
13.34769761191256 0.001117310149402737 0.3019111513724951
13.42799045721921 0.001097015681899871 0.2964273328879344
13.50876630275517 0.001076955871010744 0.291006921549965
13.59002805400002 0.001057132470732042 0.2856503913103893
13.67177863391118 0.001037547035287744 0.2803581621399296
13.7540209830291 0.001018200935033338 0.2751306043257476
13.83675805958297 0.0009990953597235896 0.2699680393544336
13.91999283959716 0.0009802313133916785 0.264870738528288
14.00372831699829 0.0009616096277162098 0.259838926577253
14.08796750372286 0.0009432309702339573 0.2548727838780985
14.17271342982564 0.0009250958410574525 0.2499724455674743
14.25796914358864 0.0009072045787152954 0.2451380031200344
14.34373771163077 0.0008895573725411968 0.2403695076961112
14.43002221901811 0.0008721542636056547 0.235666970393466
14.51682576937491 0.0008549951439022058 0.231030362027404
14.60415148499523 0.0008380797697472603 0.2264596167515769
14.69200250695523 0.0008214077665875749 0.2219546333570225
14.78038199522615 0.0008049786265727992 0.2175152746162357
14.86929312878798 0.0007887917180978845 0.2131413698616471
14.95873910574384 0.0007728462940721036 0.2088327172200152
15.04872314343496 0.0007571414916228626 0.2045890835323928
15.13924847855642 0.0007416763357131963 0.2004102053316189
15.2303183672736 0.0007264497496222143 0.1962957916742668
15.3219360853393 0.0007114605575676853 0.1922455248492984
15.41410492821153 0.0006967074845191395 0.188259060327563
15.50682821117208 0.000682189166033634 0.1843360294195428
15.60010926944577 0.0006679041532378489 0.1804760406215786
15.69395145832038 0.0006538509125947798 0.1766786795528263
15.7883581532674 0.0006400278320569886 0.1729435106179427
15.88333275006339 0.0006264332280471136 0.1692700788933061
15.97887866491215 0.0006130653468431123 0.1656579105013263
16.07499933456759 0.0005999223669546618 0.1621065132525778
16.17169821645737 0.0005870024067877224 0.1586153787168604
16.26897878880723 0.0005743035276270285 0.1551839830291056
16.36684455076612 0.0005618237343730317 0.1518117870885076
16.46529902253208 0.0005495609818518679 0.1484982382635554
16.56434574547881 0.0005375131790072382 0.1452427715247316
16.66398828228309 0.0005256781899984247 0.1420448097412091
16.76423021705294 0.0005140538379803357 0.1389037647022676
16.86507515545651 0.000502637910060465 0.1358190384567252
16.96652672485178 0.0004914281592242692 0.1327900238331994
17.06858857441703 0.0004804223062664266 0.1298161049619577
17.17126437528214 0.0004696180445582261 0.1268966585631254
17.27455782066058 0.0004590130425581686 0.1240310546250814
17.37847262598229 0.0004486049452479874 0.1212186567924891
17.48301252902732 0.0004383913777433781 0.11845882334196
17.58818129006027 0.0004283699481603322 0.1157509079565738
17.69398269196554 0.0004185382492115873 0.1130942601572586
17.80042054038342 0.0004088938606339477 0.1104882259586832
17.90749866384694 0.0003994343520347301 0.1079321486384025
18.01522091391964 0.0003901572846080236 0.1054253692006122
18.12359116533404 0.0003810602129943111 0.1029672268786417
18.23261331613107 0.0003721406877004563 0.1005570597888652
18.34229128780023 0.0003633962567490016 0.09819420537636188
18.45262902542071 0.0003548244673836955 0.09587800087577136
18.56363049780323 0.0003464228680286415 0.09360778384067985
18.67529969763284 0.000338189009710531 0.0913828925279252
18.78764064161249 0.0003301204475586909 0.08920266630292872
18.90065737060757 0.0003222147426467078 0.08706644613732484
19.0143539497912 0.0003144694630563188 0.08497357489643777
19.12873446879051 0.0003068821850243078 0.08292339764918714
19.24380304183367 0.000299450494802705 0.08091526217073725
19.35956380789796 0.0002921719895419132 0.07894851918112859
19.47602093085858 0.0002850442779890686 0.07702252253398395
19.59317859963845 0.0002780649821014958 0.07513662965248386
19.71104102835891 0.000271231738219166 0.07329020184617953
19.82961245649123 0.0002645421972379226 0.07148260435780059
19.94889714900919 0.000257994025705129 0.06971320665931274
20.06889939654243 0.0002515849074814045 0.06798138290093961
20.18962351553079 0.0002453125435775865 0.06628651186710781
20.31107384837959 0.0002391746526578025 0.06462797711238341
20.4332547636158 0.0002331689727874419 0.06300516743379558
20.55617065604522 0.0002272932615679441 0.06141747690725811
20.67982594691049 0.0002215452959824846 0.05986430484587192
20.80422508405019 0.0002159228736912463 0.05834505614992343
20.92937254205879 0.0002104238139854886 0.05685914156468593
21.05527282244758 0.0002050459570599928 0.05540597748382539
21.18193045380665 0.0001997871646136696 0.05398498611169193
21.30934999196772 0.0001946453214410079 0.05259559589334933
21.43753602016806 0.0001896183346563361 0.05123724130496052
21.5664931492153 0.0001847041336054415 0.0499093628299063
21.69622601765332 0.0001799006713492985 0.04861140735970703
21.82673929192908 0.0001752059246407527 0.04734282818772245
21.95803766656046 0.0001706178931182458 0.04610308479128607
22.09012586430514 0.0001661346001901213 0.0448916430706557
22.22300863633048 0.0001617540940324373 0.04370797561863476
22.35669076238438 0.0001574744463386716 0.04255156138272709
22.49117705096725 0.000153293752476696 0.0414218857075534
22.62647233950495 0.0001492101329818569 0.04031844073830014
22.76258149452277 0.0001452217326130089 0.03924072516564821
22.89950941182054 0.0001413267197917838 0.03818824407425626
23.03726101664865 0.0001375232877829786 0.03716050926171633
23.17584126388527 0.0001338096547898302 0.03615703926429827
23.31525513821456 0.0001301840627286715 0.03517735902584656
23.45550765430593 0.0001266447777170023 0.03422100002966305
23.59660385699449 0.0001231900911655046 0.03328750059358319
23.73854882146243 0.000119818318343967 0.03237640548247096
23.88134765342164 0.0001165277981725066 0.03148726585180434
24.02500548929732 0.0001133168945233879 0.030619639599443
24.16952749641275 0.0001101839954434439 0.0297730911555169
24.31491887317515 0.0001071275122397604 0.02894719123536668
24.46118484926266 0.0001041458803130875 0.0281415170647418
24.60833068581249 0.0001012375595034887 0.02735565247319939
24.7563616756101 9.840103265298484e-05 0.02658918750571261
24.90528314327963 9.563480575165692e-05 0.02584171846214945
25.05510044547539 9.293740905895649e-05 0.0251128482002648
25.20581897107455 9.030739574700418e-05 0.02440218576910281
25.357444141371 8.774334140156514e-05 0.0237093462741542
25.5099814102703 8.524384507654132e-05 0.02303395116229323
25.66343626448592 8.28075288247651e-05 0.02237562809499229
25.81781422373652 8.04330365556377e-05 0.02173401063964155
25.97312084094457 7.811903453918262e-05 0.02110873840575046
26.12936170243603 7.586421198433393e-05 0.02049945720120851
26.28654242814131 7.366727956493821e-05 0.01990581863399253
26.44466867179741 7.152696929780331e-05 0.0193274800792139
26.6037461211513 6.944203558578828e-05 0.01876410496097456
26.76378049816449 6.74112541148946e-05 0.0182153624543472
26.92477755921884 6.543342113074125e-05 0.01768092728986988
27.08674309532363 6.350735421952707e-05 0.01716047996457172
27.24968293232387 6.163189217417204e-05 0.01665370670580268
27.41360293110984 5.980589374197141e-05 0.01616029913283401
27.57850898782788 5.802823784305255e-05 0.01567995431588807
27.74440703409252 5.629782428799045e-05 0.01521237497004695
27.91130303719981 5.461357241253381e-05 0.01475726908633846
28.07920300034196 5.297442075051609e-05 0.01431434984335258
28.24811296282329 5.13793279173068e-05 0.01388333584596102
28.41803900027744 4.982727183368708e-05 0.01346395091559876
28.58898722488593 4.831724885354362e-05 0.013055923854556
28.76096378559799 4.684827428020496e-05 0.01265898858549873
28.93397486835177 4.541938250592657e-05 0.01227288418915929
29.1080266962968 4.402962576017029e-05 0.01189735456610587
29.28312553001787 4.267807410528435e-05 0.0115321484355752
29.4592776677602 4.136381617560994e-05 0.01117701953518838
29.63648944565603 4.008595802892513e-05 0.01083172631059665
29.81476723795246 3.88436226627011e-05 0.01049603178476784
29.99411745724076 3.763595069834976e-05 0.01016970374287858
30.17454655468706 3.646209993213149e-05 0.009852514610963965
30.35606102026435 3.532124438589826e-05 0.009544241199416516
30.53866738298595 3.421257458603624e-05 0.009244664778359942
30.72237221114033 3.31352978983239e-05 0.008953571168131984
30.90718211252742 3.208863735831763e-05 0.008670750423240007
31.09310373469621 3.107183150051708e-05 0.008395996786199331
31.28014376518396 3.008413502674148e-05 0.008129108868136878
31.46830893175665 2.912481793428904e-05 0.007869889413208942
31.65760600265105 2.81931649195901e-05 0.007618145137460824
31.84804178681812 2.728847585659195e-05 0.007373686858092395
32.03962313416796 2.641006562941207e-05 0.007136329448238902
32.23235693581619 2.555726317543446e-05 0.006905891578403654
32.42625012433181 2.472941157022498e-05 0.006682195739403205
32.62130967398656 2.392586846080356e-05 0.006465068359442913
32.81754260100581 2.314600504879164e-05 0.006254339529350697
33.01495596382091 2.238920580024307e-05 0.006049842924169694
33.21355686332307 2.165486898771213e-05 0.005851415949631839
33.4133524431188 2.094240610169315e-05 0.005658899583121479
33.61434988978685 2.025124119177607e-05 0.005472138195647396
33.81655643313671 1.958081115598375e-05 0.005290979630025341
34.01997934646867 1.893056578398218e-05 0.005115275212553995
34.22462594683541 1.829996685360512e-05 0.004944879508884632
34.43050359530524 1.768848807304674e-05 0.004779650308400847
34.63761969722685 1.709561552107036e-05 0.004619448743168472
34.84598170249565 1.652084683285616e-05 0.004464139067941438
35.0555971058218 1.596369082746132e-05 0.004313588559496873
35.26647344699975 1.542366790486078e-05 0.00416766762392046
35.47861831117944 1.490030970852388e-05 0.004026249705430441
35.69203932913916 1.439315845396479e-05 0.003889211104943559
35.90674417756002 1.390176706093838e-05 0.003756431015796026
36.12274057930207 1.342569932840847e-05 0.003627791571022139
36.34003630368208 1.29645291333278e-05 0.003503177626854612
36.55863916675303 1.251784027700414e-05 0.003382476721210794
36.77855703158521 1.208522686729777e-05 0.003265579176967195
36.9997978085491 1.166629272533316e-05 0.003152377941645565
37.22236945559986 1.126065096422848e-05 0.003042768473580367
37.4462799785636 1.08679242474109e-05 0.002936648811718781
37.67153743142533 1.04877446493438e-05 0.002833919537987466
37.89814991661868 1.01197530150253e-05 0.002734483604221061
38.12612558531732 9.7635989737495e-06 0.002638246335880642
38.35547263772817 9.418941172748984e-06 0.002545115495186855
38.58619932338635 9.085446612400586e-06 0.002455001101484201
38.81831394145193 8.762790431982035e-06 0.002367815373349816
39.05182484100842 8.450656204613759e-06 0.002283472808290423
39.2867404213631 8.148735547298238e-06 0.0022018900773701
39.52306913234914 7.856727687027549e-06 0.00212298590796712
39.76081947462954 7.574339602051296e-06 0.002046681121946311
40.00000000000288 7.301286014646393e-06 0.001972898633705358
