##########################################################################################
#
# SZ signal computed with SZpack v1.1.1
# Runmode: CNSN-basis
#
# General parameters:
# xmin= 0.1 xmax= 40 np= 1000
# Dtau= 0.01
# Te= 20keV (The ~ 0.039139)
# betac= 0 muc= 1
# betao= 0 muo= 1
#
# Runmode specific parameters:
# eps= 0
# Te_order= 20 beta_order= 2
#
##########################################################################################
#
# Output format: x = (h nu/k T0) | x^3 Dn(x) | DI(x) in MJy/sr 
# Here a CMB temperature of T0 = 2.726 K is assumed.
#
##########################################################################################
0.1 -7.326526464753945e-06 -0.001979718918437583
0.1006015482792701 -7.414761811253644e-06 -0.002003561210631666
0.1012067151618632 -7.504057662193698e-06 -0.002027690064365349
0.1018155224154252 -7.594426715291051e-06 -0.002052108910720274
0.1024279919385451 -7.685881815283979e-06 -0.002076821220505083
0.1030441457615424 -7.778435956502299e-06 -0.002101830504949919
0.1036640060472596 -7.872102293417271e-06 -0.002127140318557144
0.1042875950918594 -7.96689413530899e-06 -0.002152754257660397
0.1049149353256267 -8.062824944727668e-06 -0.002178675960008819
0.1055460493137754 -8.159908347277713e-06 -0.002204909107410829
0.10618095975726 -8.258158132961793e-06 -0.002231457426097308
0.1068196894935924 -8.357588250424901e-06 -0.002258324685166275
0.1074622614976628 -8.45821281281472e-06 -0.002285514698166428
0.1081086988825668 -8.560046106711057e-06 -0.002313031325509992
0.1087590249004362 -8.66310258447743e-06 -0.002340878472406019
0.1094132629432757 -8.767396865601581e-06 -0.002369060089222612
0.1100714365438043 -8.872943748687654e-06 -0.002397580174727365
0.1107335693763015 -8.979758207586574e-06 -0.002426442775041738
0.1113996852574591 -9.087855387992639e-06 -0.002455651982721414
0.1120698081472377 -9.197250617047384e-06 -0.00248521193935139
0.1127439621497288 -9.307959407884802e-06 -0.002515126836774141
0.1134221715140214 -9.419997452059588e-06 -0.002545400915043647
0.1141044606350749 -9.533380624278891e-06 -0.002576038463703967
0.1147908540545956 -9.648124994287127e-06 -0.002607043825000664
0.1154813764619206 -9.764246818933039e-06 -0.002638421391737226
0.1161760526949047 -9.881762541940926e-06 -0.00267017560721325
0.1168749077408149 -1.000068880680432e-05 -0.002702310968708471
0.1175779667372284 -1.01210424553852e-05 -0.00273483202710426
0.118285254972937 -1.024284052232038e-05 -0.002767743385372152
0.118996797888857 -1.036610024395915e-05 -0.002801049700988909
0.119712621078944 -1.049083906665463e-05 -0.002834755688176956
0.1204327502911136 -1.061707463752607e-05 -0.002868866115408224
0.1211572114281675 -1.074482480780053e-05 -0.002903385806307131
0.1218860305487253 -1.087410764722229e-05 -0.002938319643544171
0.1226192338681618 -1.100494143690091e-05 -0.002973672566903381
0.12335684775955 -1.11373446670317e-05 -0.003009449572666364
0.1240988987546095 -1.127133605010097e-05 -0.003045655717180546
0.124845413544661 -1.140693452295123e-05 -0.003082296117417184
0.1255964189815867 -1.15441592387822e-05 -0.003119375948809961
0.1263519420787953 -1.168302957494325e-05 -0.003156900447360593
0.1271120100121947 -1.182356514526274e-05 -0.003194874912970366
0.1278766501211688 -1.196578578960495e-05 -0.003233304706618305
0.128645889909561 -1.21097115755098e-05 -0.003272195250804226
0.1294197570466637 -1.225536281446838e-05 -0.003311552033946599
0.1301982793682135 -1.240276005684651e-05 -0.003351380609010828
0.1309814848773924 -1.255192408704591e-05 -0.00339168659220174
0.1317694017458348 -1.270287593638856e-05 -0.0034324756664451
0.1325620583146414 -1.285563688955127e-05 -0.003473753583126306
0.1333594830953982 -1.301022847412296e-05 -0.003515526159268649
0.1341617047712022 -1.316667246682365e-05 -0.003557799279213745
0.1349687521976928 -1.332499090976453e-05 -0.003600578899015222
0.1357806544040905 -1.348520609971392e-05 -0.003643871043538246
0.13659744059424 -1.364734058756605e-05 -0.003687681806315968
0.1374191401476617 -1.381141719573527e-05 -0.003732017354249678
0.1382457826206078 -1.397745901650479e-05 -0.003776883927162585
0.1390773977471256 -1.414548940420526e-05 -0.003822287835686404
0.1399140154401271 -1.431553198711886e-05 -0.003868235464477964
0.140755665792465 -1.448761067897781e-05 -0.003914733275326257
0.1416023790780148 -1.466174966631214e-05 -0.003961787803733657
0.1424541857527642 -1.483797341274788e-05 -0.004009405660077332
0.1433111164559082 -1.501630667856198e-05 -0.00405759353489323
0.1441732020109516 -1.519677451112751e-05 -0.00410635819629426
0.1450404734268171 -1.53794022415581e-05 -0.004155706489063567
0.1459129618989614 -1.556421550241316e-05 -0.004205645339438717
0.1467906988104967 -1.575124023079124e-05 -0.00425618175594754
0.1476737157333199 -1.594050265726043e-05 -0.004307322826417016
0.148562044429248 -1.613202931613844e-05 -0.004359075720751053
0.1494557168511607 -1.632584706238874e-05 -0.004411447695496051
0.1503547651441497 -1.652198305742491e-05 -0.004464446090005055
0.151259221646675 -1.672046477105919e-05 -0.004518078326964276
0.152169118891728 -1.692132000343405e-05 -0.004572351918319281
0.1530844896080017 -1.712457687838839e-05 -0.004627274463482451
0.1540053667210681 -1.733026383660911e-05 -0.004682853647482452
0.1549317833545624 -1.753840965278397e-05 -0.004739097245599155
0.1558637728313743 -1.774904344461067e-05 -0.004796013125797995
0.156801368674847 -1.796219465846302e-05 -0.004853609244856796
0.1577446046099826 -1.817789307748145e-05 -0.004911893650551932
0.1586935145646554 -1.839616884363965e-05 -0.004970874487620996
0.1596481326708324 -1.861705244328991e-05 -0.005030559993856985
0.1606084932658007 -1.884057470612198e-05 -0.005090958499826961
0.1615746308934029 -1.906676682843974e-05 -0.005152078435161703
0.1625465803052792 -1.929566037124031e-05 -0.005213928328036647
0.1635243764621181 -1.952728724933174e-05 -0.005276516802231375
0.1645080545349132 -1.976167974704308e-05 -0.005339852581374644
0.1654976499062288 -1.99988705340125e-05 -0.005403944493210555
0.1664931981714723 -2.02388926479518e-05 -0.005468801464941287
0.1674947351401746 -2.048177950008948e-05 -0.005534432524697905
0.1685022968372784 -2.072756490147166e-05 -0.005600846808647184
0.1695159195044337 -2.097628305026038e-05 -0.005668053557559452
0.1705356396013016 -2.122796852682664e-05 -0.00573606211548267
0.1715614938068656 -2.148265631726733e-05 -0.005804881936096999
0.172593519020751 -2.174038181792037e-05 -0.005874522583934849
0.1736317523645521 -2.200118082013065e-05 -0.005944993730264446
0.1746762311831677 -2.226508952365905e-05 -0.006016305156713113
0.1757269930461439 -2.253214455960117e-05 -0.006088466761460198
0.1767840757490262 -2.280238297120403e-05 -0.006161488554053515
0.1778475173147181 -2.307584221607946e-05 -0.006235380656007414
0.1789173559948495 -2.335256019546074e-05 -0.006310153308708306
0.1799936302711521 -2.36325752455692e-05 -0.006385816871081799
0.1810763788568441 -2.391592612797807e-05 -0.006462381816988901
0.1821656406980222 -2.420265205219924e-05 -0.006539858741329227
0.1832614549750625 -2.449279268811395e-05 -0.006618258363399951
0.1843638611040305 -2.478638814642598e-05 -0.006697591521613993
0.1854728987380978 -2.5083478989034e-05 -0.006777869176302762
0.1865886077689693 -2.538410625863884e-05 -0.006859102417716425
0.1877110283283176 -2.568831145940439e-05 -0.006941302460798216
0.1888402007892269 -2.599613655507974e-05 -0.007024480644677038
0.1899761657676448 -2.630762399979147e-05 -0.007108648440987905
0.1911189641238435 -2.662281673581998e-05 -0.007193817453271093
0.1922686369638894 -2.6941758178561e-05 -0.007279999412908549
0.1934252256411219 -2.726449223698918e-05 -0.007367206184653401
0.1945887717576404 -2.759106333503621e-05 -0.007455449772406599
0.1957593171658014 -2.792151638828561e-05 -0.007544742312919558
0.1969369039697233 -2.825589681071063e-05 -0.007635096077614817
0.1981215745268011 -2.859425054960048e-05 -0.007726523482023547
0.19931337144923 -2.893662406878158e-05 -0.007819037081251723
0.2005123376055381 -2.92830643414966e-05 -0.00791264956805595
0.2017185161221286 -2.963361888122635e-05 -0.00800737378117192
0.2029319503848305 -2.998833574807262e-05 -0.008103222707039148
0.2041526840404598 -3.034726352796634e-05 -0.008200209474182733
0.205380760998389 -3.071045134987952e-05 -0.00829834735786426
0.2066162254321268 -3.10779489164461e-05 -0.008397649788355933
0.2078591217809067 -3.144980647825904e-05 -0.00849813034399532
0.2091094947512857 -3.182607483619726e-05 -0.008599802751814127
0.2103673893187526 -3.220680537989039e-05 -0.008702680897931848
0.2116328507293451 -3.259205007652882e-05 -0.00880677882453211
0.2129059245012778 -3.298186145741104e-05 -0.008912110726227596
0.2141866564265795 -3.337629264721865e-05 -0.009018690957970496
0.2154750925727398 -3.377539738082288e-05 -0.00912653403959387
0.2167712792843669 -3.417922997687406e-05 -0.009235654648675179
0.2180752631848539 -3.458784535081456e-05 -0.009346067624052542
0.2193870911780562 -3.500129905395522e-05 -0.009457787976383671
0.2207068104499787 -3.541964724783516e-05 -0.009570830881217579
0.2220344684704725 -3.584294670099948e-05 -0.009685211678123884
0.2233701129949433 -3.627125482905477e-05 -0.009800945881516284
0.2247137920660681 -3.670462969205911e-05 -0.009918049179947324
0.2260655540155243 -3.714312997393476e-05 -0.01003653743054543
0.2274254474657272 -3.758681500861722e-05 -0.01015642666608073
0.2287935213315797 -3.803574480843057e-05 -0.01027773310263241
0.2301698248222314 -3.848998003290412e-05 -0.0104004731311626
0.2315544074428487 -3.894958199682518e-05 -0.01052466331969229
0.2329473189963953 -3.941461271576801e-05 -0.0106503204256039
0.2343486095854241 -3.988513488411451e-05 -0.0107774613897021
0.2357583296138787 -4.03612118648122e-05 -0.01090610333344638
0.237176529788907 -4.084290772898369e-05 -0.01103626356965396
0.2386032611226849 -4.13302872646025e-05 -0.01116795960484412
0.2400385749342508 -4.182341594842756e-05 -0.01130120913165457
0.2414825228513524 -4.232235996756754e-05 -0.01143603003466838
0.2429351568123028 -4.282718625952664e-05 -0.01157244040123486
0.2443965290678495 -4.33379624781634e-05 -0.01171045851227122
0.2458666921830531 -4.38547569957747e-05 -0.01185010284282565
0.2473456990391787 -4.437763895260121e-05 -0.01199139207545437
0.2488336028355976 -4.490667824237684e-05 -0.01213434509631687
0.250330457091701 -4.544194549374864e-05 -0.01227898099015533
0.2518363156488252 -4.598351210733958e-05 -0.01242531905030949
0.2533512326721881 -4.653145027781325e-05 -0.01257337878467874
0.2548752626528374 -4.708583295865335e-05 -0.01272317990620518
0.2564084604096108 -4.764673387795886e-05 -0.01287474233714161
0.2579508810911079 -4.821422758878463e-05 -0.01302808622265419
0.2595025801776736 -4.878838943556529e-05 -0.0131832319217498
0.261063613483394 -4.936929554877704e-05 -0.01334020000583355
0.2626340371581039 -4.995702289576093e-05 -0.0134990112724419
0.2642139076894062 -5.055164927748664e-05 -0.01365968674436814
0.2658032819047042 -5.11532533007452e-05 -0.01382224766214859
0.2674022169732455 -5.176191441061178e-05 -0.01398671549283437
0.2690107704081783 -5.237771292700373e-05 -0.01415311193986992
0.2706290000686201 -5.300073000358113e-05 -0.01432145893198733
0.2722569641617388 -5.363104763683065e-05 -0.014491778625661
0.2738947212448469 -5.426874872379164e-05 -0.01466409342070587
0.2755423302275071 -5.49139170335847e-05 -0.01483842595258414
0.2771998503736515 -5.55666371928523e-05 -0.01501479908847112
0.2788673413037137 -5.622699473517046e-05 -0.01519323594060691
0.2805448629967726 -5.689507611218122e-05 -0.01537375986930447
0.2822324757927104 -5.75709686563188e-05 -0.01555639447287783
0.283930240394383 -5.825476060683338e-05 -0.01574116359467401
0.285638217869803 -5.894654116048333e-05 -0.01592809133677069
0.2873564696543368 -5.964640042720235e-05 -0.01611720204799693
0.2890850575529139 -6.035442943122164e-05 -0.01630852032423639
0.2908240437422505 -6.107072017274957e-05 -0.01650207102509394
0.2925734907730859 -6.179536560935853e-05 -0.01669787926886617
0.294333461572432 -6.252845963071426e-05 -0.01689597042571292
0.2961040194458372 -6.327009710382811e-05 -0.01709637012988501
0.2978852280796634 -6.402037390074431e-05 -0.01729910428720572
0.2996771515433765 -6.477938685246387e-05 -0.01750419906262039
0.3014798542918515 -6.554723376711033e-05 -0.01771168088510509
0.3032934011676903 -6.632401349241172e-05 -0.01792157646454999
0.3051178574035545 -6.71098258725061e-05 -0.01813391278008769
0.3069532886245115 -6.790477173933974e-05 -0.01834871707776891
0.3087997608503953 -6.870895297470384e-05 -0.01856601688732556
0.3106573404981812 -6.952247250576188e-05 -0.01878584002096222
0.3125260943843745 -7.034543426822009e-05 -0.01900821456340427
0.3144060897274139 -7.117794324482197e-05 -0.01923316888229967
0.3162973941500897 -7.202010551030284e-05 -0.01946073164036618
0.3182000756819758 -7.287202817840946e-05 -0.01969093178107545
0.3201142027618771 -7.37338194111134e-05 -0.01992379853114252
0.3220398442402905 -7.460558848867929e-05 -0.0201593614194592
0.3239770693818822 -7.548744577334789e-05 -0.02039765026728077
0.3259259478679787 -7.63795026889698e-05 -0.02063869518272271
0.3278865497990735 -7.728187177980037e-05 -0.02088252657664788
0.3298589456973481 -7.819466672348246e-05 -0.02112917516617458
0.3318432065092091 -7.911800228272407e-05 -0.02137867196161926
0.3338394036078401 -8.005199433481689e-05 -0.02163104827447281
0.3358476087957689 -8.099675993253771e-05 -0.02188633573385684
0.3378678943074497 -8.195241724783648e-05 -0.02214456627130754
0.3399003328118625 -8.291908557065895e-05 -0.02240577212045754
0.3419449974151257 -8.389688538187898e-05 -0.02266998583674308
0.3440019616631268 -8.488593832934558e-05 -0.02293724029093167
0.3460712995441669 -8.588636719427905e-05 -0.02320756866004189
0.3481530854916227 -8.689829594332965e-05 -0.0234810044414103
0.3502473943866234 -8.792184976078522e-05 -0.02375758146139434
0.3523543015607447 -8.895715499001333e-05 -0.02403733385954923
0.3544738827987177 -9.000433915242372e-05 -0.02432029609375195
0.3566062143411555 -9.106353102041959e-05 -0.02460650295991347
0.3587513728872951 -9.213486056326558e-05 -0.0248959895773517
0.3609094355977566 -9.321845893358128e-05 -0.02518879138514182
0.3630804800973185 -9.431445853834749e-05 -0.02548494416130307
0.3652645844777097 -9.542299303177375e-05 -0.02578448402087148
0.3674618273004187 -9.654419726794882e-05 -0.02608744740310539
0.369672287599519 -9.767820734302043e-05 -0.02639387108288302
0.3718960448845125 -9.88251606462377e-05 -0.0267037921844947
0.374133179143189 -9.998519579393744e-05 -0.0270172481638052
0.3763837708445035 -0.0001011584526368235 -0.02733427681022063
0.3786479009414707 -0.0001023450723389528 -0.02765491626803158
0.3809256508740766 -0.0001035451973324172 -0.0279792050241674
0.3832171025722083 -0.0001047589712895115 -0.02830718190067585
0.3855223384586003 -0.0001059865391871985 -0.02863888607214219
0.3878414414518001 -0.000107228047319543 -0.02897435706904922
0.3901744949691499 -0.0001084836432373693 -0.02931363476147165
0.3925215829297878 -0.000109753475778084 -0.02965675936713499
0.3948827897576659 -0.0001110376951324054 -0.0300037714694463
0.3972582003845871 -0.0001123364527755456 -0.03035471199889902
0.3996479002532602 -0.0001136499014613964 -0.03070962223150173
0.402051975320373 -0.0001149781953011306 -0.03106854381001734
0.4044705120596843 -0.0001163214897323468 -0.03143151873562555
0.4069035974651345 -0.0001176799414758966 -0.031798589356257
0.4093513190539743 -0.0001190537085895503 -0.03216979838109452
0.4118137648699132 -0.0001204429505003387 -0.03254518888931218
0.4142910234862858 -0.000121847827933456 -0.03292480431086404
0.4167831840092382 -0.0001232685029282116 -0.03330868843079443
0.4192903360809331 -0.0001247051389141401 -0.03369688540980398
0.4218125698827739 -0.0001261579006458478 -0.03408943976664412
0.4243499761386489 -0.0001276269541823976 -0.03448639637254686
0.4269026461181943 -0.0001291124669593323 -0.03488780047068617
0.429470671640077 -0.0001306146077758163 -0.03529369767270365
0.4320541450752978 -0.0001321335467365834 -0.03570413394302204
0.4346531593505136 -0.0001336694552913406 -0.03611915560949262
0.43726780795138 -0.0001352225062841344 -0.03653880937673461
0.4398981849259138 -0.0001367928738755174 -0.03696314230510364
0.4425443848878763 -0.0001383807335438126 -0.03739220181103332
0.4452065030201759 -0.0001399862621621107 -0.03782603568784091
0.4478846350782926 -0.0001416096379435427 -0.03826469209093932
0.4505788773937215 -0.0001432510404045978 -0.03870821952792512
0.4532893268774382 -0.0001449106504249151 -0.03915666687473492
0.4560160810233846 -0.0001465886502530911 -0.03961008337721481
0.458759237911976 -0.0001482852234358553 -0.04006851863198255
0.4615188962136283 -0.0001500005548408401 -0.04053202259258042
0.464295155192308 -0.0001517348307166191 -0.04100064558569819
0.4670881147091019 -0.0001534882386138107 -0.04147443828985444
0.4698978752258099 -0.000155260967370823 -0.04195345173154457
0.4727245378085577 -0.0001570532071832774 -0.04243773730399997
0.4755682041314329 -0.0001588651495640261 -0.04292734675638422
0.4784289764801414 -0.0001606969872908005 -0.04342233217964713
0.4813069577556875 -0.0001625489144490627 -0.04392274601810355
0.4842022514780743 -0.0001644211264533578 -0.0444286410752032
0.487114961790028 -0.0001663138199675978 -0.0449400704919904
0.4900451934607434 -0.0001682271929103064 -0.04545708774852113
0.4929930518896525 -0.0001701614445154066 -0.0459797466802887
0.4959586431102161 -0.0001721167752589331 -0.04650810145842052
0.4989420737937372 -0.0001740933868286975 -0.04704220658148126
0.5019434512531983 -0.0001760914821784696 -0.04758211689011327
0.504962883447121 -0.0001781112655032639 -0.04812788756035877
0.5080004789834501 -0.0001801529421738259 -0.04867957408595709
0.5110563471234592 -0.0001822167187593032 -0.04923723228447083
0.5141305977856812 -0.0001843028030566157 -0.04980091830522198
0.5172233415498623 -0.0001864114040073818 -0.05037068860684434
0.520334689660939 -0.0001885427316858518 -0.05094659995402302
0.52346475403304 -0.0001906969973488666 -0.05152870943099385
0.5266136472535116 -0.0001928744133731739 -0.05211707442460548
0.5297814825869668 -0.0001950751932098917 -0.05271175261201477
0.5329683739793606 -0.0001972995514171679 -0.053312801969512
0.5361744360620875 -0.0001995477036463948 -0.05392028076879558
0.5393997841561053 -0.0002018198665681772 -0.05453424755696796
0.5426445342760833 -0.0002041162578735074 -0.05515476115685304
0.5459088031345746 -0.0002064370962994034 -0.05578188067392387
0.5491927081462149 -0.0002087826015487217 -0.05641566547463518
0.5524963674319456 -0.0002111529942617207 -0.05705617517873931
0.5558198998232626 -0.0002135484960445681 -0.05770346966698944
0.5591634248664905 -0.0002159693294173106 -0.05835760906708024
0.5625270628270829 -0.0002184157177567115 -0.05901865373820184
0.565910934693948 -0.0002208878853031254 -0.05968666427289761
0.5693151621838011 -0.0002233860571476509 -0.06036170149359254
0.5727398677455418 -0.0002259104591560181 -0.06104382643202666
0.5761851745646592 -0.0002284613179491384 -0.06173310032399953
0.5796512065676627 -0.0002310388609101564 -0.06242958461127553
0.5831380884265391 -0.0002336433161119837 -0.06313334092200278
0.5866459455632378 -0.0002362749122749909 -0.06384443105928081
0.5901749041541815 -0.0002389338787655051 -0.06456291700075477
0.5937250911348052 -0.0002416204455478877 -0.06528886088566606
0.5972966342041217 -0.0002443348431222437 -0.06602232499802071
0.6008896618293151 -0.0002470773025039581 -0.06676337176105987
0.6045043032503616 -0.0002498480551961183 -0.06751206372980795
0.6081406884846782 -0.0002526473331185502 -0.06826846357189723
0.6117989483317994 -0.0002554753685704855 -0.06903263405748034
0.6154792143780822 -0.0002583323942040586 -0.06980463805206849
0.619181619001439 -0.0002612186429590832 -0.07058453849890747
0.6229062953760992 -0.0002641343480125206 -0.07137239840532328
0.6266533774773996 -0.0002670797427413316 -0.07216828083268434
0.6304230000866031 -0.0002700550606644544 -0.07297224888072311
0.6342152987957473 -0.0002730605353843916 -0.0737843656717522
0.6380304100125211 -0.0002760964005410362 -0.07460469433818753
0.6418684709651717 -0.0002791628897494351 -0.07543329800573134
0.6457296197074404 -0.0002822602365393315 -0.07627023977703577
0.6496139951235281 -0.0002853886743049873 -0.07711558271814413
0.6535217369330918 -0.0002885484362331836 -0.07796938983903591
0.6574529856962692 -0.0002917397552356362 -0.07883172407536448
0.6614078828187353 -0.0002949628639000227 -0.07970264827522411
0.6653865705567885 -0.0002982179944155864 -0.08058222517904702
0.6693891920224675 -0.0003015053784828901 -0.08147051739521798
0.673415891188699 -0.0003048252472694777 -0.08236758738809331
0.6774668128944764 -0.0003081778313428007 -0.08327349745987697
0.6815421028500694 -0.0003115633605525424 -0.08418830971882291
0.6856419076422656 -0.000314982063979625 -0.08511208606545624
0.6897663747396426 -0.0003184341698822495 -0.08604488817799258
0.693915652497873 -0.0003219199055708848 -0.08698677747855842
0.6980898901650602 -0.0003254394973180592 -0.08793781510881585
0.702289237887107 -0.0003289931703245304 -0.0888980619208211
0.7065138467131162 -0.0003325811486107934 -0.08986757844770867
0.7107638686008243 -0.0003362036548661264 -0.09084642486290168
0.7150394564220665 -0.0003398609104267847 -0.09183466097421961
0.7193407639682761 -0.0003435531351961338 -0.09283234620229715
0.7236679459560159 -0.0003472805474545661 -0.09383953952922147
0.728021158032544 -0.0003510433638050479 -0.09485629948381823
0.7324005567814114 -0.000354841799130253 -0.09588268413006856
0.736806299728095 -0.0003586760664129202 -0.09691875101856746
0.7412385453456634 -0.0003625463765915667 -0.09796455714753576
0.7456974530604773 -0.0003664529385576898 -0.09902015896206388
0.7501831832579239 -0.000370395959021366 -0.1000856123177952
0.754695897288186 -0.0003743756422688484 -0.1011609724154257
0.7592357574720454 -0.0003783921901645119 -0.1022462938012295
0.7638029271067222 -0.0003824458020714351 -0.1033416303455996
0.7683975704717476 -0.0003865366745786601 -0.1044470351693494
0.7730198528348741 -0.0003906650014154939 -0.1055625606205563
0.7776699404580188 -0.0003948309734404378 -0.10668825827157
0.7823480006032453 -0.0003990347784125339 -0.1078241788572278
0.7870542015387785 -0.0004032766007519189 -0.108970372210153
0.7917887125450584 -0.0004075566215830669 -0.1101268872724397
0.7965517039208285 -0.0004118750185870713 -0.1112937720557378
0.8013433469892614 -0.0004162319656424212 -0.1124710735441856
0.8061638141041211 -0.0004206276328361871 -0.1136588376974331
0.8110132786559631 -0.000425062186406515 -0.1148571094351027
0.8158919150783704 -0.0004295357883857857 -0.1160659325403666
0.8207998988542287 -0.000434048596440082 -0.1172853496165687
0.8257374065220374 -0.0004386007639148317 -0.1185154020995581
0.8307046156822607 -0.0004431924395706871 -0.1197561301863203
0.8357017050037151 -0.0004478237672030037 -0.1210075727321554
0.8407288542299962 -0.0004524948857390589 -0.1222697672769482
0.8457862441859444 -0.0004572059290952433 -0.1235427500065795
0.8508740567841485 -0.0004619570256869286 -0.1248265556204857
0.8559924750314897 -0.0004667482984129027 -0.1261212173274538
0.8611416830357236 -0.0004715798646505518 -0.1274267668443188
0.8663218660121029 -0.0004764518358242365 -0.128743234279334
0.8715332102900397 -0.0004813643171121853 -0.13007064805297
0.8767759033198074 -0.0004863174075743684 -0.1314090349324674
0.882050133679283 -0.000491311199873834 -0.1327584199565385
0.8873560910807308 -0.0004963457797137197 -0.1341188262832412
0.8926939663776258 -0.0005014212259790936 -0.1354902752283057
0.8980639515715189 -0.0005065376106270317 -0.1368727862354324
0.9034662398189428 -0.0005116949980650089 -0.1382663767083248
0.9089010254383604 -0.0005168934450507031 -0.1396710619836164
0.9143685039171535 -0.0005221330007776603 -0.1410868553540172
0.9198688719186553 -0.0005274137063904007 -0.1425137679372905
0.9254023272892237 -0.0005327355944924517 -0.1439518085433162
0.9309690690653579 -0.0005380986893761768 -0.1454009837361943
0.9365692974808579 -0.0005435030067559935 -0.1468612977621566
0.9422032139740265 -0.0005489485530002403 -0.1483327523420076
0.9478710211949153 -0.0005544353252775794 -0.1498153467106846
0.9535729230126136 -0.0005599633115222028 -0.1513090776078556
0.9593091245225821 -0.0005655324896960544 -0.1528139390785626
0.9650798320540293 -0.0005711428275261351 -0.1543299224022385
0.9708852531773335 -0.0005767942827213044 -0.155857016151289
0.9767255967115094 -0.0005824868024675829 -0.1573952060547176
0.9826010727317186 -0.0005882203226736107 -0.1589444747942387
0.9885118925768263 -0.0005939947683050292 -0.1605048020946319
0.9944582688570029 -0.0005998100531649409 -0.1620761646644192
1.000440415461372 -0.0006056660789222878 -0.1636585359333213
1.006458547565703 -0.0006115627351895035 -0.1652518860732396
1.012512881640152 -0.0006174998996176049 -0.1668561820239513
1.018603635457047 -0.0006234774370754675 -0.1684713872713396
1.024731028098722 -0.0006294951991336832 -0.1700974617079253
1.030895279965397 -0.0006355530244486946 -0.1717343617366651
1.037096612783106 -0.0006416507382811606 -0.1733820401408073
1.043335249611672 -0.0006477881514356753 -0.1750404457973913
1.04961141485273 -0.000653965060668786 -0.1767095237874988
1.055925334257799 -0.0006601812485679543 -0.1783892153635477
1.062277234936404 -0.0006664364824024005 -0.1800794576387757
1.068667345364243 -0.0006727305140316662 -0.1817801835625331
1.075095895391404 -0.0006790630801910029 -0.1834913219973982
1.081563116250635 -0.0006854339016392303 -0.1852127974889178
1.088069240565661 -0.0006918426822986649 -0.1869445300332055
1.094614502359551 -0.0006982891098270837 -0.1886864352314932
1.101199137063137 -0.000704772855207259 -0.1904384241792184
1.107823381523478 -0.0007112935713809976 -0.1922004030969245
1.114487474012384 -0.0007178508936488859 -0.1939722734382769
1.121191654234987 -0.000724444439719843 -0.1957539319034527
1.127936163338358 -0.0007310738084359885 -0.1975452700945845
1.134721243920186 -0.000737738579393862 -0.1993461744134088
1.141547140037501 -0.0007444383134773978 -0.2011565262052824
1.148414097215454 -0.0007511725520411965 -0.2029762015384926
1.155322362456149 -0.0007579408156379977 -0.2048050708604039
1.162272184247527 -0.0007647426047653364 -0.2066429991992143
1.169263812572304 -0.0007715773995865399 -0.2084898460885649
1.176297498916961 -0.0007784446583030829 -0.2103454651277301
1.183373496280794 -0.0007853438174217441 -0.2122097040538067
1.19049205918501 -0.00079227429205884 -0.2140824048239215
1.197653443681885 -0.000799235474616703 -0.2159634032575989
1.204857907363973 -0.0008062267339986277 -0.2178525288246306
1.212105709373372 -0.0008132474164308054 -0.2197496048671712
1.219397110411042 -0.0008202968447563083 -0.221654448408965
1.22673237274619 -0.0008273743167331044 -0.2235668696954478
1.234111760225694 -0.0008344791058867747 -0.225486672424162
1.241535538283603 -0.0008416104614444595 -0.2274136537269078
1.249003973950675 -0.0008487676065276566 -0.2293476036814152
1.256517335863991 -0.0008559497381401228 -0.2312883053080741
1.264075894276612 -0.0008631560278080366 -0.2332355347429152
1.271679921067302 -0.0008703856203081002 -0.2351890608939261
1.279329689750306 -0.0008776376323833174 -0.2371486450940395
1.287025475485191 -0.000884911153862181 -0.2391140414035514
1.294767555086741 -0.0008922052471392056 -0.241084996469754
1.302556207034913 -0.0008995189451075225 -0.2430612489682975
1.310391711484858 -0.000906851251977927 -0.2450425298245071
1.318274350276994 -0.0009142011435303573 -0.2470285622813352
1.326204406947145 -0.0009215675652440257 -0.2490190613940997
1.334182166736741 -0.0009289494318601952 -0.2510137339123412
1.342207916603075 -0.0009363456284209931 -0.2530122785605227
1.350281945229628 -0.0009437550091622603 -0.2550143857388643
1.358404543036452 -0.0009511763956979648 -0.2570197370327487
1.366576002190616 -0.000958608578388679 -0.2590280055825007
1.374796616616712 -0.0009660503160960928 -0.2610388560170541
1.383066682007434 -0.0009735003338807849 -0.2630519438318603
1.391386495834208 -0.0009809573236108098 -0.2650669155533363
1.399756357357896 -0.0009884199446356184 -0.2670834089209666
1.408176567639557 -0.0009958868219994402 -0.2691010524045362
1.416647429551278 -0.001003356545467885 -0.2711194649411069
1.425169247787069 -0.001010827670990436 -0.2731382563302012
1.433742328873819 -0.00101829871986957 -0.2751570270092873
1.442366981182327 -0.001025768176481846 -0.2771753674379898
1.45104351493839 -0.001033234489770638 -0.2791928585014442
1.459772242233963 -0.001040696073380869 -0.281209071546704
1.468553477038385 -0.001048151303300557 -0.2832235677454568
1.477387535209671 -0.001055598518088576 -0.2852358981555679
1.486274734505876 -0.001063036020050093 -0.2872456040386993
1.495215394596523 -0.001070462073694958 -0.2892522164437449
1.504209837074101 -0.001077874904194206 -0.2912552557897612
1.513258385465633 -0.001085272699233043 -0.2932542323666653
1.522361365244312 -0.001092653608553212 -0.2952486462115761
1.531519103841213 -0.001100015741403078 -0.297237986419797
1.540731930657063 -0.001107357167954679 -0.2992217315277201
1.550000177074097 -0.001114675919935123 -0.301199349683437
1.55932417646797 -0.001121969988422578 -0.3031702980511883
1.568704264219756 -0.001129237323574007 -0.3051340227377944
1.578140777728008 -0.001136475836331878 -0.3070899592538295
1.587634056420891 -0.001143683397283924 -0.3090375322055144
1.597184441768398 -0.001150857834636715 -0.3109761547471504
1.606792277294626 -0.001157996936347389 -0.3129052291571404
1.616457908590138 -0.001165098450134666 -0.3148241468409639
1.626181683324388 -0.001172160080927444 -0.3167322876417564
1.635963951258232 -0.001179179492009088 -0.3186290201495109
1.645805064256506 -0.001186154306228169 -0.3205137020282334
1.655705376300682 -0.001193082104171536 -0.3223856795222856
1.665665243501602 -0.001199960423376377 -0.3242442872434728
1.675685024112287 -0.001206786760526956 -0.3260888487646314
1.685765078540822 -0.001213558570840947 -0.3279186764538063
1.695905769363321 -0.001220273265801349 -0.3297330708613876
1.70610746133697 -0.001226928215375198 -0.3315313213196337
1.716370521413142 -0.001233520748584201 -0.3333127060968645
1.726695318750602 -0.00124004815125499 -0.335076491789551
1.737082224728785 -0.00124650766677079 -0.3368219335254252
1.747531612961148 -0.001252896497873014 -0.3385482754502956
1.758043859308618 -0.001259211805415217 -0.3402547503913466
1.768619341893104 -0.00126545070719671 -0.3419405795419699
1.779258441111101 -0.001271610280523811 -0.3436049731538444
1.789961539647373 -0.001277687562199097 -0.3452471305340324
1.800729022488719 -0.001283679546394793 -0.3468662394703428
1.811561276937818 -0.001289583186734032 -0.3484614767937142
1.822458692627162 -0.001295395397478016 -0.350032008698999
1.83342166153307 -0.001301113051874375 -0.3515769902986718
1.844450577989788 -0.001306732982538735 -0.3530955657259311
1.855545838703674 -0.001312251983762603 -0.354586868758321
1.866707842767465 -0.001317666810995787 -0.3560500226778729
1.877936991674634 -0.001322974179620461 -0.3574841399398436
1.88923368933383 -0.001328170767671448 -0.3588883229077693
1.90059834208341 -0.001333253216464669 -0.360261664023281
1.912031358706049 -0.001338218129034724 -0.361603245383918
1.923533150443451 -0.00134306207195321 -0.3629121392344609
1.935104131011135 -0.001347781577090741 -0.3641874084430528
1.946744716613318 -0.001352373140809486 -0.3654281062830101
1.958455325957888 -0.001356833224193259 -0.3666332764949985
1.970236380271462 -0.001361158255671817 -0.3678019539961486
1.982088303314539 -0.001365344631288726 -0.3689331649524389
1.994011521396743 -0.001369388713900392 -0.3700259265622625
2.006006463392153 -0.001373286835820011 -0.371079247770856
2.018073560754737 -0.001377035300057599 -0.3720921296053704
2.030213247533863 -0.001380630379702199 -0.3730635650079371
2.042425960389917 -0.001384068319546658 -0.3739925392747017
2.05471213861001 -0.001387345338248013 -0.3748780306395874
2.067072224123773 -0.001390457628507068 -0.3757190103228195
2.079506661519261 -0.001393401357583162 -0.3765144426700218
2.092015898058938 -0.001396172669958541 -0.3772632858721628
2.104600383695769 -0.001398767688342269 -0.3779644922368262
2.117260571089404 -0.001401182513845227 -0.3786170082354962
2.129996915622458 -0.001403413228402759 -0.3792197751581881
2.142809875416892 -0.001405455896480245 -0.3797717295743146
2.155699911350493 -0.001407306565666547 -0.3802718034930423
2.16866748707345 -0.001408961268425275 -0.3807189248365062
2.181713069025031 -0.001410416024338755 -0.3811120180461574
2.194837126450363 -0.001411666841269163 -0.3814500043965163
2.208040131417308 -0.001412709716767938 -0.3817318023760135
2.221322558833443 -0.001413540640483318 -0.3819563283375356
2.234684886463145 -0.001414155595740957 -0.3821224969255286
2.248127594944775 -0.001414550561145556 -0.3822292215087774
2.261651167807962 -0.001414721512887625 -0.3822754148037231
2.275256091491004 -0.001414664426590064 -0.3822599893734309
2.288942855358358 -0.00141437527919911 -0.3821818581385489
2.302711951718243 -0.001413850051436615 -0.3820399350399424
2.316563875840352 -0.001413084729710197 -0.3818331355548425
2.330499125973664 -0.001412075308079124 -0.3815603772280518
2.344518203364364 -0.001410817791207871 -0.3812205804700312
2.358621612273878 -0.001409308196336057 -0.380812669089204
2.372809859997005 -0.001407542555120622 -0.380335570789732
2.387083456880169 -0.001405516916900083 -0.3797882180535612
2.401442916339774 -0.001403227351304906 -0.3791695488457748
2.415888754880671 -0.00140066994974591 -0.3784785070167793
2.430421492114737 -0.001397840828455607 -0.3777140431241133
2.445041650779565 -0.001394736132388916 -0.3768751154864673
2.459749756757268 -0.001391352036369477 -0.3759606904934337
2.474546339093393 -0.001387684747518976 -0.3749697432619402
2.489431930015952 -0.001383730510220296 -0.3739012589773547
2.504407064954564 -0.001379485607769514 -0.3727542333398766
2.519472282559719 -0.001374946363953875 -0.3715276729909236
2.534628124722145 -0.00137010914791888 -0.3702205968282813
2.549875136592308 -0.001364970377788599 -0.3688320369843551
2.565213866600017 -0.001359526521184939 -0.3673610389664849
2.580644866474148 -0.001353774099023665 -0.3658066626826757
2.596168691262497 -0.001347709691592978 -0.3641679840841062
2.611785899351737 -0.0013413299386554 -0.3624440951926594
2.627497052487508 -0.001334631541820352 -0.3606341047420219
2.64330271579462 -0.001327611271617171 -0.3587371400889027
2.659203457797384 -0.00132026596933459 -0.3567523477100825
2.675199850440056 -0.001312592547612624 -0.3546788933623495
2.691292469107416 -0.001304587996511873 -0.3525159637224999
2.707481892645458 -0.001296249389000036 -0.3502627678698644
2.723768703382218 -0.001287573879903395 -0.3479185370029831
2.740153487148712 -0.001278558709854832 -0.3454825255064122
2.756636833300016 -0.001269201213963561 -0.3429540132933911
2.77321933473646 -0.001259498820959054 -0.3403323055745228
2.789901587924954 -0.001249449054770432 -0.3376167332845431
2.806684192920446 -0.001239049543364182 -0.3348066554703832
2.823567753387507 -0.001228298021586819 -0.3319014600592922
2.840552876622036 -0.001217192329959775 -0.3289005635332015
2.857640173573115 -0.001205730421224834 -0.3258034126973819
2.874830258864976 -0.001193910368445188 -0.3226094868694511
2.892123750819116 -0.001181730361989577 -0.3193182970644506
2.909521271476531 -0.001169188712887617 -0.3159293869014965
2.927023446620097 -0.001156283863902171 -0.3124423355956734
2.944630905797074 -0.001143014388312365 -0.3088567576291892
2.962344282341753 -0.001129378989768287 -0.3051723027121137
2.980164213398238 -0.001115376512100663 -0.3013886584330744
2.998091339943359 -0.001101005944080916 -0.2975055515454856
3.016126306809736 -0.001086266415695431 -0.2935227469608069
3.034269762708964 -0.001071157204211999 -0.2894400493877725
3.052522360254954 -0.001055677745184078 -0.2852573063058794
3.070884755987404 -0.001039827627499943 -0.2809744066276076
3.089357610395416 -0.001023606595258522 -0.2765912812052927
3.107941587941251 -0.001007014560431569 -0.2721079062526033
3.126637357084233 -0.000990051602221071 -0.2675243031709051
3.14544559030479 -0.0009727179642490444 -0.2628405377899086
3.164366964128648 -0.0009550140641823217 -0.2580567229684063
3.183402159151157 -0.0009369405010878976 -0.253173020581779
3.202551860061779 -0.0009184980487694964 -0.2481896397214537
3.221816755668715 -0.0008996876603456877 -0.2431068379319669
3.241197538923678 -0.000880510481622147 -0.237924924824317
3.260694906946819 -0.0008609678448575086 -0.2326442603914195
3.280309561051807 -0.0008410612681721518 -0.2272652548483538
3.300042206771049 -0.0008207924684689214 -0.2217883721237031
3.319893553881069 -0.0008001633623182374 -0.2162141300987221
3.339864316428041 -0.0007791760597814565 -0.2105430989383326
3.359955212753471 -0.0007578328725213558 -0.2047759032826767
3.380166965520037 -0.0007361363238028507 -0.198913224949436
3.400500301737581 -0.0007140891390043033 -0.1929558003698689
3.42095595278926 -0.0006916942477873274 -0.1869044211751187
3.441534654457853 -0.0006689547983969649 -0.1807599380602998
3.46223714695223 -0.0006458741512918256 -0.174523259063282
3.483064174933973 -0.0006224558751889023 -0.1681953484959503
3.504016487544163 -0.000598703758616926 -0.1617772300660655
3.525094838430328 -0.000574621812886558 -0.1552699876798472
3.546299985773546 -0.0005502142623398623 -0.1486747628072598
3.567632692315724 -0.000525485549719672 -0.141992755932882
3.589093725387028 -0.0005004403479146546 -0.1352252297295701
3.610683856933487 -0.0004750835484331047 -0.1283735059439333
3.632403863544755 -0.0004494202603768061 -0.1214389651190577
3.654254526482051 -0.0004234558237180675 -0.1144230501821278
3.676236631706256 -0.0003971958038755004 -0.1073272649787337
3.698350969906183 -0.0003706459839443582 -0.1001531721734116
3.720598336527025 -0.0003438123732803356 -0.09290239556909366
3.742979531798957 -0.0003167012124206597 -0.08557662143684838
3.765495360765927 -0.0002893189600083791 -0.0781775949826601
3.788146633314612 -0.0002616722945949985 -0.07070712083452343
3.810934164203546 -0.0002337681265673026 -0.06316706626521996
3.833858773092431 -0.0002056135856818898 -0.0555593578239937
3.856921284571616 -0.0001772160162979902 -0.04788598004839893
3.880122528191761 -0.000148582987664915 -0.04014897824409743
3.903463338493672 -0.000119722289967948 -0.03235045741640908
3.926944555038322 -9.06419230683104e-05 -0.02449257922770972
3.950567022437048 -6.135010089572937e-05 -0.01657756318435805
3.974331590381932 -3.185525681374953e-05 -0.008607688086469721
3.998239113676364 -2.166028889297892e-06 -0.0005852880475699469
4.02229045226579 2.770874215892585e-05 0.007487248059777096
4.046486471268643 5.776000409465368e-05 0.01560747420831959
4.070828041007458 8.797850464786915e-05 0.02377289031918958
4.095316037040186 0.0001183547997780966 0.03198094449474689
4.119951340191675 0.0001488792480854774 0.04022903150838211
4.144734836585366 0.0001795420138715068 0.04851449363156597
4.169667417675155 0.0002103330807284698 0.05683462430588455
4.194749980277468 0.0002412422517509953 0.06518666820020377
4.219983426603512 0.0002722591458156228 0.07356782020536203
4.24536866429173 0.0003033732125138829 0.08197522946927477
4.270906606440451 0.000334573737759529 0.09040600091207873
4.296598171640729 0.0003658498397199335 0.09885719412674421
4.322444284009386 0.000397190479058075 0.1073258261465879
4.348445873222255 0.0004285844696642825 0.1158088743451244
4.374603874547618 0.0004600204784658562 0.1243032763846229
4.400919228879844 0.0004914870291015332 0.1328059312089942
4.42739288277324 0.0005229725159787283 0.1413137028422322
4.454025788476091 0.0005544652086234413 0.1498234215638136
4.480818903964917 0.0005859532521360026 0.1583318840318458
4.50777319297893 0.0006174246806949376 0.1668358569319796
4.534889625054696 0.0006488674256784699 0.1753320791719409
4.562169175561013 0.0006802693175770954 0.183817262398332
4.589612825733993 0.0007116180955812959 0.1922880935873517
4.617221562712357 0.0007429014188002197 0.2007412380762225
4.644996379572944 0.0007741068710972123 0.2091733408698118
4.672938275366425 0.0008052219676214133 0.2175810284055506
4.701048255153248 0.0008362341671607405 0.2259609118913641
4.729327330039782 0.0008671308793146435 0.2343095892438394
4.757776517214689 0.0008978994709319579 0.2426236468278139
4.786396839985513 0.000928527277490497 0.2508996625312832
4.815189327815487 0.000959001611788411 0.2591342081139145
4.844155016360561 0.0009893097716720902 0.2673238512952233
4.873294947506656 0.001019439050604521 0.2754651586102745
4.902610169407141 0.001049376746842379 0.283554697889447
4.932101736520533 0.001079110171774108 0.2915890405114887
4.961770709648425 0.001108626661452232 0.2995647645196883
4.991618155973645 0.001137913585477553 0.3074784570224997
5.021645149098641 0.001166958354966988 0.3153267163465483
5.051852769084097 0.001195748435211763 0.3231061554570342
5.082242102487784 0.001224271355631257 0.3308134046473853
5.112814242403641 0.001252514716363997 0.3384451133202264
5.1435702885011 0.001280466200223827 0.3459979532180848
5.174511347064628 0.001308113586334824 0.353468622107715
5.205638531033534 0.001335444754828934 0.3608538450494588
5.23695296004199 0.001362447696339342 0.3681503769624728
5.26845576045931 0.001389110529471324 0.3753550073455695
5.300148065430462 0.001415421505688063 0.3824645615974273
5.332031014916829 0.001441369015444759 0.3894759026741023
5.364105755737212 0.001466941605592018 0.3963859357916417
5.39637344160908 0.00149212798962018 0.4031916111942297
5.42883523319007 0.001516917049372782 0.4098899246171859
5.461492298119737 0.001541297848545921 0.4164779209346621
5.494345811061548 0.001565259650947583 0.4229526990935406
5.52739695374514 0.001588791919161755 0.4293114117524607
5.560646915008824 0.001611884322503012 0.4355512674312476
5.594096890842349 0.00163452675937904 0.4416695365535452
5.627748084429916 0.001656709359260775 0.4476635519791726
5.661601706193463 0.001678422484122677 0.4535307093933033
5.695658973836199 0.001699656747732678 0.4592684725188502
5.729921112386407 0.001720403028086994 0.4648743764765081
5.764389354241504 0.001740652462159271 0.470346026365906
5.799064939212376 0.001760396457815788 0.4756811004852442
5.833949114567966 0.00177962671670138 0.4808773565153572
5.869043135080146 0.001798335226919425 0.4859326295417531
5.904348263068843 0.001816514266768783 0.490844833064383
5.939865768447451 0.001834156429183226 0.4956119656014786
5.975596928768503 0.001851254622858843 0.5002321109941924
6.01154302926963 0.001867802066689355 0.5047034369029494
6.047705362919785 0.001883792307422817 0.5090241995785088
6.084085230465758 0.00189921923532562 0.5131927480945724
6.120683940478954 0.001914077071305447 0.5172075208682475
6.15750280940247 0.001928360374494115 0.5210670477090252
6.194543161598441 0.001942064067582652 0.5247699566646338
6.231806329395683 0.001955183425430277 0.5283149709430429
6.269293653137611 0.001967714072335278 0.5317009081750222
6.307006481230453 0.001979652004815563 0.5349266865697292
6.344946170191752 0.001990993593870676 0.5379913255259339
6.383114084699157 0.002001735571448236 0.5408939419750841
6.421511597639515 0.00201187504323685 0.5436337538381067
6.460140090158249 0.002021409506905058 0.5462100849538015
6.499000951709037 0.002030336832791361 0.5486223598610439
6.538095580103793 0.002038655265296454 0.5508701041749834
6.577425381562945 0.002046363446925216 0.5529529510834911
6.616991770766014 0.002053460405716652 0.554870637950572
6.656796170902505 0.002059945544937053 0.5566230035313275
6.696840013723089 0.002065818660636206 0.5582099927158639
6.737124739591115 0.002071079945878998 0.5596316576727247
6.777651797534409 0.002075729970109095 0.5608881522726967
6.818422645297399 0.002079769685032265 0.5619797336785606
6.859438749393552 0.00208320044288441 0.5629067672813386
6.900701585158119 0.002086023973584537 0.5636697205267437
6.942212636801205 0.00208824237919509 0.5642691614182913
6.983973397461158 0.002089858152832705 0.5647057636272219
7.025985369258271 0.002090874167296207 0.5649803034196429
7.068250063348816 0.002091293657853811 0.5650936550054169
7.110768999979402 0.002091120232197854 0.5650467932280531
7.153543708541653 0.002090357875777791 0.5648407950057506
7.196575727627224 0.002089010926707367 0.5644768325510024
7.239866605083138 0.00208708407438969 0.5639561729990729
7.28341789806747 0.00208458237405733 0.5632801823369137
7.327231173105349 0.002081511224171167 0.562450319296052
7.37130800614531 0.002077876354504779 0.5614681321328414
7.41564998261598 0.002073683837150174 0.5603352616023495
7.460258697483103 0.002068940077403983 0.5590534384956922
7.505135755306914 0.002063651792086997 0.5576244777817034
7.550282770299852 0.002057826011330277 0.5560502790895629
7.59570136638462 0.002051470082709987 0.554332827826081
7.641393177252606 0.002044591645447016 0.5524741882041128
7.687359846422636 0.002037198622976931 0.5504765012348684
7.733603027300095 0.002029299230693114 0.5483419868202049
7.780124383236402 0.002020901956159046 0.5460729384057368
7.826925587588838 0.002012015543160622 0.5436717186715745
7.874008323780734 0.002002648994295515 0.5411407602320017
7.921374285362025 0.00199281156295487 0.5384825634688291
7.969025176070168 0.001982512730996877 0.5356996904985161
8.016962709891423 0.001971762203876531 0.5327947638561689
8.065188611122505 0.001960569910690864 0.5297704665077652
8.113704614432605 0.001948945981431902 0.5266295357036178
8.162512464925786 0.001936900735849921 0.5233747599690873
8.211613918203758 0.001924444683203442 0.5200089790370291
8.26101074042902 0.001911588506175154 0.516535079501673
8.310704708388393 0.001898343044329836 0.5129559903487479
8.360697609556926 0.001884719289531745 0.5092746817172037
8.410991242162195 0.001870728377241653 0.5054941625475612
8.461587415248985 0.001856381567413974 0.5016174754200771
8.512487948744354 0.001841690235731241 0.4976476941861914
8.563694673523104 0.00182666586774374 0.4935879223849817
8.615209431473632 0.001811320041530759 0.4894412885580179
8.667034075564182 0.001795664416015886 0.4852109430920089
8.719170469909495 0.001779710723800674 0.4809000562823688
8.771620489837867 0.001763470757794089 0.4765118147203289
8.824386021958594 0.001746956357883589 0.4720494176912944
8.877468964229841 0.001730179402098485 0.4675160747870757
8.930871226026907 0.001713151795294654 0.4629150028483569
8.984594728210904 0.001695885456200511 0.4582494224643543
9.038641403197854 0.001678392308049626 0.4535225554416332
9.09301319502819 0.001660684267107384 0.4487376217038688
9.147712059436689 0.001642773230807783 0.4438978360862605
9.202739963922818 0.00162467106901971 0.4390064059755704
9.258098887821502 0.001606389612754335 0.4340665282587202
9.313790822374321 0.001587940641245693 0.4290813858318031
9.369817770801134 0.001569335875664549 0.4240541459014927
9.426181748372137 0.001550586969540329 0.4189879573969276
9.482884782480346 0.001531705492384022 0.4138859465444161
9.539928912714528 0.001512702925686132 0.4087512157860322
9.597316190932558 0.001493590655829266 0.4035868418645096
9.655048681335227 0.001474379958102112 0.398395871503617
9.713128460540494 0.001455081991695983 0.3931813200561637
9.771557617658175 0.001435707790610728 0.3879461690466626
9.830338254365088 0.001416268250989463 0.3826933627490159
9.889472484980656 0.001396774143525258 0.3774258115389572
9.948962436542953 0.001377236079537502 0.3721463827274618
10.00881024888521 0.001357664500243388 0.3668578976617686
10.06901807471279 0.001338069697846566 0.3615631374237958
10.12958807968063 0.001318461791421499 0.3562648363137946
10.1905224424711 0.001298850723155837 0.3509656808349907
10.25182335487242 0.001279246250215013 0.3456683074952971
10.31349302185747 0.001259657935867378 0.3403753004092143
10.3755336616631 0.001240095153435871 0.3350891923656213
10.43794750586993 0.001220567077186122 0.329812462365627
10.50073679948262 0.001201082667962155 0.3245475317411579
10.56390380101059 0.001181650680343762 0.3192967660889698
10.62745078254932 0.001162279659696989 0.3140624744736523
10.69138002986203 0.001142977925560262 0.3088469049383537
10.7556938424619 0.001123753574952366 0.3036522453986358
10.82039453369479 0.001104614486396541 0.2984806247298375
10.88548443082247 0.00108556830759476 0.2933341094365093
10.95096587510631 0.00106662244917383 0.2882147019625319
11.01684122189147 0.001047784094923564 0.2831243434575984
11.08311284069168 0.001029060196709486 0.2780649124025635
11.14978311527443 0.001010457460370021 0.2730382207986886
11.21685444374672 0.000991982357110793 0.2680460172465229
11.28432923864131 0.0009736411256024992 0.2630899875127749
11.35220992700354 0.0009554397581705494 0.2581717507985812
11.42049895047856 0.0009373840047648846 0.2532928608122009
11.48919876539923 0.0009194793825552806 0.2484548083617862
11.55831184287442 0.0009017311681538572 0.2436590192538076
11.62784066887791 0.000884144391034089 0.238906852514788
11.69778774433782 0.000866723848072874 0.2341996043207517
11.76815558522656 0.0008494741032107351 0.2295385079054063
11.83894672265132 0.000832399475365083 0.2249247302941554
11.91016370294514 0.0008155040508774811 0.2203593756675053
11.98180908775847 0.0007987916902590964 0.2158434871837696
12.05388545415131 0.0007822660188157252 0.2113780444458344
12.12639539468595 0.0007659304296956079 0.2069639643247158
12.19934151752018 0.000749788097221183 0.2026021045619665
12.27272644650111 0.0007338419740425044 0.1982932630004931
12.34655282125957 0.000718094785032369 0.1940381759349441
12.42082329730504 0.0007025490427567165 0.1898375222920042
12.49554054612116 0.0006872070517504809 0.1856919247857835
12.57070725526186 0.0006720709010389528 0.1816019478969959
12.64632612844798 0.0006571424679892555 0.1775680989136759
12.72239988566455 0.0006424234432848875 0.1735908346796121
12.79893126325863 0.0006279153321448721 0.1696705619237765
12.87592301403773 0.0006136193817547291 0.1658076176512669
12.95337790736882 0.0005995366864898264 0.1620022975759704
13.03129872927796 0.0005856682116338524 0.1582548625295906
13.10968828255048 0.000572014673975983 0.1545655061975117
13.18854938683184 0.0005585766222608907 0.1509343768573948
13.26788487872902 0.0005453544533748472 0.1473615817528655
13.34769761191256 0.0005323483863159525 0.1438471800599445
13.42799045721921 0.0005195584776875339 0.1403911870735575
13.50876630275517 0.000506984632685877 0.1369935771765574
13.59002805400002 0.0004946266033792651 0.1336542833746988
13.67177863391118 0.0004824839902514793 0.1303731977137118
13.7540209830291 0.0004705562555524385 0.1271501748868109
13.83675805958297 0.000458842726847217 0.1239850331936842
13.91999283959716 0.0004473425947055348 0.1208775539161648
14.00372831699829 0.0004360549240907143 0.117827484395669
14.08796750372286 0.0004249786614667683 0.1148345399536201
14.17271342982564 0.0004141126337575386 0.1118984036101952
14.25796914358864 0.0004034555545437194 0.1090187277588373
14.34373771163077 0.0003930060336610971 0.1061951367598208
14.43002221901811 0.0003827625789219905 0.1034272274054048
14.51682576937491 0.0003727235978759378 0.1007145693955938
14.60415148499523 0.0003628874080321975 0.09805670810038453
14.69200250695523 0.0003532522412191931 0.09545316573774222
14.78038199522615 0.0003438162437211745 0.09290344141052866
14.86929312878798 0.0003345774840618449 0.09040701320973503
14.95873910574384 0.0003255339595515326 0.08796333998360947
15.04872314343496 0.0003166835975882076 0.08557186168920831
15.13924847855642 0.0003080242596576616 0.08323200047329422
15.2303183672736 0.0002995537490357148 0.0809431627535689
15.3219360853393 0.0002912698136866422 0.07870474000186406
15.41410492821153 0.0002831701480025668 0.07651610921414706
15.50682821117208 0.0002752523998827433 0.07437663482343186
15.60010926944577 0.0002675141747615051 0.07228566978818053
15.69395145832038 0.0002599530372545756 0.07024255603715701
15.7883581532674 0.0002525665161093949 0.06824662580706752
15.88333275006339 0.0002453521090085681 0.06629720294051172
15.97887866491215 0.000238307284831728 0.0643936034971669
16.07499933456759 0.000231429486762704 0.06253513659338324
16.17169821645737 0.0002247161370876572 0.06072110569870013
16.26897878880723 0.0002181646398791758 0.05895080936112222
16.36684455076612 0.0002117723834036197 0.05722354185761385
16.46529902253208 0.0002055367441121786 0.05553859427253293
16.56434574547881 0.0001994550894391746 0.05389525525376713
16.66398828228309 0.0001935247801500554 0.05229281164719105
16.76423021705294 0.0001877431734642466 0.05073054934049982
16.86507515545651 0.0001821076256557567 0.04920775396592505
16.96652672485178 0.0001766154942413884 0.04772371149151688
17.06858857441703 0.0001712641407806884 0.04627770897772539
17.17126437528214 0.0001660509330067104 0.04486903515315923
17.27455782066058 0.0001609732466291541 0.04349698090181645
17.37847262598229 0.0001560284680159704 0.04216083998768765
17.48301252902732 0.0001512139960824634 0.04085990956521483
17.58818129006027 0.0001465272435176802 0.03959349051067739
17.69398269196554 0.0001419656390390803 0.03836088803143184
17.80042054038342 0.0001375266296131895 0.03716141226596022
17.90749866384694 0.0001332076810021837 0.0359943784315639
18.01522091391964 0.0001290062792823806 0.03485910723467898
18.12359116533404 0.0001249199335214759 0.03375492559429887
18.23261331613107 0.0001209461760018889 0.03268116670232521
18.34229128780023 0.0001170825629101119 0.03163717020983851
18.45262902542071 0.0001133266768222425 0.03062228289872016
18.56363049780323 0.0001096761275194029 0.02963585890198879
18.67529969763284 0.0001061285517301651 0.02867725963420043
18.78764064161249 0.0001026816148107453 0.02774585424545793
18.90065737060757 9.933301263686822e-05 0.02684102013261639
19.0143539497912 9.608047063979027e-05 0.02596214267880456
19.12873446879051 9.292174447540049e-05 0.02510861543422424
19.24380304183367 8.98546224672079e-05 0.02427984077627601
19.35956380789796 8.687692484928109e-05 0.02347522970499201
19.47602093085858 8.398650340179349e-05 0.02269420174455576
19.59317859963845 8.11812434146831e-05 0.02193618547390752
19.71104102835891 7.845906417666851e-05 0.02120061865888252
19.82961245649123 7.581791760579945e-05 0.0204869478821686
19.94889714900919 7.325578919305048e-05 0.01979462879827706
20.06889939654243 7.077069978103678e-05 0.01912312661417382
20.18962351553079 6.836070377882918e-05 0.01847191560690019
20.31107384837959 6.602388905601062e-05 0.01784047909494558
20.4332547636158 6.375837897519806e-05 0.01722830998746031
20.55617065604522 6.156233141095363e-05 0.01663491051915312
20.67982594691049 5.94339375743697e-05 0.01605979193267946
20.80422508405019 5.737142332907553e-05 0.01550247483424282
20.92937254205879 5.537304974260367e-05 0.01496248934258089
21.05527282244758 5.343711108322807e-05 0.01443937454768617
21.18193045380665 5.156193509306531e-05 0.01393267858460132
21.30934999196772 4.974588462657803e-05 0.01344195907616329
21.43753602016806 4.798735567749907e-05 0.01296678259985356
21.5664931492153 4.628477667621929e-05 0.01250672449794355
21.69622601765332 4.463661001155015e-05 0.01206136928869389
21.82673929192908 4.304135126990007e-05 0.01163031046077035
21.95803766656046 4.149752756704774e-05 0.01121315002246819
22.09012586430514 4.000369825056564e-05 0.01080949869151574
22.22300863633048 3.855845561506355e-05 0.01041897608834213
22.35669076238438 3.71604227104716e-05 0.01004121014384801
22.49117705096725 3.580825311598e-05 0.009675837038321256
22.62647233950495 3.450063232417041e-05 0.009322501575446529
22.76258149452277 3.323627602555065e-05 0.008980856718765142
22.89950941182054 3.201392901052949e-05 0.008650563294974939
23.03726101664865 3.083236617992666e-05 0.008331290266982727
23.17584126388527 2.969039216570638e-05 0.008022714631421717
23.31525513821456 2.858683947350663e-05 0.00772452091673977
23.45550765430593 2.752056869559543e-05 0.007436401240742823
23.59660385699449 2.649046932448285e-05 0.007158055530443022
23.73854882146243 2.549545771170174e-05 0.006889190970495786
23.88134765342164 2.453447651466816e-05 0.006629521853734591
24.02500548929732 2.360649575605e-05 0.006378769867425603
24.16952749641275 2.271051156777743e-05 0.006136663753883607
24.31491887317515 2.184554489431624e-05 0.005902938960080293
24.46118484926266 2.101064206020617e-05 0.005677337791000183
24.60833068581249 2.020487474757336e-05 0.005459609403564218
24.7563616756101 1.942733818763361e-05 0.005249509317951372
24.90528314327963 1.867715103701084e-05 0.005046799384178334
25.05510044547539 1.795345616337346e-05 0.004851247994388284
25.20581897107455 1.725541896596663e-05 0.00466262962903773
25.357444141371 1.658222663252827e-05 0.004480724656105948
25.5099814102703 1.593308886840065e-05 0.004305319528110019
25.66343626448592 1.530723711853432e-05 0.004136206571880597
25.81781422373652 1.470392323695868e-05 0.003973183629036231
25.97312084094457 1.412241971235484e-05 0.003816054116935983
26.12936170243603 1.356201988920589e-05 0.003664627088436971
26.28654242814131 1.302203636738978e-05 0.003518716799444409
26.44466867179741 1.250180067794119e-05 0.003378142621298397
26.6037461211513 1.200066393527645e-05 0.003242729217013247
26.76378049816449 1.151799560306602e-05 0.003112306207800819
26.92477755921884 1.105318266643335e-05 0.002986707949388314
27.08674309532363 1.060563007125061e-05 0.002865773650721467
27.24968293232387 1.017476034132408e-05 0.002749347270523264
27.41360293110984 9.760012334422847e-06 0.002637277181157357
27.57850898782788 9.360841232108623e-06 0.002529416165879963
27.74440703409252 8.976718873051113e-06 0.002425621508905833
27.91130303719981 8.607132448604448e-06 0.002325754642936717
28.07920300034196 8.251584074245272e-06 0.00222968103335859
28.24811296282329 7.90959126619088e-06 0.002137270307029819
28.41803900027744 7.58068612711674e-06 0.002048396032251875
28.58898722488593 7.264414519206268e-06 0.001962935495317056
28.76096378559799 6.96033627559237e-06 0.001880769757642631
28.93397486835177 6.668025093160555e-06 0.001801783626804904
29.1080266962968 6.387067450827051e-06 0.001725865364244456
29.28312553001787 6.117062458335432e-06 0.001652906644409107
29.4592776677602 5.857622191267618e-06 0.001582802645278067
29.63648944565603 5.60837071267437e-06 0.001515451783994286
29.81476723795246 5.368943603726283e-06 0.00145075559004049
29.99411745724076 5.138988269729952e-06 0.001388618787928569
30.17454655468706 4.918163464412921e-06 0.001328949168655433
30.35606102026435 4.706138526787885e-06 0.001271657383494192
30.53866738298595 4.50259343156162e-06 0.001216656957615275
30.72237221114033 4.307218841458347e-06 0.001163864304224863
30.90718211252742 4.119715225688552e-06 0.00111319848636415
31.09310373469621 3.939792639173541e-06 0.001064581157253069
31.28014376518396 3.767170992996001e-06 0.001017936633369405
31.46830893175665 3.601579382393267e-06 0.000973191712864188
31.65760600265105 3.442755621124115e-06 0.0009302755497417889
31.84804178681812 3.290446406867426e-06 0.0008891196985527007
32.03962313416796 3.14440708715084e-06 0.0008496580511445394
32.23235693581619 3.004400999700855e-06 0.0008118266584164073
32.42625012433181 2.870199422683145e-06 0.0007755637168732017
32.62130967398656 2.741581693847124e-06 0.0007408096008199683
32.81754260100581 2.618334537965383e-06 0.0007075066806276363
33.01495596382091 2.50025182181414e-06 0.0006755992565256801
33.21355686332307 2.387134740424432e-06 0.0006450336089295146
33.4133524431188 2.278791395256124e-06 0.0006157578844578479
33.61434988978685 2.175036366064342e-06 0.0005877219802456443
33.81655643313671 2.075690773767355e-06 0.0005608775609318138
34.01997934646867 1.980582198867108e-06 0.0005351780366154186
34.22462594683541 1.88954414396712e-06 0.000510578417621301
34.43050359530524 1.802415932841706e-06 0.0004870352872273266
34.63761969722685 1.719042833416622e-06 0.0004645068348952897
34.84598170249565 1.639275581131695e-06 0.0004429527274775455
35.0555971058218 1.562970136880433e-06 0.0004223340438092704
35.26647344699975 1.489987796244689e-06 0.0004026133042250327
35.47861831117944 1.420194950855304e-06 0.0003837544060754583
35.69203932913916 1.353462719403571e-06 0.0003657225240219227
35.90674417756002 1.289666944625088e-06 0.0003484841092215488
36.12274057930207 1.228688193772832e-06 0.0003320068894550386
36.34003630368208 1.170411345442244e-06 0.0003162597574816531
36.55863916675303 1.114725470819689e-06 0.0003012127389510624
36.77855703158521 1.06152392900429e-06 0.0002868370181604967
36.9997978085491 1.01070405534737e-06 0.0002731048538401716
37.22236945559986 9.62166939603431e-07 0.0002599895192069131
37.4462799785636 9.158174763366322e-07 0.0002474653155846184
37.67153743142533 8.715642475848729e-07 0.0002355075406986246
37.89814991661868 8.293192228908381e-07 0.0002240924076203532
38.12612558531732 7.889977205393215e-07 0.0002131970342931508
38.35547263772817 7.505184410741512e-07 0.0002027994525889806
38.58619932338635 7.138031688460174e-07 0.0001928785276629196
38.81831394145193 6.787766543422381e-07 0.0001834139261571925
39.05182484100842 6.453666750951176e-07 0.0001743861326593698
39.2867404213631 6.13503848079992e-07 0.0001657763990099784
39.52306913234914 5.831214392173264e-07 0.0001575666928275897
39.76081947462954 5.541553746629469e-07 0.0001497397005595812
40.00000000000288 5.265441954068332e-07 0.0001422788152141632
