##########################################################################################
#
# SZ signal computed with SZpack v1.1.1
# Runmode: CNSN-basis
#
# General parameters:
# xmin= 0.1 xmax= 40 np= 1000
# Dtau= 0.01
# Te= 24keV (The ~ 0.0469668)
# betac= 0 muc= 1
# betao= 0 muo= 1
#
# Runmode specific parameters:
# eps= 0
# Te_order= 20 beta_order= 2
#
##########################################################################################
#
# Output format: x = (h nu/k T0) | x^3 Dn(x) | DI(x) in MJy/sr 
# Here a CMB temperature of T0 = 2.726 K is assumed.
#
##########################################################################################
0.1 -8.683504660503302e-06 -0.002346391368056929
0.1006015482792701 -8.788075964869015e-06 -0.002374647840011876
0.1012067151618632 -8.893903958945684e-06 -0.002403243885215804
0.1018155224154252 -9.001003685598702e-06 -0.002432183568438745
0.1024279919385451 -9.109390361787479e-06 -0.002461471001493107
0.1030441457615424 -9.219079381625662e-06 -0.002491110344060583
0.1036640060472596 -9.330086328826463e-06 -0.002521105807055039
0.1042875950918594 -9.442426970402162e-06 -0.002551461650920035
0.1049149353256267 -9.556117254842696e-06 -0.002582182185136659
0.1055460493137754 -9.671173323693947e-06 -0.002613271771352127
0.10618095975726 -9.787611513147402e-06 -0.002644734823809328
0.1068196894935924 -9.905448347223774e-06 -0.002676575807504951
0.1074622614976628 -1.002470054470824e-05 -0.002708799240063476
0.1081086988825668 -1.014538502971543e-05 -0.002741409694591966
0.1087590249004362 -1.026751892264703e-05 -0.002774411797236692
0.1094132629432757 -1.039111954175572e-05 -0.002807810227605741
0.1100714365438043 -1.051620441729507e-05 -0.002841609722592481
0.1107335693763015 -1.064279128711407e-05 -0.002875815075185155
0.1113996852574591 -1.077089809248705e-05 -0.002910431133340077
0.1120698081472377 -1.09005429893197e-05 -0.002945462803009628
0.1127439621497288 -1.103174435382974e-05 -0.002980915049677253
0.1134221715140214 -1.116452077347174e-05 -0.003016792895905234
0.1141044606350749 -1.129889105246476e-05 -0.00305310142282832
0.1147908540545956 -1.143487422592094e-05 -0.003089845773971452
0.1154813764619206 -1.157248955043831e-05 -0.003127031152707831
0.1161760526949047 -1.171175650382291e-05 -0.003164662822183813
0.1168749077408149 -1.185269480035009e-05 -0.003202746109442721
0.1175779667372284 -1.199532438910743e-05 -0.003241286404977075
0.118285254972937 -1.21396654473552e-05 -0.003280289160934501
0.118996797888857 -1.22857383911064e-05 -0.00331975989397659
0.119712621078944 -1.243356388502209e-05 -0.003359704187952756
0.1204327502911136 -1.258316283118451e-05 -0.003400127690866563
0.1211572114281675 -1.273455637336543e-05 -0.003441036116029113
0.1218860305487253 -1.288776591509232e-05 -0.003482435246940744
0.1226192338681618 -1.304281310772524e-05 -0.003524330934069249
0.12335684775955 -1.319971984996899e-05 -0.003566729094718054
0.1240988987546095 -1.33585083072458e-05 -0.003609635718260972
0.124845413544661 -1.35192009080839e-05 -0.003653056865166335
0.1255964189815867 -1.368182033641335e-05 -0.003696998664915247
0.1263519420787953 -1.384638954247603e-05 -0.003741467318949581
0.1271120100121947 -1.401293175610433e-05 -0.003786469104260062
0.1278766501211688 -1.418147047458357e-05 -0.003832010370106534
0.128645889909561 -1.43520294646841e-05 -0.003878097538567063
0.1294197570466637 -1.452463278183451e-05 -0.003924737109718767
0.1301982793682135 -1.469930476413111e-05 -0.003971935660019125
0.1309814848773924 -1.487607002660897e-05 -0.00401969984075791
0.1317694017458348 -1.505495347647768e-05 -0.004068036382174109
0.1325620583146414 -1.523598032073035e-05 -0.004116952095511958
0.1333594830953982 -1.541917605378087e-05 -0.004166453869680373
0.1341617047712022 -1.56045664648166e-05 -0.00421654867323974
0.1349687521976928 -1.57921776570307e-05 -0.004267243559598737
0.1357806544040905 -1.598203603491417e-05 -0.004318545663580474
0.13659744059424 -1.617416830362161e-05 -0.004370462201251132
0.1374191401476617 -1.63686014895442e-05 -0.004423000475479009
0.1382457826206078 -1.656536293834721e-05 -0.00447616787540426
0.1390773977471256 -1.676448030571032e-05 -0.004529971873936799
0.1399140154401271 -1.69659815714042e-05 -0.004584420031559976
0.140755665792465 -1.716989505288439e-05 -0.004639520000003803
0.1416023790780148 -1.73762493903158e-05 -0.004695279518198396
0.1424541857527642 -1.758507355165066e-05 -0.004751706413646094
0.1433111164559082 -1.779639685575165e-05 -0.004808808608669632
0.1441732020109516 -1.80102489610803e-05 -0.004866594117355575
0.1450404734268171 -1.822665986172024e-05 -0.004925071044479785
0.1459129618989614 -1.844565990831135e-05 -0.004984247591164065
0.1467906988104967 -1.866727981169784e-05 -0.005044132055861931
0.1476737157333199 -1.88915506298266e-05 -0.005104732830818375
0.148562044429248 -1.911850377989806e-05 -0.005166058405353178
0.1494557168511607 -1.934817105833829e-05 -0.005228117371257624
0.1503547651441497 -1.958058462399965e-05 -0.005290918418255111
0.151259221646675 -1.981577700045654e-05 -0.005354470334621474
0.152169118891728 -2.005378110193143e-05 -0.005418782014190546
0.1530844896080017 -2.029463022543813e-05 -0.005483862454231152
0.1540053667210681 -2.053835804267261e-05 -0.005549720753255913
0.1549317833545624 -2.078499862028652e-05 -0.00561636611649941
0.1558637728313743 -2.103458643052845e-05 -0.005683807858793581
0.156801368674847 -2.128715633428023e-05 -0.005752055399983915
0.1577446046099826 -2.154274359061506e-05 -0.005821118267512177
0.1586935145646554 -2.180138388288556e-05 -0.005891006103465736
0.1596481326708324 -2.206311330157599e-05 -0.005961728659944009
0.1606084932658007 -2.23279683431055e-05 -0.006033295798735088
0.1615746308934029 -2.25959859374146e-05 -0.006105717498769943
0.1625465803052792 -2.286720344546891e-05 -0.006179003855447921
0.1635243764621181 -2.314165864648569e-05 -0.006253165077185181
0.1645080545349132 -2.341938975659502e-05 -0.006328211490457173
0.1654976499062288 -2.370043544736156e-05 -0.006404153544803465
0.1664931981714723 -2.398483482542481e-05 -0.006481001807326271
0.1674947351401746 -2.427262743893598e-05 -0.006558766964429786
0.1685022968372784 -2.4563853308618e-05 -0.006637459830212984
0.1695159195044337 -2.485855291273755e-05 -0.006717091342408872
0.1705356396013016 -2.515676718129223e-05 -0.006797672560813785
0.1715614938068656 -2.545853752378783e-05 -0.006879214674793168
0.172593519020751 -2.576390583455258e-05 -0.006961729004717533
0.1736317523645521 -2.607291447472036e-05 -0.007045226997094114
0.1746762311831677 -2.638560628806266e-05 -0.007129720228844842
0.1757269930461439 -2.670202462804545e-05 -0.007215220414617468
0.1767840757490262 -2.702221333514496e-05 -0.007301739400656001
0.1778475173147181 -2.734621673944679e-05 -0.007389289165502997
0.1789173559948495 -2.767407969519339e-05 -0.007477881829334755
0.1799936302711521 -2.800584757056133e-05 -0.007567529651198973
0.1810763788568441 -2.834156623625782e-05 -0.007658245025933418
0.1821656406980222 -2.868128209218557e-05 -0.00775004049137107
0.1832614549750625 -2.902504208210369e-05 -0.007842928732301717
0.1843638611040305 -2.937289367051494e-05 -0.007936922574226566
0.1854728987380978 -2.972488485489852e-05 -0.008032034986663725
0.1865886077689693 -3.008106420065677e-05 -0.008128279092591211
0.1877110283283176 -3.044148081824865e-05 -0.008225668162268161
0.1888402007892269 -3.080618436095045e-05 -0.008324215612629715
0.1899761657676448 -3.117522506119705e-05 -0.00842393501710691
0.1911189641238435 -3.154865372792888e-05 -0.008524840104909764
0.1922686369638894 -3.192652172880723e-05 -0.008626944756221654
0.1934252256411219 -3.230888101435558e-05 -0.008730263008722604
0.1945887717576404 -3.269578414317441e-05 -0.008834809064402626
0.1957593171658014 -3.308728425439238e-05 -0.008940597282117702
0.1969369039697233 -3.348343507559839e-05 -0.009047642179733105
0.1981215745268011 -3.388429096404825e-05 -0.009155958445257979
0.19931337144923 -3.428990688682084e-05 -0.009265560931483266
0.2005123376055381 -3.470033841238461e-05 -0.009376464653702888
0.2017185161221286 -3.51156417469543e-05 -0.009488684799537772
0.2029319503848305 -3.553587374198749e-05 -0.009602236730961517
0.2041526840404598 -3.596109186961079e-05 -0.009717135977660234
0.205380760998389 -3.639135424290741e-05 -0.009833398242514522
0.2066162254321268 -3.682671965201807e-05 -0.009951039411354366
0.2078591217809067 -3.726724753376963e-05 -0.01007007554475241
0.2091094947512857 -3.771299797439055e-05 -0.01019052287875775
0.2103673893187526 -3.816403175486484e-05 -0.01031239783715106
0.2116328507293451 -3.862041033768426e-05 -0.01043571702786495
0.2129059245012778 -3.908219585094019e-05 -0.01056049723868534
0.2141866564265795 -3.954945112282792e-05 -0.01068675544657497
0.2154750925727398 -4.002223970142978e-05 -0.01081450882301907
0.2167712792843669 -4.050062582351512e-05 -0.01094377472559465
0.2180752631848539 -4.098467442985564e-05 -0.011074570702109
0.2193870911780562 -4.147445121127179e-05 -0.0112069145030419
0.2207068104499787 -4.197002257834143e-05 -0.01134082407336059
0.2220344684704725 -4.247145565756052e-05 -0.01147631755148232
0.2233701129949433 -4.297881833853775e-05 -0.01161341328202693
0.2247137920660681 -4.349217927085825e-05 -0.01175212981496936
0.2260655540155243 -4.401160783977016e-05 -0.01189248589906991
0.2274254474657272 -4.453717419697113e-05 -0.01203450049019308
0.2287935213315797 -4.506894929394953e-05 -0.01217819276031681
0.2301698248222314 -4.560700484527773e-05 -0.01232358208761388
0.2315544074428487 -4.615141333806533e-05 -0.01247068805900628
0.2329473189963953 -4.670224808544682e-05 -0.0126195304846182
0.2343486095854241 -4.725958320059987e-05 -0.01277012939075552
0.2357583296138787 -4.782349358470549e-05 -0.01292250501665245
0.237176529788907 -4.839405497366594e-05 -0.0130766778270953
0.2386032611226849 -4.897134394811632e-05 -0.01323266851512774
0.2400385749342508 -4.955543790031824e-05 -0.01339049799310506
0.2414825228513524 -5.014641505954456e-05 -0.01355018739955343
0.2429351568123028 -5.074435453917632e-05 -0.0137117581118961
0.2443965290678495 -5.134933629652353e-05 -0.01387523173559646
0.2458666921830531 -5.196144113523277e-05 -0.01404063010480859
0.2473456990391787 -5.258075076354217e-05 -0.01420797529811854
0.2488336028355976 -5.320734777709196e-05 -0.01437728963389944
0.250330457091701 -5.384131563716516e-05 -0.01454859566443194
0.2518363156488252 -5.448273871426245e-05 -0.01472191618767864
0.2533512326721881 -5.513170231280231e-05 -0.01489727425395839
0.2548752626528374 -5.578829263320333e-05 -0.01507469315570047
0.2564084604096108 -5.645259678709429e-05 -0.0152541964315545
0.2579508810911079 -5.712470284334765e-05 -0.01543580787882932
0.2595025801776736 -5.780469984945581e-05 -0.01561955155926909
0.261063613483394 -5.849267772489499e-05 -0.01580545177023887
0.2626340371581039 -5.918872720160775e-05 -0.01599353302864228
0.2642139076894062 -5.989294048007526e-05 -0.01618382024820041
0.2658032819047042 -6.060541056327912e-05 -0.01637633855947998
0.2674022169732455 -6.132623087451403e-05 -0.01657111320662155
0.2690107704081783 -6.205549637047397e-05 -0.01676816984810931
0.2706290000686201 -6.279330301008059e-05 -0.01696753441324191
0.2722569641617388 -6.353974758475893e-05 -0.01716923305627075
0.2738947212448469 -6.429492800002661e-05 -0.01737329223248902
0.2755423302275071 -6.505894318581668e-05 -0.01757973867399968
0.2771998503736515 -6.583189307231758e-05 -0.01778859938318726
0.2788673413037137 -6.661387866004249e-05 -0.01799990165165132
0.2805448629967726 -6.740500202816471e-05 -0.01821367306245892
0.2822324757927104 -6.820536629087894e-05 -0.01842994147835277
0.283930240394383 -6.901507562847446e-05 -0.01864873505014767
0.285638217869803 -6.983423534645365e-05 -0.01887008223270506
0.2873564696543368 -7.06629518233627e-05 -0.01909401177083618
0.2890850575529139 -7.15013325120249e-05 -0.01932055269963538
0.2908240437422505 -7.234948601185329e-05 -0.01954973436401987
0.2925734907730859 -7.320752204684106e-05 -0.01978158641278245
0.294333461572432 -7.407555143575381e-05 -0.0200161387905371
0.2961040194458372 -7.495368614514992e-05 -0.02025342175204572
0.2978852280796634 -7.584203932172933e-05 -0.02049346587095923
0.2996771515433765 -7.67407252380865e-05 -0.02073630202515928
0.3014798542918515 -7.764985931391105e-05 -0.02098196140248695
0.3032934011676903 -7.856955818916455e-05 -0.02123047552051604
0.3051178574035545 -7.949993967321277e-05 -0.02148187621280797
0.3069532886245115 -8.044112273459229e-05 -0.02173619562614658
0.3087997608503953 -8.139322757364173e-05 -0.021993466240164
0.3106573404981812 -8.235637561706196e-05 -0.02225372086587076
0.3125260943843745 -8.333068947455205e-05 -0.02251699263393825
0.3144060897274139 -8.431629298380265e-05 -0.02278331500685653
0.3162973941500897 -8.531331126301092e-05 -0.02305272179312452
0.3182000756819758 -8.632187064856591e-05 -0.02332524713041176
0.3201142027618771 -8.734209870569128e-05 -0.02360092548843428
0.3220398442402905 -8.837412431037645e-05 -0.02387979169109337
0.3239770693818822 -8.94180776065872e-05 -0.02416188090491334
0.3259259478679787 -9.047408998222221e-05 -0.02444722863254474
0.3278865497990735 -9.154229413780434e-05 -0.02473587073132553
0.3298589456973481 -9.262282410144295e-05 -0.02502784341732413
0.3318432065092091 -9.371581517202615e-05 -0.02532318324998924
0.3338394036078401 -9.482140395359448e-05 -0.02562192714143803
0.3358476087957689 -9.593972842639485e-05 -0.02592411237565584
0.3378678943074497 -9.707092788070825e-05 -0.02622977659061555
0.3399003328118625 -9.82151429152675e-05 -0.02653895777785005
0.3419449974151257 -9.937251552235623e-05 -0.02685169430544709
0.3440019616631268 -0.0001005431890594973 -0.0271680249103991
0.3460712995441669 -0.0001017273082099098 -0.02748798868791813
0.3481530854916227 -0.0001029250190431535 -0.02781162510782286
0.3502473943866234 -0.0001041364690524847 -0.0281389740246325
0.3523543015607447 -0.0001053618070861154 -0.02847007565899221
0.3544738827987177 -0.0001066011833691365 -0.02880497060359707
0.3566062143411555 -0.000107854749588459 -0.02914369984614411
0.3587513728872951 -0.0001091226588292387 -0.02948630475215366
0.3609094355977566 -0.0001104050655588371 -0.0298328270606352
0.3630804800973185 -0.0001117021257094417 -0.03018330890641253
0.3652645844777097 -0.0001130139966693728 -0.03053779281777471
0.3674618273004187 -0.0001143408372274998 -0.03089632170145662
0.369672287599519 -0.0001156828076221749 -0.03125893885586153
0.3718960448845125 -0.0001170400696004011 -0.03162568798704901
0.374133179143189 -0.0001184127863404562 -0.03199661318782685
0.3763837708445035 -0.0001198011224600766 -0.0323717589399626
0.3786479009414707 -0.0001212052441081698 -0.03275117013896539
0.3809256508740766 -0.0001226253189115549 -0.03313489207969442
0.3832171025722083 -0.0001240615159421863 -0.03352297044750258
0.3855223384586003 -0.0001255140057918864 -0.03391545133842996
0.3878414414518001 -0.0001269829605863577 -0.03431238126299036
0.3901744949691499 -0.0001284685539145078 -0.03471380712707371
0.3925215829297878 -0.0001299709608627966 -0.03511977624122736
0.3948827897576659 -0.0001314903580924078 -0.03553033634150866
0.3972582003845871 -0.0001330269237586916 -0.03594553556771739
0.3996479002532602 -0.0001345808375040152 -0.03636542246146392
0.402051975320373 -0.0001361522805486825 -0.0367900459907368
0.4044705120596843 -0.0001377414356544805 -0.03721945554005256
0.4069035974651345 -0.0001393484870740815 -0.03765370089678355
0.4093513190539743 -0.0001409736206129309 -0.03809283226788079
0.4118137648699132 -0.0001426170236661586 -0.0385369002898479
0.4142910234862858 -0.0001442788851355229 -0.0389859560062983
0.4167831840092382 -0.0001459593954474605 -0.03944005087283258
0.4192903360809331 -0.0001476587466407408 -0.03989923678072372
0.4218125698827739 -0.0001493771322902755 -0.04036356603632954
0.4243499761386489 -0.000151114747482705 -0.04083309135449582
0.4269026461181943 -0.0001528717888992446 -0.04130786588094238
0.429470671640077 -0.0001546484548000626 -0.04178794318804191
0.4320541450752978 -0.0001564449449564607 -0.0422733772564941
0.4346531593505136 -0.0001582614606958773 -0.04276422248748631
0.43726780795138 -0.0001600982049582183 -0.04326053371791468
0.4398981849259138 -0.0001619553822051225 -0.04376236619586665
0.4425443848878763 -0.0001638331984208089 -0.04426977558084974
0.4452065030201759 -0.0001657318612002306 -0.04478281796761205
0.4478846350782926 -0.000167651579685027 -0.0453015498688355
0.4505788773937215 -0.0001695925645204877 -0.04582602820350716
0.4532893268774382 -0.0001715550279237486 -0.04635631031534657
0.4560160810233846 -0.0001735391836895206 -0.04689245397435368
0.458759237911976 -0.0001755452471076476 -0.04743451735453217
0.4615188962136283 -0.0001775734349885593 -0.04798255904076684
0.464295155192308 -0.0001796239657313406 -0.04853663804721704
0.4670881147091019 -0.0001816970592319783 -0.0490968137925237
0.4698978752258099 -0.0001837929368661486 -0.04966314609515825
0.4727245378085577 -0.0001859118215679433 -0.05023569519469556
0.4755682041314329 -0.0001880539377827741 -0.05081452173908787
0.4784289764801414 -0.0001902195114063716 -0.05139968676818184
0.4813069577556875 -0.0001924087698329036 -0.05199125172672046
0.4842022514780743 -0.0001946219419780171 -0.05258927847056944
0.487114961790028 -0.000196859258186575 -0.05319382924178648
0.4900451934607434 -0.0001991209502376468 -0.0538049666699698
0.4929930518896525 -0.0002014072514124094 -0.05442275379060579
0.4959586431102161 -0.0002037183964090345 -0.05504725402207049
0.4989420737937372 -0.0002060546213070274 -0.05567853115599356
0.5019434512531983 -0.0002084161636277241 -0.05631664937360532
0.504962883447121 -0.0002108032623042998 -0.05696167323763268
0.5080004789834501 -0.0002132161576058883 -0.05761366767179521
0.5110563471234592 -0.0002156550911619934 -0.05827269796740141
0.5141305977856812 -0.0002181203059939516 -0.05893882979185043
0.5172233415498623 -0.0002206120464190484 -0.05961212916272297
0.520334689660939 -0.0002231305580353786 -0.06029266244369039
0.52346475403304 -0.0002256760877763877 -0.06098049635925251
0.5266136472535116 -0.0002282488838379922 -0.06167569797504457
0.5297814825869668 -0.0002308491956255209 -0.06237833468350008
0.5329683739793606 -0.0002334772737884969 -0.06308847421324938
0.5361744360620875 -0.0002361333702026712 -0.06380618462426496
0.5393997841561053 -0.0002388177378848269 -0.06453153428484038
0.5426445342760833 -0.0002415306309920428 -0.06526459187139133
0.5459088031345746 -0.0002442723048475653 -0.06600542637544658
0.5491927081462149 -0.0002470430158486694 -0.06675410707875079
0.5524963674319456 -0.00024984302143273 -0.06751070354409663
0.5558198998232626 -0.0002526725801058751 -0.06827528562306723
0.5591634248664905 -0.0002555319513819932 -0.06904792343955507
0.5625270628270829 -0.00025842139571683 -0.06982868737195434
0.565910934693948 -0.0002613411745124117 -0.07061764805435601
0.5693151621838011 -0.0002642915500988086 -0.07141487637162003
0.5727398677455418 -0.000267272785647344 -0.0722204434359236
0.5761851745646592 -0.0002702851451459886 -0.0730344205801121
0.5796512065676627 -0.0002733288934021105 -0.07385687935844237
0.5831380884265391 -0.0002764042959595528 -0.074687891524176
0.5866459455632378 -0.0002795116190491121 -0.07552752901619794
0.5901749041541815 -0.0002826511295814716 -0.07637586395710708
0.5937250911348052 -0.0002858230950899871 -0.0772329686377561
0.5972966342041217 -0.0002890277836597817 -0.07809891549809221
0.6008896618293151 -0.0002922654639002682 -0.07897377711973216
0.6045043032503616 -0.000295536404908061 -0.07985762621594071
0.6081406884846782 -0.000298840876186969 -0.0807505356100116
0.6117989483317994 -0.0003021791476029794 -0.08165257822310372
0.6154792143780822 -0.000305551489346671 -0.08256382706408462
0.619181619001439 -0.0003089581718583419 -0.08348435520929917
0.6229062953760992 -0.0003123994657698672 -0.08441423578685872
0.6266533774773996 -0.0003158756418557036 -0.08535354196340192
0.6304230000866031 -0.0003193869709623195 -0.08630234692502592
0.6342152987957473 -0.0003229337239430095 -0.08726072385967236
0.6380304100125211 -0.0003265161716007903 -0.08822874594169718
0.6418684709651717 -0.0003301345846091015 -0.08920648631044295
0.6457296197074404 -0.0003337892334444222 -0.09019401805203114
0.6496139951235281 -0.0003374803883271737 -0.09119141418339306
0.6535217369330918 -0.000341208319130486 -0.09219874762761772
0.6574529856962692 -0.0003449732953011413 -0.0932160911925895
0.6614078828187353 -0.0003487755858047159 -0.09424351755616507
0.6653865705567885 -0.0003526154590333463 -0.0952810992412504
0.6693891920224675 -0.0003564931826954379 -0.09632890858599881
0.673415891188699 -0.0003604090237682739 -0.09738701773100529
0.6774668128944764 -0.0003643632484172236 -0.09845549859747561
0.6815421028500694 -0.0003683561218499825 -0.09953442284784003
0.6856419076422656 -0.0003723879082606172 -0.1006238618706336
0.6897663747396426 -0.0003764588707671976 -0.1017238867636438
0.693915652497873 -0.0003805692712579366 -0.1028345682923353
0.6980898901650602 -0.0003847193702846179 -0.1039559768610527
0.702289237887107 -0.0003889094270270142 -0.1050881825034065
0.7065138467131162 -0.0003931396991613065 -0.1062312548467177
0.7107638686008243 -0.0003974104426768491 -0.1073852630625057
0.7150394564220665 -0.0004017219118562325 -0.1085502758611011
0.7193407639682761 -0.0004060743591807234 -0.1097263614660941
0.7236679459560159 -0.0004104680350990424 -0.1109135875518559
0.728021158032544 -0.0004149031879664448 -0.1121120212270769
0.7324005567814114 -0.0004193800639971769 -0.1133217290219204
0.736806299728095 -0.0004238989070473249 -0.1145427768293453
0.7412385453456634 -0.0004284599584428672 -0.1157752298586438
0.7456974530604773 -0.0004330634569822111 -0.1170191526361267
0.7501831832579239 -0.0004377096387755499 -0.118274608961716
0.754695897288186 -0.0004423987369529219 -0.1195416618300586
0.7592357574720454 -0.0004471309816728836 -0.1208203734328699
0.7638029271067222 -0.0004519066000299909 -0.1221108051339339
0.7683975704717476 -0.000456725815726654 -0.1234130173804348
0.7730198528348741 -0.000461588848974847 -0.1247270696763971
0.7776699404580188 -0.0004664959164876792 -0.1260530205804086
0.7823480006032453 -0.0004714472312058535 -0.1273909276317055
0.7870542015387785 -0.0004764430020126959 -0.1287408472731705
0.7917887125450584 -0.0004814834337922282 -0.1301028348670239
0.7965517039208285 -0.0004865687272545736 -0.131476944647647
0.8013433469892614 -0.0004916990785065645 -0.1328632296055541
0.8061638141041211 -0.0004968746790714205 -0.1342617414927101
0.8110132786559631 -0.0005020957158236532 -0.1356725308049412
0.8158919150783704 -0.000507362370563369 -0.1370956466669057
0.8207998988542287 -0.0005126748198310121 -0.1385311367820358
0.8257374065220374 -0.000518033234962069 -0.1399790474473188
0.8307046156822607 -0.0005234377817748354 -0.1414394234689284
0.8357017050037151 -0.0005288886201398329 -0.1429123080458755
0.8407288542299962 -0.0005343859040667875 -0.1443977427935108
0.8457862441859444 -0.0005399297815450235 -0.1458957677003972
0.8508740567841485 -0.0005455203940071189 -0.1474064209833831
0.8559924750314897 -0.0005511578762563444 -0.148929739067995
0.8611416830357236 -0.0005568423564819958 -0.1504657565925812
0.8663218660121029 -0.0005625739557791493 -0.152014506278543
0.8715332102900397 -0.0005683527877748561 -0.1535760188293282
0.8767759033198074 -0.0005741789587920932 -0.1551503229747326
0.882050133679283 -0.0005800525675271893 -0.1567374453837363
0.8873560910807308 -0.000585973704381878 -0.1583374104840164
0.8926939663776258 -0.0005919424516391519 -0.1599502405094649
0.8980639515715189 -0.0005979588833376305 -0.1615759554662408
0.9034662398189428 -0.0006040230645379689 -0.1632145729345457
0.9089010254383604 -0.0006101350512106463 -0.1648661080383016
0.9143685039171535 -0.0006162948903433187 -0.1665305734741598
0.9198688719186553 -0.0006225026193707012 -0.1682079793574478
0.9254023272892237 -0.0006287582655979855 -0.1698983330663692
0.9309690690653579 -0.0006350618464798153 -0.1716016393173866
0.9365692974808579 -0.0006414133693095668 -0.1733179000812614
0.9422032139740265 -0.0006478128303166093 -0.175047114339122
0.9478710211949153 -0.0006542602148470223 -0.1767892781312962
0.9535729230126136 -0.0006607554973279925 -0.1785443845476906
0.9593091245225821 -0.0006672986404020823 -0.1803124234938591
0.9650798320540293 -0.0006738895946265641 -0.1820933816097595
0.9708852531773335 -0.000680528298732884 -0.1838872423398636
0.9767255967115094 -0.0006872146790364903 -0.1856939857736857
0.9826010727317186 -0.00069394864856236 -0.1875135884094887
0.9885118925768263 -0.0007007301074405016 -0.189346023261154
0.9944582688570029 -0.0007075589426525543 -0.1911912597897096
1.000440415461372 -0.000714435026899366 -0.1930492635973354
1.006458547565703 -0.0007213582186994233 -0.1949199964539601
1.012512881640152 -0.0007283283625074361 -0.1968034163293043
1.018603635457047 -0.0007353452877571787 -0.1986994771342446
1.024731028098722 -0.0007424088082641572 -0.2006081285594062
1.030895279965397 -0.000749518722684676 -0.2025293161992091
1.037096612783106 -0.0007566748139576386 -0.2044629814010348
1.043335249611672 -0.0007638768480700162 -0.2064090609316416
1.04961141485273 -0.0007711245745444762 -0.2083674871089272
1.055925334257799 -0.0007784177263049264 -0.210338187765597
1.062277234936404 -0.0007857560183393918 -0.2123210858878573
1.068667345364243 -0.0007931391476032541 -0.2143160995892688
1.075095895391404 -0.0008005667933615147 -0.2163231422032308
1.081563116250635 -0.0008080386162006024 -0.2183421220159588
1.088069240565661 -0.0008155542570338073 -0.2203729419977409
1.094614502359551 -0.0008231133377792662 -0.2224154999861375
1.101199137063137 -0.0008307154608889152 -0.2244696885586986
1.107823381523478 -0.0008383602077648535 -0.2265353946050453
1.114487474012384 -0.0008460471392368607 -0.2286124994559014
1.121191654234987 -0.0008537757956290898 -0.2307008789011142
1.127936163338358 -0.000861545695284089 -0.2328004027908269
1.134721243920186 -0.000869356334133775 -0.2349109349195505
1.141547140037501 -0.0008772071863302587 -0.2370323331966204
1.148414097215454 -0.0008850977033050293 -0.2391644493919764
1.155322362456149 -0.0008930273123013077 -0.2413071287395863
1.162272184247527 -0.0009009954172541429 -0.2434602101752587
1.169263812572304 -0.0009090013984759793 -0.2456235262516795
1.176297498916961 -0.0009170446107783548 -0.2477969026308717
1.183373496280794 -0.0009251243837956222 -0.2499801581716682
1.19049205918501 -0.000933240022348799 -0.2521731050280289
1.197653443681885 -0.0009413908049220341 -0.2543755482373631
1.204857907363973 -0.0009495759827670766 -0.2565872854785458
1.212105709373372 -0.0009577947808682486 -0.2588081073326651
1.219397110411042 -0.0009660463971359001 -0.261037797065084
1.22673237274619 -0.0009743300004507937 -0.2632761300970083
1.234111760225694 -0.0009826447316654563 -0.2655228742760651
1.241535538283603 -0.0009909897035393503 -0.2677777898587842
1.249003973950675 -0.0009993639986636048 -0.2700406289498354
1.256517335863991 -0.001007766669463795 -0.2723111355027792
1.264075894276612 -0.001016196738952212 -0.2745890455233392
1.271679921067302 -0.001024653199272623 -0.2768740866761794
1.279329689750306 -0.001033135010235902 -0.2791659778892113
1.287025475485191 -0.001041641100626065 -0.2814644297065025
1.294767555086741 -0.001050170367614481 -0.2837691441299888
1.302556207034913 -0.001058721674394791 -0.2860798139803995
1.310391711484858 -0.001067293851143741 -0.2883961231568867
1.318274350276994 -0.001075885695324633 -0.2907177467190219
1.326204406947145 -0.001084495969552004 -0.2930443503098048
1.334182166736741 -0.001093123401108056 -0.295375590024997
1.342207916603075 -0.001101766683152694 -0.29771111274009
1.350281945229628 -0.001110424473466707 -0.3000505557706956
1.358404543036452 -0.001119095392386741 -0.3023935463145518
1.366576002190616 -0.001127778024394528 -0.3047397018809501
1.374796616616712 -0.001136470917850506 -0.3070886302187582
1.383066682007434 -0.001145172582373254 -0.3094399286083097
1.391386495834208 -0.001153881489557892 -0.3117931840555242
1.399756357357896 -0.001162596073764819 -0.3141479735050359
1.408176567639557 -0.001171314730092153 -0.3165038632923199
1.416647429551278 -0.001180035813284067 -0.3188604088487112
1.425169247787069 -0.001188757639423234 -0.3212171551587258
1.433742328873819 -0.001197478484998171 -0.3235736365080434
1.442366981182327 -0.001206196584321065 -0.3259293757857738
1.45104351493839 -0.001214910131255557 -0.3282838849513237
1.459772242233963 -0.001223617279388359 -0.3306366650807714
1.468553477038385 -0.001232316139359533 -0.3329872056454745
1.477387535209671 -0.001241004779147054 -0.3353349845889606
1.486274734505876 -0.001249681225426467 -0.3376794686943271
1.495215394596523 -0.001258343461834745 -0.3400201131151102
1.504209837074101 -0.001266989427238726 -0.3423563609073978
1.513258385465633 -0.00127561701786686 -0.3446876436058525
1.522361365244312 -0.001284224086808277 -0.3470133810883542
1.531519103841213 -0.001292808441139426 -0.3493329807995824
1.540731930657063 -0.001301367843560384 -0.3516458381931658
1.550000177074097 -0.001309900013132717 -0.3539513369310636
1.55932417646797 -0.001318402622801804 -0.3562488482140653
1.568704264219756 -0.001326873299116477 -0.3585377307060336
1.578140777728008 -0.001335309624187855 -0.3608173310632073
1.587634056420891 -0.001343709134419629 -0.3630869835911071
1.597184441768398 -0.001352069318241763 -0.3653460096321535
1.606792277294626 -0.0013603876185526 -0.3675937182255548
1.616457908590138 -0.001368661432752391 -0.3698294061163668
1.626181683324388 -0.001376888109883284 -0.372052356982682
1.635963951258232 -0.001385064951962002 -0.3742618417957365
1.645805064256506 -0.001393189215367239 -0.3764571191948001
1.655705376300682 -0.001401258108798313 -0.3786374349355814
1.665665243501602 -0.001409268792426088 -0.380802021660794
1.675685024112287 -0.001417218380397405 -0.3829500995768859
1.685765078540822 -0.001425103940167645 -0.3850808762736898
1.695905769363321 -0.0014329224899777 -0.3871935460426691
1.70610746133697 -0.001440671001382286 -0.3892872905600996
1.716370521413142 -0.001448346399921954 -0.3913612790686554
1.726695318750602 -0.001455945562632562 -0.3934146677044365
1.737082224728785 -0.001463465318912026 -0.3954465997311769
1.747531612961148 -0.001470902452575294 -0.3974562060955231
1.758043859308618 -0.001478253700491287 -0.3994426050587193
1.768619341893104 -0.001485515751310437 -0.4014049018527716
1.779258441111101 -0.001492685248367514 -0.4033421894648289
1.789961539647373 -0.001499758789698993 -0.4052535486418751
1.800729022488719 -0.001506732925702739 -0.4071380472583468
1.811561276937818 -0.001513604161502684 -0.408994740955099
1.822458692627162 -0.00152036895830574 -0.4108226735060594
1.83342166153307 -0.001527023731595423 -0.4126208763301232
1.844450577989788 -0.001533564851600444 -0.4143883686177724
1.855545838703674 -0.001539988645901448 -0.4161241580354491
1.866707842767465 -0.001546291398889747 -0.4178272405792987
1.877936991674634 -0.001552469350450121 -0.4194966002192457
1.88923368933383 -0.001558518699025127 -0.4211312097270086
1.90059834208341 -0.00156443560234831 -0.4227300308742226
1.912031358706049 -0.001570216175758296 -0.4242920139768865
1.923533150443451 -0.001575856494261474 -0.4258160984527255
1.935104131011135 -0.001581352594522017 -0.427301213358919
1.946744716613318 -0.001586700474014734 -0.428746277163191
1.958455325957888 -0.001591896091334779 -0.4301501978274973
1.970236380271462 -0.001596935369139101 -0.4315118736028421
1.982088303314539 -0.001601814194486232 -0.4328301931210933
1.994011521396743 -0.001606528418016505 -0.434104035173466
2.006006463392153 -0.001611073856913828 -0.4353322695108322
2.018073560754737 -0.00161544629631417 -0.4365137572243102
2.030213247533863 -0.001619641488692532 -0.4376473505796175
2.042425960389917 -0.001623655155710047 -0.4387318935161794
2.05471213861001 -0.001627482990628826 -0.4397662222996513
2.067072224123773 -0.001631120658572251 -0.4407491655922522
2.079506661519261 -0.001634563797170391 -0.4416795446271647
2.092015898058938 -0.001637808019521907 -0.4425561740088796
2.104600383695769 -0.001640848915348595 -0.4433778620251657
2.117260571089404 -0.001643682051283001 -0.4441434107247893
2.129996915622458 -0.001646302973574515 -0.4448516166487325
2.142809875416892 -0.001648707209996795 -0.4455012713456045
2.155699911350493 -0.001650890270590444 -0.4460911615723215
2.16866748707345 -0.001652847649664009 -0.4466200698348021
2.181713069025031 -0.001654574828272702 -0.4470867750577476
2.194837126450363 -0.0016560672755665 -0.447490052948917
2.208040131417308 -0.001657320450453582 -0.4478286764486072
2.221322558833443 -0.001658329804249156 -0.4481014164453994
2.234684886463145 -0.0016590907824573 -0.4483070422576349
2.248127594944775 -0.001659598826661406 -0.4484443221442375
2.261651167807962 -0.001659849377090342 -0.4485120239981206
2.275256091491004 -0.00165983787465744 -0.4485089158971488
2.288942855358358 -0.00165955976314837 -0.4484337666953286
2.302711951718243 -0.001659010492010558 -0.4482853467765434
2.316563875840352 -0.001658185518428906 -0.4480624286154385
2.330499125973664 -0.001657080309554601 -0.4477637873796751
2.344518203364364 -0.001655690345900903 -0.4473882018475127
2.358621612273878 -0.001654011123483872 -0.4469344549862609
2.372809859997005 -0.001652038155869693 -0.4464013345054922
2.387083456880169 -0.001649766977912686 -0.4457876338670988
2.401442916339774 -0.001647193148661794 -0.4450921530706625
2.415888754880671 -0.001644312252966541 -0.4443136990874039
2.430421492114737 -0.001641119904926774 -0.443451086792346
2.445041650779565 -0.001637611752306557 -0.4425031401570036
2.459749756757268 -0.001633783477728291 -0.4414686925720495
2.474546339093393 -0.001629630801391652 -0.4403465875820052
2.489431930015952 -0.001625149486705863 -0.4391356804071512
2.504407064954564 -0.001620335342062958 -0.4378348384226849
2.519472282559719 -0.001615184222559123 -0.4364429416238495
2.534628124722145 -0.001609692035498238 -0.4349588841130578
2.549875136592308 -0.00160385474442657 -0.4333815751901186
2.565213866600017 -0.001597668369626579 -0.4317099394856675
2.580644866474148 -0.001591128992376234 -0.4299429181120888
2.596168691262497 -0.001584232761787986 -0.4280794705114911
2.611785899351737 -0.001576975894819732 -0.4261185744586685
2.627497052487508 -0.001569354678898184 -0.4240592267699689
2.64330271579462 -0.001561365479875989 -0.4219004454534078
2.659203457797384 -0.001553004744017606 -0.4196412702452749
2.675199850440056 -0.001544268998588195 -0.417280762769262
2.691292469107416 -0.001535154858657254 -0.4148180083748877
2.707481892645458 -0.001525659033217456 -0.4122521177908864
2.723768703382218 -0.001515778323905645 -0.4095822267796033
2.740153487148712 -0.001505509629394452 -0.4068074973236649
2.756636833300016 -0.001494849955101583 -0.4039271202495496
2.77321933473646 -0.001483796412126436 -0.4009403149402486
2.789901587924954 -0.001472346218959105 -0.3978463297970596
2.806684192920446 -0.001460496711363731 -0.3946444449101918
2.823567753387507 -0.001448245345485181 -0.3913339728982299
2.840552876622036 -0.00143558969641432 -0.3879142585204519
2.857640173573115 -0.001422527465480111 -0.3843846806472459
2.874830258864976 -0.001409056489266664 -0.3807446546966294
2.892123750819116 -0.001395174736139568 -0.3769936316956203
2.909521271476531 -0.001380880309946067 -0.3731310992800722
2.927023446620097 -0.001366171462358752 -0.3691565850300921
2.944630905797074 -0.00135104659142135 -0.3650696560770949
2.962344282341753 -0.001335504241316377 -0.3608699190410219
2.980164213398238 -0.001319543113283921 -0.3565570229807307
2.998091339943359 -0.001303162070863907 -0.3521306608105207
3.016126306809736 -0.001286360135650243 -0.3475905681528508
3.034269762708964 -0.001269136494013152 -0.3429365251547977
3.052522360254954 -0.001251490509323272 -0.3381683597911598
3.070884755987404 -0.001233421716336173 -0.333285946347084
3.089357610395416 -0.001214929823225797 -0.3282892059675261
3.107941587941251 -0.001196014725654148 -0.3231781104590566
3.126637357084233 -0.001176676505971043 -0.3179526820736245
3.14544559030479 -0.001156915430012784 -0.3126129926435172
3.164366964128648 -0.001136731957776446 -0.3071591664656874
3.183402159151157 -0.001116126751543968 -0.3015913824969831
3.202551860061779 -0.001095100668383944 -0.2959098723280384
3.221816755668715 -0.001073654765197034 -0.2901149215466066
3.241197538923678 -0.001051790313543691 -0.2842068737441968
3.260694906946819 -0.001029508792628891 -0.2781861286204605
3.280309561051807 -0.001006811888589322 -0.2720531417905815
3.300042206771049 -0.0009837015088154522 -0.2658084286552767
3.319893553881069 -0.0009601797828671687 -0.259452564648214
3.339864316428041 -0.0009362490555463816 -0.2529861833641434
3.359955212753471 -0.0009119118958673722 -0.2464099789827962
3.380166965520037 -0.0008871711081170527 -0.239724709257506
3.400500301737581 -0.0008620297212418637 -0.232931192647416
3.42095595278926 -0.0008364909912263249 -0.2260303089601925
3.441534654457853 -0.0008105584169546077 -0.2190230036380203
3.46223714695223 -0.000784235732942068 -0.2119102857935718
3.483064174933973 -0.000757526905169954 -0.2046932270844934
3.504016487544163 -0.0007304361440818779 -0.1973729652252144
3.525094838430328 -0.0007029679066316994 -0.1899507045403101
3.546299985773546 -0.0006751268862698868 -0.1824277132586923
3.567632692315724 -0.000646918019406941 -0.1748053252601066
3.589093725387028 -0.0006183464978811688 -0.1670849434440808
3.610683856933487 -0.0005894177560402898 -0.1592680362392137
3.632403863544755 -0.0005601374695605464 -0.1513561372840835
3.654254526482051 -0.0005305115702024315 -0.1433508494144303
3.676236631706256 -0.0005005462402485975 -0.1352538431602092
3.698350969906183 -0.000470247902741685 -0.1270668541077297
3.720598336527025 -0.0004396232311410692 -0.1187916855090296
3.742979531798957 -0.0004086791618588919 -0.1104302116692668
3.765495360765927 -0.0003774228642485629 -0.1019843698372382
3.788146633314612 -0.0003458617442822082 -0.0934561611990716
3.810934164203546 -0.0003140034871066887 -0.08484766237739377
3.833858773092431 -0.0002818560123903883 -0.07616101336547472
3.856921284571616 -0.0002494274697684259 -0.06739841629646727
3.880122528191761 -0.0002167262650746445 -0.058562142531618
3.903463338493672 -0.0001837610483447818 -0.04965452941857425
3.926944555038322 -0.0001505407017943266 -0.04067797704285066
3.950567022437048 -0.0001170743458224428 -0.0316349498501645
3.974331590381932 -8.337134358389765e-05 -0.02252797788182767
3.998239113676364 -4.944128573183627e-05 -0.01335965265205407
4.02229045226579 -1.529398837450808e-05 -0.00413262659584141
4.046486471268643 1.906049775705811e-05 0.005150384453808468
4.070828041007458 5.361189968545231e-05 0.01448660461014691
4.095316037040186 8.834973125899424e-05 0.02387320038407604
4.119951340191675 0.0001232632869190264 0.0333072789999936
4.144734836585366 0.00015834164506539 0.04278588930518648
4.169667417675155 0.0001935736828556756 0.05230602576877307
4.194749980277468 0.0002289480763908323 0.06186462853185717
4.219983426603512 0.0002644532971093207 0.07145858243318305
4.24536866429173 0.000300077627470191 0.08108472124689906
4.270906606440451 0.0003358091670355682 0.09073982932612085
4.296598171640729 0.0003716358282781587 0.1004206404700676
4.322444284009386 0.0004075453479942279 0.1101238410079909
4.348445873222255 0.0004435252985545636 0.1198460728393254
4.374603874547618 0.0004795630871452778 0.1295839332285442
4.400919228879844 0.0005156459609951959 0.1393339762176647
4.42739288277324 0.0005517610222194122 0.1490927166371622
4.454025788476091 0.0005878952321822524 0.1588566312848974
4.480818903964917 0.0006240354120973212 0.1686221590882563
4.50777319297893 0.0006601682578456364 0.1783857051081953
4.534889625054696 0.0006962803488632058 0.1881436429407755
4.562169175561013 0.0007323581499826639 0.1978923152147954
4.589612825733993 0.0007683880218853866 0.2076280364160834
4.617221562712357 0.0008043562335016031 0.2173470962381626
4.644996379572944 0.0008402489671222523 0.2270457609635382
4.672938275366425 0.0008760523253046115 0.2367202753296846
4.701048255153248 0.0009117523445705788 0.2463668662304922
4.729327330039782 0.0009473350031929912 0.2559817448202281
4.757776517214689 0.0009827862278991911 0.2655611083249231
4.786396839985513 0.001018091906419932 0.2751011434332427
4.815189327815487 0.001053237897060129 0.284598028882624
4.844155016360561 0.0010882100368656 0.2940479376660302
4.873294947506656 0.001122994153065334 0.3034470401237944
4.902610169407141 0.001157576073292471 0.3127915067054572
4.932101736520533 0.001191941634550424 0.3220775103925239
4.961770709648425 0.001226076695497686 0.3313012300179717
4.991618155973645 0.001259967146380906 0.3404588529502932
5.021645149098641 0.001293598917734261 0.3495465774441731
5.051852769084097 0.001326957993851075 0.3585606162806894
5.082242102487784 0.001360030423734311 0.3674971997262719
5.112814242403641 0.00139280232844232 0.3763525775176164
5.1435702885011 0.001425259913903036 0.385123022324239
5.174511347064628 0.001457389485628386 0.3938048337244939
5.205638531033534 0.001489177454107355 0.4023943396628481
5.23695296004199 0.001520610345093191 0.4108878992296101
5.26845576045931 0.001551674818339195 0.4192819077235764
5.300148065430462 0.001582357673167621 0.4275727981568165
5.332031014916829 0.001612645855250185 0.4357570430868519
5.364105755737212 0.001642526475307155 0.4438311596693838
5.39637344160908 0.00167198682031024 0.4517917126854528
5.42883523319007 0.001701014355597566 0.4596353151129318
5.461492298119737 0.001729596739456758 0.4673586320670579
5.494345811061548 0.00175772184284612 0.4749583861293403
5.52739695374514 0.001785377748263382 0.4824313570418822
5.560646915008824 0.001812552758441849 0.4897743840571885
5.594096890842349 0.001839235420462982 0.4969843724536866
5.627748084429916 0.001865414528149857 0.5040582941824688
5.661601706193463 0.001891079123811532 0.510993188338642
5.695658973836199 0.001916218519093192 0.5177861667952964
5.729921112386407 0.001940822308643055 0.5244344178964759
5.764389354241504 0.00196488036454335 0.530935204952357
5.799064939212376 0.001988382849271568 0.5372858697415418
5.833949114567966 0.00201132024086905 0.5434838393119241
5.869043135080146 0.002033683324964743 0.5495266238254093
5.904348263068843 0.002055463198981577 0.5554118176945292
5.939865768447451 0.002076651298856143 0.5611371068024327
5.975596928768503 0.002097239400256702 0.566700268832008
6.01154302926963 0.002117219612940451 0.5720991717411446
6.047705362919785 0.002136584400111638 0.5773317789935368
6.084085230465758 0.002155326595282128 0.5823961541146215
6.120683940478954 0.002173439388730176 0.5872904570325673
6.15750280940247 0.002190916335933034 0.5920129463568715
6.194543161598441 0.002207751385118212 0.5965619868230543
6.231806329395683 0.002223938865229721 0.6009360460409872
6.269293653137611 0.002239473483186283 0.6051336937540277
6.307006481230453 0.002254350348761593 0.6091536085619768
6.344946170191752 0.002268564977319359 0.6129945786601195
6.383114084699157 0.002282113275391473 0.616655497942269
6.421511597639515 0.002294991554772026 0.620135369809143
6.460140090158249 0.00230719655259778 0.6234333125943596
6.499000951709037 0.002318725410673429 0.6265485539778646
6.538095580103793 0.002329575677217588 0.6294804314577178
6.577425381562945 0.002339745333288462 0.6322283994906415
6.616991770766014 0.002349232779441952 0.6347920258868718
6.656796170902505 0.002358036824780182 0.6371709888509346
6.696840013723089 0.002366156706361125 0.6393650822263697
6.737124739591115 0.002373592094173687 0.6413742168400589
6.777651797534409 0.002380343068950866 0.6431984145070671
6.818422645297399 0.002386410128880806 0.6448378098440497
6.859438749393552 0.002391794209942168 0.6462926557641262
6.900701585158119 0.002396496661314074 0.6475633168323391
6.942212636801205 0.002400519239627259 0.6486502677122437
6.983973397461158 0.002403864130057946 0.6495540988657362
7.025985369258271 0.002406533934311608 0.6502755133061162
7.068250063348816 0.002408531652102924 0.6508153215937398
7.110768999979402 0.002409860692469561 0.6511744448931445
7.153543708541653 0.002410524880137459 0.6513539166930291
7.196575727627224 0.002410528428341714 0.651354875462116
7.239866605083138 0.00240987593771271 0.6511785643481718
7.28341789806747 0.00240857241286939 0.6508263356617147
7.327231173105349 0.002406623237894123 0.6502996442490181
7.37130800614531 0.002404034163662019 0.6496000440683329
7.41564998261598 0.002400811320667931 0.6487291916559047
7.460258697483103 0.002396961209367778 0.6476888435160774
7.505135755306914 0.002392490676682014 0.6464808497722374
7.550282770299852 0.002387406918559657 0.6451071548596471
7.59570136638462 0.002381717485253949 0.643569798950993
7.641393177252606 0.002375430253175423 0.6418709103507343
7.687359846422636 0.002368553417145272 0.6400127034018644
7.733603027300095 0.002361095499814836 0.6379974810311769
7.780124383236402 0.002353065330237335 0.6358276289590772
7.826925587588838 0.002344472026571007 0.6335056110257562
7.874008323780734 0.002335324999747404 0.6310339701824098
7.921374285362025 0.002325633945339724 0.6284153262939602
7.969025176070168 0.002315408819044825 0.6256523695139899
8.016962709891423 0.002304659831912481 0.6227478589956268
8.065188611122505 0.002293397451452976 0.6197046231908308
8.113704614432605 0.002281632376597755 0.6165255530844489
8.162512464925786 0.002269375525754272 0.6132135989664853
8.211613918203758 0.002256638037649875 0.6097717706601304
8.26101074042902 0.002243431253954685 0.6062031328262453
8.310704708388393 0.002229766701043422 0.6025108000351802
8.360697609556926 0.002215656085816042 0.598697935637457
8.410991242162195 0.002201111287018006 0.5947677494183989
8.461587415248985 0.002186144333907214 0.5907234918336692
8.512487948744354 0.00217076739707492 0.5865684515289682
8.563694673523104 0.002154992783276717 0.5823059539433
8.615209431473632 0.002138832916123346 0.5779393560913884
8.667034075564182 0.002122300323259435 0.5734720430992133
8.719170469909495 0.002105407629644044 0.5689074263883277
8.771620489837867 0.002088167543205176 0.5642489397995304
8.824386021958594 0.00207059283974068 0.5595000355128983
8.877468964229841 0.00205269635391805 0.5546641816158222
8.930871226026907 0.002034490967903523 0.5497448590304465
8.984594728210904 0.002015989596424525 0.5447455574773545
9.038641403197854 0.001997205176662543 0.5396697727444978
9.09301319502819 0.001978150656952503 0.5345210036336261
9.147712059436689 0.00195883898341147 0.5293027483471962
9.202739963922818 0.001939283089908265 0.5240185017780348
9.258098887821502 0.001919495886636582 0.518671752421655
9.313790822374321 0.001899490246818195 0.5132659787832957
9.369817770801134 0.001879278998011167 0.5078046470292903
9.426181748372137 0.00185887491199665 0.5022912082543546
9.482884782480346 0.001838290689806471 0.4967290944358538
9.539928912714528 0.001817538954367563 0.4911217164462353
9.597316190932558 0.001796632242767364 0.485472461963044
9.655048681335227 0.001775582991060008 0.4797846913633635
9.713128460540494 0.001754403525226235 0.4740617352810735
9.771557617658175 0.001733106056754694 0.4683068934128605
9.830338254365088 0.00171170267023647 0.4625234311661049
9.889472484980656 0.001690205310647261 0.4567145762223669
9.948962436542953 0.001668625780053912 0.4508835176474504
10.00881024888521 0.001646975729810971 0.4450334037828151
10.06901807471279 0.001625266646711957 0.4391673385034763
10.12958807968063 0.001603509849046154 0.4332883801525005
10.1905224424711 0.001581716483727616 0.4273995407652288
10.25182335487242 0.001559897511466139 0.4215037820622864
10.31349302185747 0.001538063699223221 0.4156040134110897
10.3755336616631 0.001516225623249039 0.409703092646475
10.43794750586993 0.001494393659029317 0.4038038233542174
10.50073679948262 0.001472577966626662 0.3979089509100758
10.56390380101059 0.00145078849608601 0.3920211639404131
10.62745078254932 0.001429034984105543 0.3861430934226354
10.69138002986203 0.001407326937831898 0.3802773083064553
10.7556938424619 0.001385673636281225 0.3744263158978801
10.82039453369479 0.001364084133969491 0.3685925628401646
10.88548443082247 0.001342567248039782 0.3627784316354479
10.95096587510631 0.001321131551016627 0.3569862386868811
11.01684122189147 0.001299785380829388 0.3512182370070722
11.08311284069168 0.001278536835086799 0.3454766146709951
11.14978311527443 0.001257393755849885 0.3397634907014431
11.21685444374672 0.001236363740893227 0.3340809181119617
11.28432923864131 0.001215454145420474 0.3284308843704026
11.35220992700354 0.00119467206710651 0.3228153073571298
11.42049895047856 0.00117402434982931 0.3172360363734146
11.48919876539923 0.001153517593011042 0.3116948546655167
11.55831184287442 0.001133158142837798 0.3061934770521472
11.62784066887791 0.001112952085281596 0.3007335480389247
11.69778774433782 0.001092905260660873 0.2953166457528045
11.76815558522656 0.00107302326275779 0.2899442817035618
11.83894672265132 0.001053311425615824 0.2846178972163366
11.91016370294514 0.001033774836084167 0.2793388668212868
11.98180908775847 0.001014418340550706 0.2741085000729245
12.05388545415131 0.0009952465345065581 0.2689280387303217
12.12639539468595 0.0009762637652687316 0.2637986574928074
12.19934151752018 0.000957474145731548 0.2587214677157749
12.27272644650111 0.0009388815508138553 0.2536975164506731
12.34655282125957 0.0009204896102440489 0.2487277844954295
12.42082329730504 0.000902301725203949 0.2438131908918339
12.49554054612116 0.0008843210717385461 0.2389545938468939
12.57070725526186 0.0008665505908675041 0.2341527880608397
12.64632612844798 0.0008489930008580644 0.2294085080434159
12.72239988566455 0.0008316508055119043 0.2247224303530944
12.79893126325863 0.0008145262885558227 0.2200951720813674
12.87592301403773 0.0007976215282722019 0.2155272948060806
12.95337790736882 0.0007809383885662168 0.2110193021776823
13.03129872927796 0.0007644785173130711 0.2065716394726253
13.10968828255048 0.0007482433811402239 0.202184702991959
13.18854938683184 0.0007322342511963273 0.1978588362159189
13.26788487872902 0.0007164522059482324 0.1935943305597122
13.34769761191256 0.0007008981363569333 0.1893914267721226
13.42799045721921 0.0006855727510007828 0.1852503163198673
13.50876630275517 0.000670476587672602 0.1811711445212807
13.59002805400002 0.0006556100126518343 0.177154010349641
13.67177863391118 0.0006409732212395808 0.1731989665777441
13.7540209830291 0.0006265662520358585 0.1693060236357964
13.83675805958297 0.0006123889904243373 0.1654751505530347
13.91999283959716 0.0005984411653807713 0.161706274095324
14.00372831699829 0.0005847223616902826 0.1579992820664208
14.08796750372286 0.0005712320275852612 0.1543540253718281
14.17271342982564 0.0005579694729200082 0.1507703175255622
14.25796914358864 0.0005449338751262314 0.147247936259401
14.34373771163077 0.0005321242902307486 0.1437866265000059
14.43002221901811 0.0005195396544477295 0.1403861007991646
14.51682576937491 0.0005071787846629203 0.1370460394646353
14.60415148499523 0.0004950403901632807 0.1337660937296406
14.69200250695523 0.0004831230772883262 0.1305458870097186
14.78038199522615 0.0004714253485991977 0.1273850146781948
14.86929312878798 0.0004599456114464486 0.1242830463813053
14.95873910574384 0.0004486821852443501 0.1212395280038052
15.04872314343496 0.000437633302242311 0.1182539818774152
15.13924847855642 0.0004267971114772987 0.1153259078488156
15.2303183672736 0.0004161716875941051 0.1124547856629922
15.3219360853393 0.0004057550337110144 0.1096400757375756
15.41410492821153 0.0003955450825367682 0.1068812194646585
15.50682821117208 0.0003855397045521284 0.1041776414215571
15.60010926944577 0.000375736712456266 0.10152875057228
15.69395145832038 0.0003661338622101119 0.09893394054945527
15.7883581532674 0.0003567288585170043 0.09639259113526932
15.88333275006339 0.0003475193604815659 0.09390406979056637
15.97887866491215 0.0003385029836289023 0.09146773220046114
16.07499933456759 0.0003296773028534134 0.08908292307114433
16.17169821645737 0.0003210398583071507 0.08674897772099047
16.26897878880723 0.0003125881582565384 0.0844652228524794
16.36684455076612 0.0003043196809992834 0.08223097707016948
16.46529902253208 0.0002962318797453304 0.08004555219959245
16.56434574547881 0.0002883221859597252 0.077908254190537
16.66398828228309 0.000280588011360006 0.07581838365676861
16.76423021705294 0.0002730267514245841 0.073775236824038
16.86507515545651 0.0002656357887849431 0.07177810644669569
16.96652672485178 0.0002584124953609209 0.06982628238467165
17.06858857441703 0.0002513542350874208 0.06791905234026702
17.17126437528214 0.000244458366938905 0.06605570267540964
17.27455782066058 0.0002377222470219388 0.06423551897708595
17.37847262598229 0.0002311432309652791 0.06245778670317253
17.48301252902732 0.0002247186764399038 0.0607217918633796
17.58818129006027 0.0002184459449899748 0.05902682151399999
17.69398269196554 0.0002123224041597152 0.05737216433261808
17.80042054038342 0.0002063454298736577 0.0557571112612824
17.90749866384694 0.0002005124077830928 0.05418095587033296
18.01522091391964 0.0001948207349145987 0.05264299480385447
18.12359116533404 0.0001892678221893408 0.05114252846042266
18.23261331613107 0.0001838510954103972 0.04967886125989174
18.34229128780023 0.0001785679963114277 0.04825130192675806
18.45262902542071 0.0001734159848861196 0.0468591641196053
18.56363049780323 0.0001683925406428458 0.04550176677012893
18.67529969763284 0.0001634951629171659 0.0441784341675777
18.78764064161249 0.0001587213725728503 0.04288849641839172
18.90065737060757 0.000154068713974559 0.04163128997924485
19.0143539497912 0.0001495347546853119 0.04040615757529744
19.12873446879051 0.0001451170863404858 0.03921244843636119
19.24380304183367 0.0001408133270195515 0.03804951893777216
19.35956380789796 0.000136621121028428 0.03691673254158005
19.47602093085858 0.0001325381388968438 0.03581345979583542
19.59317859963845 0.0001285620793338352 0.03473907886298948
19.71104102835891 0.0001246906699859797 0.0336929757247784
19.82961245649123 0.0001209216665482941 0.03267454394197682
19.94889714900919 0.0001172528538250538 0.03168318494104439
20.06889939654243 0.0001136820475791034 0.03071830851383279
20.18962351553079 0.0001102070932177588 0.02977933246249983
20.31107384837959 0.0001068258659123666 0.02886568263181604
20.4332547636158 0.0001035362726791188 0.02797679347142677
20.55617065604522 0.000100336251723517 0.02711210785871816
20.67982594691049 9.722377157129442e-05 0.0262710768639815
20.80422508405019 9.419683247435607e-05 0.02545316013031575
20.92937254205879 9.125346716108967e-05 0.02465782607637097
21.05527282244758 8.839173917829828e-05 0.0238845514483178
21.18193045380665 8.560974329599021e-05 0.02313282142922673
21.30934999196772 8.290560721421633e-05 0.02240213010027686
21.43753602016806 8.027748998191126e-05 0.02169198001350708
21.5664931492153 7.772358146472906e-05 0.02100188204801855
21.69622601765332 7.524210390336112e-05 0.02033135583105177
21.82673929192908 7.283131143225425e-05 0.01967992960793808
21.95803766656046 7.048948862160725e-05 0.019047139848129
22.09012586430514 6.821495129161344e-05 0.01843253146521471
22.22300863633048 6.60060473984039e-05 0.01783565805631694
22.35669076238438 6.386115504344822e-05 0.01725608136420429
22.49117705096725 6.177868238070647e-05 0.01669337125220343
22.62647233950495 5.975706915229112e-05 0.0161471061191542
22.76258149452277 5.779478513596712e-05 0.01561687247990469
22.89950941182054 5.589032918421645e-05 0.01510226470565454
23.03726101664865 5.404223038449467e-05 0.0146028853374707
23.17584126388527 5.224904781883263e-05 0.01411834502132884
23.31525513821456 5.050936882421313e-05 0.01364826203804539
23.45550765430593 4.882180933174853e-05 0.01319226239492756
23.59660385699449 4.718501484149151e-05 0.01274998008917941
23.73854882146243 4.559765847141208e-05 0.01232105658071104
23.88134765342164 4.405844049670965e-05 0.01190514066765497
24.02500548929732 4.256608957502463e-05 0.01150188881743364
24.16952749641275 4.111936158636497e-05 0.01111096485329303
24.31491887317515 3.971703838929254e-05 0.01073203961820874
24.46118484926266 3.835792852820625e-05 0.01036479116600268
24.60833068581249 3.704086734854615e-05 0.01000890479247269
24.7563616756101 3.576471519982554e-05 0.009664072549829336
24.90528314327963 3.45283574038475e-05 0.009329993238107679
25.05510044547539 3.333070522033266e-05 0.009006372666091901
25.20581897107455 3.217069416916135e-05 0.008692923197964218
25.357444141371 3.104728332292083e-05 0.008389363562142304
25.5099814102703 2.995945620490738e-05 0.008095419093930658
25.66343626448592 2.890622008059478e-05 0.007810821544066545
25.81781422373652 2.78866045882465e-05 0.007535308708694329
25.97312084094457 2.689966207301351e-05 0.007268624519642847
26.12936170243603 2.594446797324794e-05 0.007010519148812203
26.28654242814131 2.502011914075749e-05 0.006760748554285526
26.44466867179741 2.412573356075724e-05 0.006519074404656457
26.6037461211513 2.326045119191623e-05 0.006285264306020234
26.76378049816449 2.242343269521686e-05 0.006059091458495609
26.92477755921884 2.161385857196307e-05 0.005840334423303914
27.08674309532363 2.083092974289577e-05 0.005628777279253281
27.24968293232387 2.007386725833121e-05 0.005424209544414403
27.41360293110984 1.934191093713464e-05 0.005226425808354222
27.57850898782788 1.863431942015552e-05 0.005035225746574802
27.74440703409252 1.795037067774891e-05 0.004850414257651934
27.91130303719981 1.728936058132031e-05 0.00467180107724873
28.07920300034196 1.665060247315019e-05 0.004499200661876825
28.24811296282329 1.60334278134412e-05 0.004332432363736624
28.41803900027744 1.543718531925231e-05 0.004171320198046549
28.58898722488593 1.486124005584214e-05 0.004015692597512669
28.76096378559799 1.430497376062217e-05 0.003865382499864896
28.93397486835177 1.37677848109642e-05 0.00372022733915816
29.1080266962968 1.324908699812319e-05 0.003580068714471062
29.28312553001787 1.27483094091155e-05 0.003444752357987885
29.4592776677602 1.226489691907372e-05 0.003314128268039024
29.63648944565603 1.179830907651347e-05 0.00318805040788616
29.81476723795246 1.134801958963242e-05 0.003066376566913838
29.99411745724076 1.09135167747522e-05 0.002948968481804077
30.17454655468706 1.049430304729383e-05 0.002835691698991563
30.35606102026435 1.008989403545457e-05 0.002726415335168079
30.53866738298595 9.69981870344568e-06 0.002621012110582887
30.72237221114033 9.32361949240472e-06 0.002519358387118982
30.90718211252742 8.960851273272146e-06 0.002421333885347284
31.09310373469621 8.611081120060035e-06 0.002326821623261012
31.28014376518396 8.273888721136503e-06 0.002235708027409873
31.46830893175665 7.948865585446359e-06 0.002147882718410966
31.65760600265105 7.635614494175989e-06 0.002063238362781794
31.84804178681812 7.333749771103997e-06 0.001981670745992381
32.03962313416796 7.042897044318689e-06 0.001903078708078359
32.23235693581619 6.762692435383959e-06 0.001827363924543468
32.42625012433181 6.492782541576303e-06 0.00175443090155978
32.62130967398656 6.232824655989358e-06 0.001684187035442688
32.81754260100581 5.98248592713861e-06 0.001616542385565609
33.01495596382091 5.741443074872367e-06 0.001551409597595578
33.21355686332307 5.509382693700528e-06 0.001488703985456476
33.4133524431188 5.286000738631814e-06 0.001428343392395824
33.61434988978685 5.071001987103077e-06 0.001370248045591369
33.81655643313671 4.864100168469638e-06 0.001314340591140985
34.01997934646867 4.665017905079066e-06 0.001260546078140079
34.22462594683541 4.473486015699706e-06 0.001208791770459277
34.43050359530524 4.289243413193128e-06 0.001159007119094246
34.63761969722685 4.112037323173647e-06 0.001111123821250225
34.84598170249565 3.941622661825312e-06 0.001065075652220406
35.0555971058218 3.777761730145675e-06 0.001020798382766786
35.26647344699975 3.620224408825658e-06 0.0009782298317791397
35.47861831117944 3.468787862278867e-06 0.0009373097863000433
35.69203932913916 3.323236046763961e-06 0.0008979798686133985
35.90674417756002 3.183359740107097e-06 0.0008601835442758095
36.12274057930207 3.048956582187787e-06 0.0008238661330563652
36.34003630368208 2.919830510992316e-06 0.0007889746565512329
36.55863916675303 2.795791618451814e-06 0.000755457799229306
36.77855703158521 2.67665632645005e-06 0.0007232659559917073
36.9997978085491 2.562246962687089e-06 0.0006923511175648527
37.22236945559986 2.452391458719122e-06 0.0006626667889070455
37.4462799785636 2.346923455476567e-06 0.0006341680177207827
37.67153743142533 2.245682162031132e-06 0.0006068113562898531
37.89814991661868 2.148511930435246e-06 0.0005805547465956441
38.12612558531732 2.055262222104355e-06 0.0005553575112332178
38.35547263772817 1.965787690917967e-06 0.0005311803758662504
38.58619932338635 1.879947752984671e-06 0.0005079853529721697
38.81831394145193 1.797606428012753e-06 0.0004857356989785161
39.05182484100842 1.718632461923265e-06 0.0004643959473945219
39.2867404213631 1.642899055404484e-06 0.0004439318354631402
39.52306913234914 1.570283596904041e-06 0.000424310232012183
39.76081947462954 1.50066770901279e-06 0.0004054991499878219
40.00000000000288 1.433937172708422e-06 0.000387467725984267
