##########################################################################################
#
# SZ signal computed with SZpack v1.1.1
# Runmode: CNSN-basis
#
# General parameters:
# xmin= 0.1 xmax= 40 np= 1000
# Dtau= 0.01
# Te= 28keV (The ~ 0.0547946)
# betac= 0 muc= 1
# betao= 0 muo= 1
#
# Runmode specific parameters:
# eps= 0
# Te_order= 20 beta_order= 2
#
##########################################################################################
#
# Output format: x = (h nu/k T0) | x^3 Dn(x) | DI(x) in MJy/sr 
# Here a CMB temperature of T0 = 2.726 K is assumed.
#
##########################################################################################
0.1 -1.000746208551804e-05 -0.002704141193177586
0.1006015482792701 -1.012796954152205e-05 -0.002736703812259305
0.1012067151618632 -1.024992501576664e-05 -0.002769657703947342
0.1018155224154252 -1.037334583691225e-05 -0.002803007550662087
0.1024279919385451 -1.049824953405357e-05 -0.002836758088983766
0.1030441457615424 -1.062465384022397e-05 -0.002870914110599382
0.1036640060472596 -1.075257670676016e-05 -0.002905480466184228
0.1042875950918594 -1.088203629603123e-05 -0.002940462063437175
0.1049149353256267 -1.101305097933684e-05 -0.002975863866512752
0.1055460493137754 -1.114563935023765e-05 -0.00301169089962318
0.10618095975726 -1.12798202263811e-05 -0.00304794824753172
0.1068196894935924 -1.141561264165034e-05 -0.003084641053431232
0.1074622614976628 -1.155303585414645e-05 -0.003121774521101052
0.1081086988825668 -1.169210935835101e-05 -0.00315935391819348
0.1087590249004362 -1.183285287469918e-05 -0.003197384573416296
0.1094132629432757 -1.197528635139552e-05 -0.003235871877023416
0.1100714365438043 -1.211942998073877e-05 -0.003274821285226047
0.1107335693763015 -1.226530419388915e-05 -0.003314238318778756
0.1113996852574591 -1.241292965618626e-05 -0.003354128561714292
0.1120698081472377 -1.25623272801864e-05 -0.003394497664866456
0.1127439621497288 -1.271351823193046e-05 -0.003435351347563739
0.1134221715140214 -1.286652392058927e-05 -0.003476695394831381
0.1141044606350749 -1.302136600488517e-05 -0.003518535659126556
0.1147908540545956 -1.317806640929458e-05 -0.003560878064716509
0.1154813764619206 -1.333664731322704e-05 -0.003603728604754592
0.1161760526949047 -1.34971311507053e-05 -0.003647093341193832
0.1168749077408149 -1.365954062792423e-05 -0.003690978409531557
0.1175779667372284 -1.382389872133397e-05 -0.003735390018291441
0.118285254972937 -1.399022867000659e-05 -0.003780334446960886
0.118996797888857 -1.415855398780569e-05 -0.003825818049279396
0.119712621078944 -1.43288984746991e-05 -0.003871847256295404
0.1204327502911136 -1.450128620406879e-05 -0.003918428572937264
0.1211572114281675 -1.467574152735964e-05 -0.003965568579269397
0.1218860305487253 -1.485228909403386e-05 -0.004013273935884228
0.1226192338681618 -1.503095384067379e-05 -0.004061551380957621
0.12335684775955 -1.521176098860078e-05 -0.004110407729605484
0.1240988987546095 -1.539473606309184e-05 -0.004159849879076329
0.124845413544661 -1.557990489417577e-05 -0.004209884808966415
0.1255964189815867 -1.576729360631405e-05 -0.004260519578431384
0.1263519420787953 -1.595692862956329e-05 -0.004311761329202496
0.1271120100121947 -1.614883671591913e-05 -0.004363617290002954
0.1278766501211688 -1.63430449251577e-05 -0.004416094772722099
0.128645889909561 -1.653958062708966e-05 -0.004469201173024466
0.1294197570466637 -1.673847152368154e-05 -0.004522943976327257
0.1301982793682135 -1.69397456421366e-05 -0.004577330755930696
0.1309814848773924 -1.714343132829547e-05 -0.004632369171234801
0.1317694017458348 -1.734955726416338e-05 -0.004688066972475468
0.1325620583146414 -1.755815247665494e-05 -0.004744432003087409
0.1333594830953982 -1.776924632336373e-05 -0.004801472195858921
0.1341617047712022 -1.79828685010153e-05 -0.004859195575215997
0.1349687521976928 -1.819904906758489e-05 -0.004917610263198803
0.1357806544040905 -1.841781842766943e-05 -0.004976724475509014
0.13659744059424 -1.86392073317511e-05 -0.005036546521310822
0.1374191401476617 -1.886324689985604e-05 -0.005097084809623797
0.1382457826206078 -1.908996861928756e-05 -0.005158347848710405
0.1390773977471256 -1.93194043339664e-05 -0.005220344243195578
0.1399140154401271 -1.955158626061527e-05 -0.005283082698440002
0.140755665792465 -1.978654700438568e-05 -0.005346572024762674
0.1416023790780148 -2.002431954162303e-05 -0.005410821132783809
0.1424541857527642 -2.026493722569918e-05 -0.005475839035000886
0.1433111164559082 -2.050843381359891e-05 -0.005541634852972626
0.1441732020109516 -2.075484345289842e-05 -0.005608217813800435
0.1450404734268171 -2.100420067718296e-05 -0.005675597248890179
0.1459129618989614 -2.125654043011343e-05 -0.005743782600455289
0.1467906988104967 -2.151189806961028e-05 -0.00581278342264729
0.1476737157333199 -2.177030935277531e-05 -0.005882609377481499
0.148562044429248 -2.203181044985572e-05 -0.005953270238610272
0.1494557168511607 -2.229643796719983e-05 -0.006024775897525939
0.1503547651441497 -2.25642289279257e-05 -0.006097136358337213
0.151259221646675 -2.283522077455129e-05 -0.006170361738479894
0.152169118891728 -2.310945139879447e-05 -0.006244462276769206
0.1530844896080017 -2.338695913252438e-05 -0.006319448330954747
0.1540053667210681 -2.36677827384264e-05 -0.006395330375198038
0.1549317833545624 -2.395196143330045e-05 -0.006472119006368014
0.1558637728313743 -2.423953490027978e-05 -0.006549824947342702
0.156801368674847 -2.453054326931638e-05 -0.006628459041736132
0.1577446046099826 -2.482502712815604e-05 -0.006708032256863929
0.1586935145646554 -2.512302755230638e-05 -0.006788555691841062
0.1596481326708324 -2.542458608534589e-05 -0.006870040572261084
0.1606084932658007 -2.572974473749548e-05 -0.00695249824981016
0.1615746308934029 -2.603854601724463e-05 -0.007035940210812846
0.1625465803052792 -2.63510329286491e-05 -0.007120378075501885
0.1635243764621181 -2.666724895654156e-05 -0.00720582359402195
0.1645080545349132 -2.698723808787639e-05 -0.00729228865219727
0.1654976499062288 -2.731104483311038e-05 -0.007379785277308958
0.1664931981714723 -2.763871420275835e-05 -0.007468325631760047
0.1674947351401746 -2.797029171476248e-05 -0.007557922015066782
0.1685022968372784 -2.830582343018006e-05 -0.007648586873501893
0.1695159195044337 -2.86453559358895e-05 -0.007740332795421532
0.1705356396013016 -2.89889363378933e-05 -0.007833172509455671
0.1715614938068656 -2.933661229322101e-05 -0.007927118893128667
0.172593519020751 -2.968843201601309e-05 -0.008022184974503199
0.1736317523645521 -3.004444425679846e-05 -0.008118383926580798
0.1746762311831677 -3.040469832066796e-05 -0.008215729072212567
0.1757269930461439 -3.076924409833955e-05 -0.008314233892493351
0.1767840757490262 -3.113813204007156e-05 -0.008413912019712793
0.1778475173147181 -3.151141315863013e-05 -0.008514777238157174
0.1789173559948495 -3.188913906895648e-05 -0.008616843494827997
0.1799936302711521 -3.227136197639613e-05 -0.00872012489626137
0.1810763788568441 -3.265813466357759e-05 -0.008824635704982483
0.1821656406980222 -3.304951052102065e-05 -0.008930390347776334
0.1832614549750625 -3.344554356394826e-05 -0.009037403420230515
0.1843638611040305 -3.384628840571307e-05 -0.009145689679554732
0.1854728987380978 -3.425180027182561e-05 -0.009255264048371386
0.1865886077689693 -3.466213504006258e-05 -0.009366141625553347
0.1877110283283176 -3.507734921417484e-05 -0.009478337679119514
0.1888402007892269 -3.54974999212918e-05 -0.009591867645533455
0.1899761657676448 -3.592264495362705e-05 -0.009706747140972787
0.1911189641238435 -3.635284276539767e-05 -0.009822991960496736
0.1922686369638894 -3.678815245237452e-05 -0.009940618072520361
0.1934252256411219 -3.722863377957487e-05 -0.01005964162629747
0.1945887717576404 -3.76743472101772e-05 -0.01018007895973373
0.1957593171658014 -3.812535387385909e-05 -0.01030194659083119
0.1969369039697233 -3.858171557587535e-05 -0.01042526122014132
0.1981215745268011 -3.904349484432829e-05 -0.01055003974353798
0.19931337144923 -3.951075490734897e-05 -0.01067629924605155
0.2005123376055381 -3.998355968338559e-05 -0.01080405699924473
0.2017185161221286 -4.046197382290048e-05 -0.01093333047247957
0.2029319503848305 -4.094606271693222e-05 -0.01106413733523105
0.2041526840404598 -4.143589246885491e-05 -0.01119649544945612
0.205380760998389 -4.193152991762737e-05 -0.01133042287587591
0.2066162254321268 -4.243304267917925e-05 -0.01146593788515876
0.2078591217809067 -4.294049911151456e-05 -0.01160305894849075
0.2091094947512857 -4.345396831779247e-05 -0.01174180473840822
0.2103673893187526 -4.397352019832353e-05 -0.01188219414284773
0.2116328507293451 -4.44992254353203e-05 -0.01202424626102556
0.2129059245012778 -4.503115547460585e-05 -0.01216798039849506
0.2141866564265795 -4.556938256515609e-05 -0.0123134160778315
0.2154750925727398 -4.611397978174001e-05 -0.01246057304474978
0.2167712792843669 -4.666502098908315e-05 -0.01260947125842088
0.2180752631848539 -4.722258085939265e-05 -0.01276013089620742
0.2193870911780562 -4.778673492511585e-05 -0.01291257236791965
0.2207068104499787 -4.835755954414341e-05 -0.01306681630641291
0.2220344684704725 -4.893513189536128e-05 -0.01322288356638573
0.2233701129949433 -4.951953003271615e-05 -0.01338079523898896
0.2247137920660681 -5.011083288156372e-05 -0.01354057265083905
0.2260655540155243 -5.070912021072146e-05 -0.01370223735646635
0.2274254474657272 -5.131447266772002e-05 -0.01386581114784048
0.2287935213315797 -5.192697181706046e-05 -0.01403131606470792
0.2301698248222314 -5.254670009787606e-05 -0.01419877438315168
0.2315544074428487 -5.317374083470637e-05 -0.01436820861850262
0.2329473189963953 -5.380817829896012e-05 -0.01453964154194746
0.2343486095854241 -5.445009767908124e-05 -0.01471309617246727
0.2357583296138787 -5.509958506654904e-05 -0.01488859577305457
0.237176529788907 -5.575672750919182e-05 -0.01506616386511931
0.2386032611226849 -5.642161302283059e-05 -0.01524582423163516
0.2400385749342508 -5.709433055323169e-05 -0.01542760090685862
0.2414825228513524 -5.777497000507623e-05 -0.01561151818415694
0.2429351568123028 -5.846362229585962e-05 -0.01579760063057243
0.2443965290678495 -5.916037930978269e-05 -0.01598587307436328
0.2458666921830531 -5.986533390043594e-05 -0.01617636060572888
0.2473456990391787 -6.057857995743477e-05 -0.01636908859481545
0.2488336028355976 -6.130021238670033e-05 -0.01656408268638775
0.250330457091701 -6.203032708533676e-05 -0.01676136879304054
0.2518363156488252 -6.276902099145308e-05 -0.01696097310866108
0.2533512326721881 -6.351639211316295e-05 -0.01716292211626528
0.2548752626528374 -6.427253948259817e-05 -0.0173672425755715
0.2564084604096108 -6.503756317551464e-05 -0.01757396152829838
0.2579508810911079 -6.581156437287964e-05 -0.01778310631480647
0.2595025801776736 -6.65946453434971e-05 -0.01799470456940336
0.261063613483394 -6.738690939049069e-05 -0.01820878420588275
0.2626340371581039 -6.818846086467085e-05 -0.01842537342113638
0.2642139076894062 -6.899940546372621e-05 -0.01864450077599929
0.2658032819047042 -6.98198499031181e-05 -0.01886619510632143
0.2674022169732455 -7.064990176612943e-05 -0.01909048548244895
0.2690107704081783 -7.148967004541345e-05 -0.01931740135555747
0.2706290000686201 -7.233926486526556e-05 -0.01954697248260646
0.2722569641617388 -7.319879741064852e-05 -0.01977922890716093
0.2738947212448469 -7.406838010300163e-05 -0.0200142010068973
0.2755423302275071 -7.494812653587023e-05 -0.02025191947620968
0.2771998503736515 -7.58381514519188e-05 -0.02049241531999851
0.2788673413037137 -7.673857081467147e-05 -0.02073571987305575
0.2805448629967726 -7.764950182104742e-05 -0.02098186480345209
0.2822324757927104 -7.857106285115652e-05 -0.02123088209897115
0.283930240394383 -7.950337350329559e-05 -0.02148280407656583
0.285638217869803 -8.044655466157384e-05 -0.02173766340063162
0.2873564696543368 -8.140072843610991e-05 -0.02199549306684705
0.2890850575529139 -8.23660181643033e-05 -0.02225632640251728
0.2908240437422505 -8.334254849330582e-05 -0.02252019708885886
0.2925734907730859 -8.433044535470334e-05 -0.02278713915415848
0.294333461572432 -8.532983593033429e-05 -0.02305718696453669
0.2961040194458372 -8.634084871269106e-05 -0.02333037524026909
0.2978852280796634 -8.736361354167089e-05 -0.02360673906571689
0.2996771515433765 -8.83982615424774e-05 -0.02388631387254714
0.3014798542918515 -8.944492514967615e-05 -0.02416913544623282
0.3032934011676903 -9.050373819053097e-05 -0.02445523994857138
0.3051178574035545 -9.157483582675395e-05 -0.02474466390194484
0.3069532886245115 -9.265835454267399e-05 -0.02503744418612282
0.3087997608503953 -9.375443222792002e-05 -0.02533361806060451
0.3106573404981812 -9.486320817099671e-05 -0.02563322316288283
0.3125260943843745 -9.598482300964052e-05 -0.02593629749502994
0.3144060897274139 -9.711941878195565e-05 -0.02624287943751488
0.3162973941500897 -9.826713898606494e-05 -0.02655300776532192
0.3182000756819758 -9.942812850884667e-05 -0.02686672162869442
0.3201142027618771 -0.0001006025336378865 -0.02718406055636434
0.3220398442402905 -0.0001017905021546291 -0.02750506448072298
0.3239770693818822 -0.0001029921832853644 -0.02782977372457694
0.3259259478679787 -0.0001042077276736314 -0.02815822899369111
0.3278865497990735 -0.0001054372874582504 -0.02849047139787411
0.3298589456973481 -0.0001066810162900901 -0.02882654245550892
0.3318432065092091 -0.0001079390692671326 -0.02916648407600663
0.3338394036078401 -0.0001092116029733968 -0.029510338570324
0.3358476087957689 -0.0001104987755595467 -0.02985814867274485
0.3378678943074497 -0.0001118007466672835 -0.0302099575204499
0.3399003328118625 -0.0001131176774273178 -0.03056580865296879
0.3419449974151257 -0.0001144497305559218 -0.03092574603826969
0.3440019616631268 -0.0001157970703223959 -0.03128981406396836
0.3460712995441669 -0.0001171598625038279 -0.03165805752510356
0.3481530854916227 -0.0001185382744537914 -0.03203052164270022
0.3502473943866234 -0.0001199324751444726 -0.03240725207515258
0.3523543015607447 -0.0001213426350882116 -0.03278829489702365
0.3544738827987177 -0.0001227689263621509 -0.03317369660570565
0.3566062143411555 -0.0001242115227044053 -0.03356350414740621
0.3587513728872951 -0.0001256705994414646 -0.03395776489753175
0.3609094355977566 -0.0001271463334696816 -0.03435652665568523
0.3630804800973185 -0.0001286389033487566 -0.0347598376709269
0.3652645844777097 -0.0001301484892914545 -0.03516774663899569
0.3674618273004187 -0.0001316752731001654 -0.03558030268516712
0.369672287599519 -0.0001332194382221066 -0.03599755537916953
0.3718960448845125 -0.0001347811698160199 -0.03641955475320653
0.374133179143189 -0.0001363606546639891 -0.0368463512781291
0.3763837708445035 -0.0001379580811803803 -0.03727799586585116
0.3786479009414707 -0.0001395736395153893 -0.03771453989732956
0.3809256508740766 -0.0001412075214941942 -0.03815603520612224
0.3832171025722083 -0.0001428599205794319 -0.03860253406824896
0.3855223384586003 -0.0001445310319554406 -0.03905408922495471
0.3878414414518001 -0.0001462210525436076 -0.03951075388685674
0.3901744949691499 -0.0001479301809218864 -0.03997258171219725
0.3925215829297878 -0.0001496586173632636 -0.04043962681723755
0.3948827897576659 -0.0001514065639225486 -0.04091194379970962
0.3972582003845871 -0.0001531742243446921 -0.04138958771404281
0.3996479002532602 -0.0001549618040562592 -0.04187261406905968
0.402051975320373 -0.0001567695102676957 -0.04236107885560954
0.4044705120596843 -0.0001585975519315021 -0.04285503853526671
0.4069035974651345 -0.0001604461396845515 -0.04335455002474397
0.4093513190539743 -0.0001623154859174781 -0.04385967071464229
0.4118137648699132 -0.0001642058048156882 -0.04437045848053244
0.4142910234862858 -0.0001661173122649945 -0.04488697165745618
0.4167831840092382 -0.0001680502258714597 -0.04540926904528841
0.4192903360809331 -0.0001700047650595891 -0.04593740993526979
0.4218125698827739 -0.0001719811509856958 -0.04647145408659721
0.4243499761386489 -0.0001739796065098073 -0.0470114617188323
0.4269026461181943 -0.000176000356288343 -0.04755749353694435
0.429470671640077 -0.000178043626755707 -0.04810961072633627
0.4320541450752978 -0.0001801096460472518 -0.0486678749320284
0.4346531593505136 -0.0001821986440492685 -0.04923234827216663
0.43726780795138 -0.000184310852461489 -0.04980309335491113
0.4398981849259138 -0.0001864465046942424 -0.05038017325064689
0.4425443848878763 -0.0001886058358687242 -0.05096365149205623
0.4452065030201759 -0.0001907890829151576 -0.05155359210064345
0.4478846350782926 -0.0001929964844999115 -0.052150059567041
0.4505788773937215 -0.0001952282809764302 -0.05275311883775022
0.4532893268774382 -0.0001974847144608737 -0.05336283533558026
0.4560160810233846 -0.0001997660288374705 -0.05397927496109439
0.458759237911976 -0.0002020724696652044 -0.05460250406739572
0.4615188962136283 -0.0002044042842054683 -0.05523258946759953
0.464295155192308 -0.0002067617214971203 -0.05586959845511438
0.4670881147091019 -0.0002091450322527249 -0.05651359877560524
0.4698978752258099 -0.0002115544688383932 -0.05716465862154591
0.4727245378085577 -0.0002139902853605979 -0.0578228466556778
0.4755682041314329 -0.0002164527376122899 -0.05848823199644959
0.4784289764801414 -0.0002189420830037545 -0.05916088419933403
0.4813069577556875 -0.0002214585806151359 -0.05984087327102056
0.4842022514780743 -0.0002240024912207243 -0.06052826967597798
0.487114961790028 -0.0002265740771848146 -0.06122314430831428
0.4900451934607434 -0.0002291736024660907 -0.06192556849296123
0.4929930518896525 -0.0002318013326917094 -0.06263561400569279
0.4959586431102161 -0.0002344575350612147 -0.06335335304716161
0.4989420737937372 -0.0002371424783056022 -0.06407885823183765
0.5019434512531983 -0.0002398564327527273 -0.0648122026056823
0.504962883447121 -0.0002425996702924054 -0.06555345963671814
0.5080004789834501 -0.0002453724642909004 -0.06630270319192245
0.5110563471234592 -0.0002481750896163178 -0.06706000754408895
0.5141305977856812 -0.0002510078226712961 -0.06782544738066125
0.5172233415498623 -0.0002538709412853759 -0.06859909777464981
0.520334689660939 -0.0002567647246966872 -0.06938103417968351
0.52346475403304 -0.0002596894536097499 -0.07017133244562801
0.5266136472535116 -0.0002626454101131011 -0.07097006879632779
0.5297814825869668 -0.0002656328776192009 -0.07177731981336781
0.5329683739793606 -0.0002686521409002921 -0.07259316244576335
0.5361744360620875 -0.0002717034860659864 -0.07341767400390332
0.5393997841561053 -0.0002747872004679297 -0.0742509321337899
0.5426445342760833 -0.000277903572696705 -0.07509301481620156
0.5459088031345746 -0.0002810528926067977 -0.07594400037343889
0.5491927081462149 -0.0002842354512136578 -0.07680396744150966
0.5524963674319456 -0.0002874515406544146 -0.07767299495951334
0.5558198998232626 -0.0002907014542154073 -0.07855116217708039
0.5591634248664905 -0.0002939854862627259 -0.07943854863560323
0.5625270628270829 -0.0002973039321683232 -0.08033523414827112
0.565910934693948 -0.0003006570883111671 -0.08124129880038128
0.5693151621838011 -0.0003040452520530966 -0.08215682294281504
0.5727398677455418 -0.0003074687216425419 -0.0830818871660217
0.5761851745646592 -0.0003109277961845749 -0.08401657229192584
0.5796512065676627 -0.0003144227756382182 -0.08496095937320021
0.5831380884265391 -0.0003179539607241025 -0.08591512966831352
0.5866459455632378 -0.0003215216528681658 -0.08687916462631738
0.5901749041541815 -0.0003251261541879679 -0.0878531458831482
0.5937250911348052 -0.000328767767426417 -0.08883715524371939
0.5972966342041217 -0.000332446795873287 -0.08983127466071426
0.6008896618293151 -0.0003361635433302251 -0.09083558622513065
0.6045043032503616 -0.0003399183140634261 -0.09185017215349299
0.6081406884846782 -0.0003437114127159357 -0.09287511476415557
0.6117989483317994 -0.0003475431442550553 -0.09391049646309056
0.6154792143780822 -0.0003514138139226117 -0.09495639973045034
0.619181619001439 -0.0003553237271513841 -0.09601290709798499
0.6229062953760992 -0.0003592731895000944 -0.0970801011314759
0.6266533774773996 -0.0003632625065918094 -0.09815806441409125
0.6304230000866031 -0.0003672919840308591 -0.09924687952393636
0.6342152987957473 -0.0003713619273321922 -0.1003466290149645
0.6380304100125211 -0.0003754726418531607 -0.1014573953985445
0.6418684709651717 -0.0003796244326962444 -0.1025792611171752
0.6457296197074404 -0.0003838176046367111 -0.1037123085249392
0.6496139951235281 -0.0003880524620547634 -0.1048566198691671
0.6535217369330918 -0.0003923293088235333 -0.1060122772601729
0.6574529856962692 -0.0003966484482204365 -0.1071793626473005
0.6614078828187353 -0.0004010101828672205 -0.1083579578027243
0.6653865705567885 -0.0004054148146192251 -0.1095481442915255
0.6693891920224675 -0.000409862644435298 -0.110750003436542
0.673415891188699 -0.0004143539723287168 -0.1119636163051071
0.6774668128944764 -0.0004188890972729113 -0.1131890636835738
0.6815421028500694 -0.0004234683170272205 -0.1144264260302331
0.6856419076422656 -0.000428091928077303 -0.1156757834592112
0.6897663747396426 -0.0004327602255650888 -0.1169372157215424
0.693915652497873 -0.0004374735031058596 -0.1182108021557415
0.6980898901650602 -0.000442232052666087 -0.119496621654794
0.702289237887107 -0.00044703616452729 -0.1207947526563905
0.7065138467131162 -0.0004518861271315742 -0.1221052731011888
0.7107638686008243 -0.0004567822268663748 -0.1234282603746494
0.7150394564220665 -0.0004617247480479041 -0.1247637913025625
0.7193407639682761 -0.0004667139728124244 -0.1261119421216682
0.7236679459560159 -0.0004717501808438412 -0.1274727884060497
0.728021158032544 -0.0004768336493081552 -0.1288464050494206
0.7324005567814114 -0.0004819646528019952 -0.1302328662512182
0.736806299728095 -0.0004871434630980864 -0.1316322454478257
0.7412385453456634 -0.0004923703489469723 -0.1330446152589952
0.7456974530604773 -0.0004976455760860733 -0.1344700474902953
0.7501831832579239 -0.0005029694070534966 -0.1359086130828003
0.754695897288186 -0.0005083421008475319 -0.1373603820210813
0.7592357574720454 -0.0005137639129433429 -0.1388254233377172
0.7638029271067222 -0.000519235095188311 -0.1403038050850146
0.7683975704717476 -0.0005247558954196212 -0.1417955942316748
0.7730198528348741 -0.0005303265573547071 -0.1433008566331913
0.7776699404580188 -0.0005359473205865361 -0.144819657030575
0.7823480006032453 -0.0005416184202664601 -0.1463520589646569
0.7870542015387785 -0.0005473400867753376 -0.147898124687221
0.7917887125450584 -0.0005531125457975026 -0.1494579151809922
0.7965517039208285 -0.0005589360181205746 -0.1510314901055414
0.8013433469892614 -0.0005648107191380131 -0.1526189076628707
0.8061638141041211 -0.0005707368588782335 -0.1542202246052797
0.8110132786559631 -0.0005767146419335263 -0.1558354962161598
0.8158919150783704 -0.0005827442669680223 -0.1574647761770393
0.8207998988542287 -0.0005888259265058251 -0.1591081165103345
0.8257374065220374 -0.0005949598070052052 -0.1607655675993979
0.8307046156822607 -0.0006011460884987854 -0.1624371780912917
0.8357017050037151 -0.000607384944079046 -0.1641229947577653
0.8407288542299962 -0.0006136765400387168 -0.1658230625331902
0.8457862441859444 -0.0006200210356832544 -0.1675374244638896
0.8508740567841485 -0.0006264185826710357 -0.1692661215298503
0.8559924750314897 -0.0006328693249922834 -0.1710091926390283
0.8611416830357236 -0.0006393733989767666 -0.172766674629429
0.8663218660121029 -0.0006459309327136871 -0.1745386021123539
0.8715332102900397 -0.0006525420456536502 -0.1763250073648479
0.8767759033198074 -0.0006592068487993363 -0.1781259203812209
0.882050133679283 -0.0006659254443327328 -0.1799413687723217
0.8873560910807308 -0.0006726979248515018 -0.1817713775591947
0.8926939663776258 -0.0006795243735801746 -0.1836159692301471
0.8980639515715189 -0.000686404864229891 -0.1854751637028493
0.9034662398189428 -0.0006933394601568198 -0.1873489780969289
0.9089010254383604 -0.0007003282142412859 -0.1892374267013099
0.9143685039171535 -0.0007073711690172598 -0.1911405210092023
0.9198688719186553 -0.000714468356021367 -0.1930582695421958
0.9254023272892237 -0.0007216197951369026 -0.1949906776730052
0.9309690690653579 -0.0007288254949214192 -0.1969377477139878
0.9365692974808579 -0.0007360854522552068 -0.1988994788221593
0.9422032139740265 -0.0007433996513114447 -0.2008758667209149
0.9478710211949153 -0.0007507680637712248 -0.2028669037581322
0.9535729230126136 -0.0007581906487889097 -0.20487257889681
0.9593091245225821 -0.0007656673520060568 -0.2068928774486186
0.9650798320540293 -0.00077319810521348 -0.2089277809825841
0.9708852531773335 -0.0007807828266580896 -0.2109772674080013
0.9767255967115094 -0.0007884214203741165 -0.2130413107937211
0.9826010727317186 -0.0007961137751842071 -0.2151198810982348
0.9885118925768263 -0.0008038597651653588 -0.2172129442955748
0.9944582688570029 -0.000811659249366531 -0.2193204622990103
1.000440415461372 -0.0008195120705192033 -0.2214423926126237
1.006458547565703 -0.0008274180551601333 -0.2235786883644813
1.012512881640152 -0.0008353770137740113 -0.2257292983451804
1.018603635457047 -0.0008433887397085216 -0.2278941667146854
1.024731028098722 -0.0008514530085026186 -0.2300732328208194
1.030895279965397 -0.0008595695784181839 -0.2322664313429251
1.037096612783106 -0.0008677381898112424 -0.2344736921219586
1.043335249611672 -0.0008759585637353986 -0.2366949397831215
1.04961141485273 -0.0008842304025065351 -0.2389300938884489
1.055925334257799 -0.0008925533895574303 -0.2411790688975253
1.062277234936404 -0.0009009271879260592 -0.2434417737590047
1.068667345364243 -0.0009093514401561315 -0.2457181118837349
1.075095895391404 -0.000917825768694677 -0.2480079812521898
1.081563116250635 -0.0009263497747781954 -0.2503112741134932
1.088069240565661 -0.0009349230373145594 -0.2526278766832953
1.094614502359551 -0.0009435451136624677 -0.2549576693543903
1.101199137063137 -0.0009522155391055936 -0.257300526554625
1.107823381523478 -0.000960933825067975 -0.2596563162646748
1.114487474012384 -0.0009696994596666706 -0.2620249001673785
1.121191654234987 -0.0009785119077964288 -0.2644061336706165
1.127936163338358 -0.000987370609468755 -0.2667998654585065
1.134721243920186 -0.0009962749793388569 -0.269205937363578
1.141547140037501 -0.001005224407429767 -0.2716241845624389
1.148414097215454 -0.001014218258078264 -0.274054435290951
1.155322362456149 -0.001023255868288824 -0.2764965103994467
1.162272184247527 -0.001032336548740147 -0.2789502236247047
1.169263812572304 -0.001041459583439979 -0.2814153814966794
1.176297498916961 -0.001050624227617251 -0.2838917827689302
1.183373496280794 -0.001059829708101075 -0.2863792185210299
1.19049205918501 -0.0010690752237421 -0.2888774722724224
1.197653443681885 -0.0010783599437066 -0.2913863195214623
1.204857907363973 -0.001087683006481923 -0.2939055274766756
1.212105709373372 -0.00109704352097623 -0.2964348553539224
1.219397110411042 -0.00110644056562162 -0.2989740541340506
1.22673237274619 -0.001115873186187842 -0.3015228659721336
1.234111760225694 -0.001125340396923655 -0.3040810245058794
1.241535538283603 -0.001134841180495518 -0.3066482548390642
1.249003973950675 -0.001144374485668691 -0.3092242729149374
1.256517335863991 -0.001153939227327348 -0.3118087855216558
1.264075894276612 -0.001163534287332313 -0.3144014905240543
1.271679921067302 -0.001173158512900274 -0.3170020764256903
1.279329689750306 -0.001182810714978013 -0.3196102219295398
1.287025475485191 -0.001192489669722577 -0.3222255963379578
1.294767555086741 -0.001202194117857453 -0.324847859378709
1.302556207034913 -0.001211922762038792 -0.3274766604932889
1.310391711484858 -0.001221674267949265 -0.330111639132497
1.318274350276994 -0.001231447264651733 -0.332752424852003
1.326204406947145 -0.001241240342215028 -0.3353986366708028
1.334182166736741 -0.001251052051191938 -0.3380498829301646
1.342207916603075 -0.001260880903988294 -0.3407057616635714
1.350281945229628 -0.001270725373472931 -0.3433658602211178
1.358404543036452 -0.001280583890689757 -0.34602975465128
1.366576002190616 -0.001290454846651093 -0.3486970101854995
1.374796616616712 -0.001300336592055259 -0.351367181161872
1.383066682007434 -0.001310227434380966 -0.3540398102400149
1.391386495834208 -0.001320125638709255 -0.3567144286231662
1.399756357357896 -0.001330029428619288 -0.3593905563002375
1.408176567639557 -0.0013399369839462 -0.3620677014399588
1.416647429551278 -0.001349846439587003 -0.3647453600682176
1.425169247787069 -0.001359755887403738 -0.3674230165823157
1.433742328873819 -0.001369663375202124 -0.370100143474986
1.442366981182327 -0.001379566903881301 -0.3727762005642187
1.45104351493839 -0.001389464429376232 -0.3754506355181218
1.459772242233963 -0.001399353862865742 -0.3781228839111359
1.468553477038385 -0.001409233067827314 -0.3807923684282035
1.477387535209671 -0.001419099860376777 -0.3834584989565569
1.486274734505876 -0.001428952010796965 -0.3861206729987813
1.495215394596523 -0.001438787241630679 -0.3887782751575088
1.504209837074101 -0.001448603225784979 -0.3914306766231745
1.513258385465633 -0.001458397588916687 -0.3940772358186092
1.522361365244312 -0.001468167908896127 -0.3967172982541355
1.531519103841213 -0.001477911712648898 -0.3993501956741751
1.540731930657063 -0.001487626477992589 -0.401975246553553
1.550000177074097 -0.00149730963447324 -0.4045917563235181
1.55932417646797 -0.001506958560647584 -0.4071990166373725
1.568704264219756 -0.001516570583800387 -0.4097963052940922
1.578140777728008 -0.001526142982131515 -0.4123828868293015
1.587634056420891 -0.001535672983374888 -0.4149580121420951
1.597184441768398 -0.001545157762324853 -0.4175209178266343
1.606792277294626 -0.001554594443555334 -0.4200708269068952
1.616457908590138 -0.001563980101479199 -0.4226069488527105
1.626181683324388 -0.00157331175722523 -0.4251284787358874
1.635963951258232 -0.00158258638012815 -0.4276345976328323
1.645805064256506 -0.001591800889283311 -0.4301244730446454
1.655705376300682 -0.001600952151329412 -0.4325972582979848
1.665665243501602 -0.001610036979539665 -0.4350520922994884
1.675685024112287 -0.001619052136602252 -0.4374881002870865
1.685765078540822 -0.001627994333911481 -0.4399043936384647
1.695905769363321 -0.001636860228829473 -0.4423000691311375
1.70610746133697 -0.001645646427492771 -0.4446742097008278
1.716370521413142 -0.001654349485570512 -0.4470258846463359
1.726695318750602 -0.001662965905557619 -0.4493541488981259
1.737082224728785 -0.001671492137769571 -0.4516580432871241
1.747531612961148 -0.00167992458261749 -0.453936595159477
1.758043859308618 -0.001688259589139465 -0.4561888179796954
1.768619341893104 -0.001696493453646513 -0.4584137109647783
1.779258441111101 -0.001704622422927915 -0.4606102599503323
1.789961539647373 -0.001712642694296897 -0.4627774374029167
1.800729022488719 -0.001720550413069984 -0.4649142017389326
1.811561276937818 -0.001728341675184058 -0.467019498031786
1.822458692627162 -0.001736012528705229 -0.4690922584196017
1.83342166153307 -0.001743558971893289 -0.4711314015822161
1.844450577989788 -0.001750976953752156 -0.4731358328899134
1.855545838703674 -0.001758262376900493 -0.4751044451791027
1.866707842767465 -0.001765411097014831 -0.4770361186018434
1.877936991674634 -0.001772418921440043 -0.4789297202503768
1.88923368933383 -0.001779281612556862 -0.4807841050670726
1.90059834208341 -0.001785994888609715 -0.4825981160681198
1.912031358706049 -0.001792554421919781 -0.4843705838606721
1.923533150443451 -0.001798955841167735 -0.4861003272596747
1.935104131011135 -0.001805194733583179 -0.4877861538794747
1.946744716613318 -0.001811266644068086 -0.4894268598969657
1.958455325957888 -0.001817167075584512 -0.4910212301563525
1.970236380271462 -0.001822891492372301 -0.4925680390386142
1.982088303314539 -0.001828435320356107 -0.4940660505714877
1.994011521396743 -0.001833793946318738 -0.4955140182060943
2.006006463392153 -0.001838962721139766 -0.4969106856920524
2.018073560754737 -0.001843936961353015 -0.4982547874983307
2.030213247533863 -0.001848711948547031 -0.4995450486512478
2.042425960389917 -0.001853282931408884 -0.5007801852867323
2.05471213861001 -0.001857645128359776 -0.5019589053624977
2.067072224123773 -0.001861793727892414 -0.5030799087492042
2.079506661519261 -0.001865723889338422 -0.5041418874378237
2.092015898058938 -0.001869430746084978 -0.5051435264088149
2.104600383695769 -0.001872909406864799 -0.5060835039806928
2.117260571089404 -0.001876154956155777 -0.5069604919180162
2.129996915622458 -0.001879162457123546 -0.507773156226506
2.142809875416892 -0.001881926953707976 -0.5085201577168413
2.155699911350493 -0.001884443471511401 -0.5092001522446701
2.16866748707345 -0.001886707020011481 -0.5098117913085523
2.181713069025031 -0.001888712595242075 -0.5103537227743645
2.194837126450363 -0.00189045518131107 -0.5108245912854376
2.208040131417308 -0.001891929752292285 -0.5112230387737711
2.221322558833443 -0.001893131275078313 -0.5115477052309083
2.234684886463145 -0.001894054711338273 -0.5117972292369442
2.248127594944775 -0.001894695019669583 -0.511970248541962
2.261651167807962 -0.001895047158386886 -0.5120654008196363
2.275256091491004 -0.001895106087724551 -0.5120813242623735
2.288942855358358 -0.001894866772289753 -0.5120166582441694
2.302711951718243 -0.00189432418414891 -0.5118700441545985
2.316563875840352 -0.001893473305039568 -0.5116401259964956
2.330499125973664 -0.001892309128830097 -0.5113255510505959
2.344518203364364 -0.001890826665308564 -0.5109249708993342
2.358621612273878 -0.001889020942463865 -0.510437042043238
2.372809859997005 -0.001886887008709001 -0.5098604265016822
2.387083456880169 -0.001884419937038788 -0.509193792936355
2.401442916339774 -0.001881614828190833 -0.5084358175053937
2.415888754880671 -0.001878466812346433 -0.5075851843229872
2.430421492114737 -0.001874971052938986 -0.5066405864884577
2.445041650779565 -0.001871122751517366 -0.505600727400405
2.459749756757268 -0.001866917148972225 -0.5044643210880688
2.474546339093393 -0.001862349528504821 -0.5032300930135422
2.489431930015952 -0.001857415221844453 -0.5018967817518006
2.504407064954564 -0.001852109611124152 -0.5004631394975378
2.519472282559719 -0.001846428130719076 -0.4989279325619224
2.534628124722145 -0.001840366273303417 -0.4972899430092491
2.549875136592308 -0.001833919594245927 -0.4955479698446663
2.565213866600017 -0.001827083712071268 -0.4937008291388368
2.580644866474148 -0.001819854313121159 -0.49174735528744
2.596168691262497 -0.001812227159056375 -0.4896864030383039
2.611785899351737 -0.001804198086777446 -0.4875168474699773
2.627497052487508 -0.001795763011261816 -0.4852375847583665
2.64330271579462 -0.001786917934291605 -0.4828475345350851
2.659203457797384 -0.00177765894655808 -0.4803456404561074
2.675199850440056 -0.001767982228240772 -0.4777308703582545
2.691292469107416 -0.001757884056449103 -0.475002218270014
2.707481892645458 -0.001747360811883255 -0.4721587062113903
2.723768703382218 -0.001736408977348978 -0.4691993837925864
2.740153487148712 -0.001725025142531998 -0.4661233295041098
2.756636833300016 -0.001713206014603645 -0.4629296535825447
2.77321933473646 -0.001700948416970298 -0.4596174976726365
2.789901587924954 -0.001688249291089308 -0.4561860353179775
2.806684192920446 -0.001675105707257511 -0.452634474876197
2.823567753387507 -0.001661514867939828 -0.4489620604183907
2.840552876622036 -0.001647474106126981 -0.4451680712853559
2.857640173573115 -0.001632980893272102 -0.4412518242321609
2.874830258864976 -0.001618032849097856 -0.4372126760781537
2.892123750819116 -0.001602627737715986 -0.4330500226584135
2.909521271476531 -0.00158676347162181 -0.4287632999031136
2.927023446620097 -0.001570438125137451 -0.4243519874700505
2.944630905797074 -0.001553649932742504 -0.4198156082935695
2.962344282341753 -0.001536397288760144 -0.4151537284997465
2.980164213398238 -0.001518678759233618 -0.4103659606155645
2.998091339943359 -0.001500493087579626 -0.4054519650965281
3.016126306809736 -0.001481839189884689 -0.4004114490556834
3.034269762708964 -0.001462716162191274 -0.3952441682324193
3.052522360254954 -0.001443123293773291 -0.3899499305796733
3.070884755987404 -0.001423060060937977 -0.3845285945891234
3.089357610395416 -0.001402526129191118 -0.378980069876256
3.107941587941251 -0.001381521368520713 -0.373304321310206
3.126637357084233 -0.001360045852454153 -0.3675013687589924
3.14544559030479 -0.00133809985451361 -0.3615712861317205
3.164366964128648 -0.001315683859794398 -0.3555142045072004
3.183402159151157 -0.001292798573749102 -0.3493303145075277
3.202551860061779 -0.001269444913962739 -0.3430198640756298
3.221816755668715 -0.00124562401559887 -0.3365831599468727
3.241197538923678 -0.001221337247481926 -0.3300205719947065
3.260694906946819 -0.001196586204402587 -0.3233325311514834
3.280309561051807 -0.001171372706297141 -0.3165195291867087
3.300042206771049 -0.001145698813777904 -0.3095821229035562
3.319893553881069 -0.001119566829071989 -0.3025209343925339
3.339864316428041 -0.001092979288443646 -0.295336648983906
3.359955212753471 -0.001065938971905595 -0.2880300178718161
3.380166965520037 -0.001038448915189997 -0.280601861348994
3.400500301737581 -0.001010512398173024 -0.2730530656789284
3.42095595278926 -0.0009821329474205764 -0.2653845837837532
3.441534654457853 -0.000953314353370572 -0.2575974398871151
3.46223714695223 -0.0009240606624516826 -0.2496927273845586
3.483064174933973 -0.0008943761724207593 -0.2416716075836402
3.504016487544163 -0.0008642654463606514 -0.2335353134863133
3.525094838430328 -0.0008337333153437034 -0.2252851505086386
3.546299985773546 -0.000802784867228778 -0.2169224934536
3.567632692315724 -0.000771425453443905 -0.2084487883438607
3.589093725387028 -0.0007396607026249049 -0.1998655561070899
3.610683856933487 -0.0007074965066796072 -0.1911743888103404
3.632403863544755 -0.0006749390195063619 -0.1823769493137744
3.654254526482051 -0.0006419946729415311 -0.1734749755798748
3.676236631706256 -0.0006086701705803745 -0.1644702790037716
3.698350969906183 -0.0005749724775152473 -0.1553647416403744
3.720598336527025 -0.0005409088307614657 -0.1461603190215719
3.742979531798957 -0.0005064867507214711 -0.1368590432539918
3.765495360765927 -0.0004717140133445157 -0.1274630154962006
3.788146633314612 -0.0004365986536037307 -0.1179744068982505
3.810934164203546 -0.0004011490027337643 -0.1083954686637543
3.833858773092431 -0.0003653736491933432 -0.09872852150148217
3.856921284571616 -0.000329281433537999 -0.0889759542399083
3.880122528191761 -0.0002928814724261705 -0.07914023031395925
3.903463338493672 -0.00025618314793249 -0.06922388487733076
3.926944555038322 -0.0002191960943622014 -0.05922952123957875
3.950567022437048 -0.0001819302044783817 -0.04915981254879232
3.974331590381932 -0.0001443956350829547 -0.03901750329965339
3.998239113676364 -0.0001066027900341119 -0.02880540474453175
4.02229045226579 -6.856231799618848e-05 -0.0185263942854735
4.046486471268643 -3.028512280415048e-05 -0.008183418274814861
4.070828041007458 8.217650051744422e-06 0.002220511636831217
4.095316037040186 4.693462323912107e-05 0.01268232115221722
4.119951340191675 8.585418069556082e-05 0.02319887146625746
4.144734836585366 0.0001249644711696716 0.03376696022286945
4.169667417675155 0.0001642534242996138 0.04438332585959225
4.194749980277468 0.0002037087507056424 0.05504464763259261
4.219983426603512 0.0002433179377237421 0.0657475444638399
4.24536866429173 0.0002830682666179119 0.07648857959208016
4.270906606440451 0.0003229468191133567 0.0872642623381862
4.296598171640729 0.0003629404725103986 0.09807104678487533
4.322444284009386 0.0004030359119166707 0.1089053350820009
4.348445873222255 0.0004432196425738863 0.1197634807773993
4.374603874547618 0.0004834779889687367 0.130641788576643
4.400919228879844 0.0005237970998989707 0.1415365157119594
4.42739288277324 0.0005641629647557124 0.1524438763419151
4.454025788476091 0.000604561418211109 0.1633600428180782
4.480818903964917 0.0006449781404715349 0.1742811457534362
4.50777319297893 0.0006853986733260821 0.185203278358899
4.534889625054696 0.0007258084297010998 0.1961224990250544
4.562169175561013 0.0007661926953530449 0.207034831779598
4.589612825733993 0.0008065366400408487 0.2179362693062455
4.617221562712357 0.0008468253309515091 0.2288227765724958
4.644996379572944 0.0008870437380012394 0.2396902922620673
4.672938275366425 0.0009271767409962521 0.2505347307098314
4.701048255153248 0.0009672091445070777 0.2613519859210388
4.729327330039782 0.001007125686157099 0.2721379338109852
4.757776517214689 0.001046911043469015 0.2828884340550111
4.786396839985513 0.0010865498474177 0.2935993337506536
4.815189327815487 0.001126026692760422 0.3042664702090006
4.844155016360561 0.001165326146508942 0.3148856732439574
4.873294947506656 0.001204432760071406 0.3254527684531385
4.902610169407141 0.001243331080399195 0.3359635802298833
4.932101736520533 0.001282005659448073 0.3464139343197795
4.961770709648425 0.0013204410670197 0.3567996612905978
4.991618155973645 0.001358621901621964 0.3671165994668902
5.021645149098641 0.001396532799785926 0.3773605974475455
5.051852769084097 0.001434158450146178 0.387527517910476
5.082242102487784 0.001471483605227327 0.3976132407974742
5.112814242403641 0.001508493089465241 0.4076136654816534
5.1435702885011 0.001545171812689835 0.4175247144106636
5.174511347064628 0.001581504785692209 0.4273423373131282
5.205638531033534 0.001617477126268013 0.4370625128316356
5.23695296004199 0.001653074070151584 0.4466812514772803
5.26845576045931 0.001688280990725357 0.4561946009553905
5.300148065430462 0.001723083405224358 0.4655986478420611
5.332031014916829 0.001757466982073558 0.4748895195667973
5.364105755737212 0.001791417560589488 0.4840633897361373
5.39637344160908 0.001824921163000866 0.4931164813817762
5.42883523319007 0.001857963996957495 0.5020450676385008
5.461492298119737 0.001890532470977872 0.5108454759183263
5.494345811061548 0.001922613215334185 0.5195140935538851
5.52739695374514 0.001954193081175947 0.5280473675616184
5.560646915008824 0.001985259149849036 0.5364418071599011
5.594096890842349 0.002015798758392345 0.5446939906585513
5.627748084429916 0.002045799502331146 0.5528005662136348
5.661601706193463 0.002075249237736821 0.5607582523840287
5.695658973836199 0.002104136103329086 0.568563844103718
5.729921112386407 0.002132448535029779 0.5762142166144131
5.764389354241504 0.002160175260476985 0.5837063239831953
5.799064939212376 0.002187305312858659 0.5910372028405345
5.833949114567966 0.0022138280573561 0.5982039795256487
5.869043135080146 0.002239733183273437 0.60520386795979
5.904348263068843 0.002265010708656113 0.6120341708942173
5.939865768447451 0.002289651008510371 0.6186922875354554
5.975596928768503 0.002313644816540864 0.6251757140148166
6.01154302926963 0.00233698321927352 0.631482041800327
6.047705362919785 0.002359657676592111 0.6376089632459628
6.084085230465758 0.002381660040039641 0.6435542765369152
6.120683940478954 0.002402982538622662 0.6493158818537372
6.15750280940247 0.00242361778787679 0.6548917838219621
6.194543161598441 0.002443558819325378 0.6602800994722018
6.231806329395683 0.002462799067967062 0.6654790548591272
6.269293653137611 0.002481332369563211 0.6704869843285034
6.307006481230453 0.002499152987250909 0.6753023377083488
6.344946170191752 0.002516255614712039 0.6799236811652617
6.383114084699157 0.002532635361085248 0.6843496931274446
6.421511597639515 0.002548287766150145 0.6885791683876646
6.460140090158249 0.002563208821947066 0.6926110239451836
6.499000951709037 0.002577394951052519 0.6964442931355114
6.538095580103793 0.002590843008652907 0.700078126190753
6.577425381562945 0.002603550310953073 0.7035117979159515
6.616991770766014 0.002615514621266661 0.7067447039305297
6.656796170902505 0.002626734138582673 0.7097763575788308
6.696840013723089 0.002637207518530445 0.7126063955951185
6.737124739591115 0.002646933879026066 0.7152345796293067
6.777651797534409 0.002655912776863224 0.7176607899215174
6.818422645297399 0.002664144215145975 0.719885027310505
6.859438749393552 0.002671628665386749 0.7219074192048149
6.900701585158119 0.002678367041533744 0.7237282125646602
6.942212636801205 0.002684360694095379 0.7253477723142759
6.983973397461158 0.002689611433094578 0.7267665875444537
7.025985369258271 0.002694121515580373 0.7279852681380194
7.068250063348816 0.002697893626078929 0.7290045394874581
7.110768999979402 0.00270093088908805 0.729825245871084
7.153543708541653 0.002703236876359965 0.7304483524209407
7.196575727627224 0.002704815578055042 0.7308749373281745
7.239866605083138 0.002705671401891155 0.7311061916131831
7.28341789806747 0.002705809191493768 0.7311434240840368
7.327231173105349 0.002705234200408484 0.7309880543143449
7.37130800614531 0.002703952078802173 0.7306416090497351
7.41564998261598 0.002701968887797715 0.7301057260812798
7.460258697483103 0.002699291089570191 0.7293821515693616
7.505135755306914 0.00269592552234443 0.7284727332877018
7.550282770299852 0.002691879403639336 0.7273794215000144
7.59570136638462 0.002687160336609044 0.7261042706734682
7.641393177252606 0.002681776279988612 0.724649431357636
7.687359846422636 0.002675735540137349 0.7230171480345038
7.733603027300095 0.002669046781955637 0.7212097620683311
7.780124383236402 0.002661719006149355 0.7192297055622153
7.826925587588838 0.002653761530844249 0.7170794963900646
7.874008323780734 0.002645183996258036 0.7147617394590592
7.921374285362025 0.002635996356566701 0.7122791245118223
7.969025176070168 0.002626208853571166 0.7096344190108268
8.016962709891423 0.002615832012088856 0.7068304668931369
8.065188611122505 0.002604876642087031 0.7038701891468631
8.113704614432605 0.002593353811736603 0.700756576529966
8.162512464925786 0.002581274834838433 0.6974926861726846
8.211613918203758 0.002568651272730798 0.6940816420929583
8.26101074042902 0.002555494915877401 0.6905266302212771
8.310704708388393 0.00254181776422103 0.6868308930919953
8.360697609556926 0.002527632023463641 0.6829977288381627
8.410991242162195 0.002512950096526284 0.6790304888838906
8.461587415248985 0.00249778456032182 0.67493257166805
8.512487948744354 0.002482148156301623 0.6707074200898718
8.563694673523104 0.002466053786048522 0.6663585203181062
8.615209431473632 0.002449514490298932 0.6618893961225388
8.667034075564182 0.00243254343518692 0.6573036051569664
8.719170469909495 0.002415153906066503 0.6526047372899043
8.771620489837867 0.002397359292418139 0.6477964105261332
8.824386021958594 0.002379173071225382 0.6428822665148618
8.877468964229841 0.002360608797947575 0.6378659681104373
8.930871226026907 0.002341680095266248 0.6327511963314805
8.984594728210904 0.002322400636415224 0.6275416458564734
9.038641403197854 0.002302784134499606 0.6222410221376155
9.09301319502819 0.002282844331543085 0.6168530384412693
9.147712059436689 0.002262594983808881 0.6113814118814968
9.202739963922818 0.002242049850702821 0.6058298604215306
9.258098887821502 0.002221222683398566 0.6002020998001699
9.313790822374321 0.00220012721097515 0.5945018397859698
9.369817770801134 0.002178777130313159 0.5887327814470629
9.426181748372137 0.002157186095614804 0.5828986143193513
9.482884782480346 0.002135367703355713 0.5770030123402947
9.539928912714528 0.002113335483535053 0.5710496314845823
9.597316190932558 0.0020911028912352 0.5650421074834517
9.655048681335227 0.002068683291348536 0.5589840516976774
9.713128460540494 0.002046089948534585 0.5528790484038655
9.771557617658175 0.002023336021876961 0.5467306533506918
9.830338254365088 0.002000434552148211 0.5405423903177053
9.889472484980656 0.001977398448141938 0.5343177474220976
9.948962436542953 0.00195424048310783 0.5280601761554004
10.00881024888521 0.001930973286377388 0.5217730891206563
10.06901807471279 0.001907609327922461 0.5154598558599393
10.12958807968063 0.001884160914411649 0.5091238017887469
10.1905224424711 0.001860640185714317 0.5027682072513414
10.25182335487242 0.00183705909933486 0.4963963033146935
10.31349302185747 0.001813429422214395 0.4900112695531965
10.3755336616631 0.001789762733060279 0.4836162346781317
10.43794750586993 0.001766070411752696 0.477214273675197
10.50073679948262 0.001742363623850861 0.470808403617888
10.56390380101059 0.001718653325764226 0.4644015850648231
10.62745078254932 0.001694950260804869 0.4579967209930506
10.69138002986203 0.001671264941748056 0.4515966520856931
10.7556938424619 0.001647607652153212 0.4452041570888922
10.82039453369479 0.001623988449503004 0.4388219536600264
10.88548443082247 0.001600417151564376 0.4324526946822939
10.95096587510631 0.001576903328520605 0.426098966138694
11.01684122189147 0.0015534563126185 0.4197632897188228
11.08311284069168 0.001530085191920195 0.4134481211305282
11.14978311527443 0.001506798794271795 0.4071558457680387
11.21685444374672 0.001483605698261139 0.4008887816728875
11.28432923864131 0.001460514234578078 0.3946491799014763
11.35220992700354 0.001437532470254067 0.3884392202664165
11.42049895047856 0.00141466821187037 0.3822610122034267
11.48919876539923 0.001391929014868311 0.3761165972870785
11.55831184287442 0.00136932217419769 0.3700079467038808
11.62784066887791 0.001346854716328124 0.3639369590936459
11.69778774433782 0.001324533413989468 0.3579054645325345
11.76815558522656 0.001302364784940973 0.3519152242004668
11.83894672265132 0.001280355077730838 0.345967926533176
11.91016370294514 0.001258510284316017 0.3400651906322368
11.98180908775847 0.001236836146688648 0.3342085680556115
12.05388545415131 0.001215338145571364 0.3283995397629786
12.12639539468595 0.001194021502723698 0.3226395167389548
12.19934151752018 0.001172891194930232 0.3169298437728668
12.27272644650111 0.001151951949933592 0.3112717983597953
12.34655282125957 0.001131208238356163 0.3056665885177222
12.42082329730504 0.001110664290710554 0.3001153573839697
12.49554054612116 0.001090324100647988 0.2946191840929571
12.57070725526186 0.001070191414128752 0.2891790808499201
12.64632612844798 0.001050269741598627 0.2837959962211345
12.72239988566455 0.001030562366917705 0.2784708175465948
12.79893126325863 0.001011072341047062 0.273204369234073
12.87592301403773 0.0009918024933184234 0.267997415804324
12.95337790736882 0.0009727554283466788 0.2628506610568082
13.03129872927796 0.000953933524578581 0.2577647476775318
13.10968828255048 0.0009353389593441237 0.2527402640082418
13.18854938683184 0.0009169737016496791 0.247777742099042
13.26788487872902 0.0008988395158311324 0.2428776586955154
13.34769761191256 0.0008809379635109905 0.2380404357675593
13.42799045721921 0.0008632704095631753 0.233266442121147
13.50876630275517 0.0008458380342800127 0.2285559966860005
13.59002805400002 0.0008286418320120168 0.2239093681480424
13.67177863391118 0.0008116826110170267 0.2193267749086316
13.7540209830291 0.0007949610086648303 0.214808389193042
13.83675805958297 0.0007784774948518221 0.2103543379731457
13.91999283959716 0.000762232367823917 0.2059647018387125
14.00372831699829 0.0007462257670410682 0.2016395184735627
14.08796750372286 0.0007304576811490861 0.1973787848096525
14.17271342982564 0.0007149279454390697 0.1931824563405807
14.25796914358864 0.0006996362477825727 0.1890504487253442
14.34373771163077 0.0006845821403920234 0.1849826409661509
14.43002221901811 0.0006697650411083992 0.1809788757563648
14.51682576937491 0.0006551842332600339 0.1770389594423546
14.60415148499523 0.0006408388782837842 0.1731626654338898
14.69200250695523 0.0006267280204867143 0.169349735490808
14.78038199522615 0.0006128505854417589 0.1655998792895024
14.86929312878798 0.0005992053890895145 0.16191277688234
14.95873910574384 0.0005857911455464122 0.1582880808075267
15.04872314343496 0.0005726064673713738 0.154725416161162
15.13924847855642 0.0005596498693905244 0.1512243816307231
15.2303183672736 0.0005469197783840537 0.1477845521125766
15.3219360853393 0.0005344145358603292 0.144405479461578
15.41410492821153 0.0005221323985611223 0.1410866926275903
15.50682821117208 0.0005100715475037373 0.1378277000987802
15.60010926944577 0.0004982300927227614 0.1346279911828978
15.69395145832038 0.0004866060737163402 0.1314870361278664
15.7883581532674 0.00047519746529828 0.1284042877030931
15.88333275006339 0.0004640021839396376 0.1253791829130458
15.97887866491215 0.0004530180895078016 0.1224111434671744
16.07499933456759 0.0004422429879733493 0.1194995765113376
16.17169821645737 0.0004316746382018664 0.1166438764630374
16.26897878880723 0.0004213107549011306 0.1138434258077848
16.36684455076612 0.0004111490100008698 0.1110975954719275
16.46529902253208 0.0004011870382646756 0.1084057463390592
16.56434574547881 0.0003914224410743047 0.1057672302725853
16.66398828228309 0.0003818527880273258 0.1031813905474265
16.76423021705294 0.00037247562060412 0.1006475628408885
16.86507515545651 0.0003632884563559208 0.09816507636432273
16.96652672485178 0.0003542887909756876 0.09573325442270172
17.06858857441703 0.0003454741006640898 0.09335141505393822
17.17126437528214 0.0003368418460285351 0.09101887208245087
17.27455782066058 0.0003283894744046981 0.08873493574647026
17.37847262598229 0.0003201144218271604 0.08649891323053065
17.48301252902732 0.000312014116104182 0.08431010949631156
17.58818129006027 0.0003040859791638845 0.08216782791660555
17.69398269196554 0.0002963274289644724 0.08007137079148416
17.80042054038342 0.0002887358819360435 0.07802004000810535
17.90749866384694 0.0002813087550569842 0.07601313760178152
18.01522091391964 0.0002740434675635431 0.07404996621792762
18.12359116533404 0.0002669374432029784 0.07212982972088969
18.23261331613107 0.0002599881119147444 0.07025203364822252
18.34229128780023 0.0002531929111831835 0.06841588557620382
18.45262902542071 0.0002465492881186533 0.06662069568218076
18.56363049780323 0.0002400547010702033 0.06486577718033541
18.67529969763284 0.0002337066204704722 0.06315044654998653
18.78764064161249 0.0002275025304779917 0.06147402397936044
18.90065737060757 0.0002214399309309706 0.05983583389352801
19.0143539497912 0.0002155163376883972 0.05823520504657476
19.12873446879051 0.0002097292836544434 0.05667147079840758
19.24380304183367 0.0002040763209622681 0.05514396970484578
19.35956380789796 0.0001985550212785542 0.05365204559991059
19.47602093085858 0.0001931629761367551 0.0521950476858728
19.59317859963845 0.0001878977987778184 0.05077233103063907
19.71104102835891 0.0001827571251292861 0.04938325683231708
19.82961245649123 0.0001777386134051506 0.04802719231109167
19.94889714900919 0.0001728399452121908 0.04670351100817063
20.06889939654243 0.0001680588273599443 0.04541159327486181
20.18962351553079 0.0001633929910713931 0.04415082605929047
20.31107384837959 0.0001588401922923534 0.04292060299000043
20.4332547636158 0.0001543982136682938 0.04172032491011482
20.55617065604522 0.0001500648642608575 0.04054939980073693
20.67982594691049 0.000145837979003605 0.03940724263388517
20.80422508405019 0.0001417154200959377 0.03829327574914856
20.92937254205879 0.0001376950778770196 0.03720692908983123
21.05527282244758 0.0001337748695766824 0.03614763986543146
21.18193045380665 0.0001299527398321787 0.03511485269127482
21.30934999196772 0.0001262266623963436 0.03410802005008082
21.43753602016806 0.0001225946388989012 0.03312660195725228
21.5664931492153 0.0001190546985203957 0.03217006587276769
21.69622601765332 0.0001156048995716928 0.03123788712798203
21.82673929192908 0.0001122433292215148 0.03032954885200342
21.95803766656046 0.0001089681023170465 0.02944454165300609
22.09012586430514 0.000105777362262443 0.02858236385561419
22.22300863633048 0.000102669281990757 0.02774252176352861
22.35669076238438 9.964206227936955e-05 0.02692452920433539
22.49117705096725 9.669393178020818e-05 0.02612790753767106
22.62647233950495 9.382314858616556e-05 0.02535218607848846
22.76258149452277 9.102799893431178e-05 0.02459690174664855
22.89950941182054 8.830679641316678e-05 0.02386159885271548
23.03726101664865 8.565788317236922e-05 0.02314582942482427
23.17584126388527 8.307962984623277e-05 0.02244915318802474
23.31525513821456 8.057043401294721e-05 0.02177113714793841
23.45550765430593 7.81287206204215e-05 0.02111135570582661
23.59660385699449 7.575294305501314e-05 0.02046939094737454
23.73854882146243 7.344158138357253e-05 0.01984483216766962
23.88134765342164 7.119314200400886e-05 0.01923727577678013
24.02500548929732 6.900615895201541e-05 0.01864632565284863
24.16952749641275 6.687919289320404e-05 0.01807159286975413
24.31491887317515 6.481083000213767e-05 0.01751269539421272
24.46118484926266 6.279968275754986e-05 0.01696925830065575
24.60833068581249 6.08443901770412e-05 0.01644091383464779
24.7563616756101 5.894361613843917e-05 0.01592730095929706
24.90528314327963 5.709604943585128e-05 0.01542806537040174
25.05510044547539 5.530040485598748e-05 0.01494285978728567
25.20581897107455 5.355542160282593e-05 0.0144713435271234
25.357444141371 5.185986266973523e-05 0.01401318233527978
25.5099814102703 5.021251584573609e-05 0.01356804865721441
25.66343626448592 4.861219309968074e-05 0.01313562147207926
25.81781422373652 4.705772927789095e-05 0.01271558594080415
25.97312084094457 4.554798253412503e-05 0.01230763352227927
26.12936170243603 4.408183482027459e-05 0.01191146210594751
26.28654242814131 4.26581902516209e-05 0.01152677557007634
26.44466867179741 4.127597489490778e-05 0.01115328372449249
26.6037461211513 3.993413773507436e-05 0.01079070257180515
26.76378049816449 3.863164944163642e-05 0.01043875397406686
26.92477755921884 3.736750154573194e-05 0.01009716543040094
27.08674309532363 3.614070713757273e-05 0.009765670265461573
27.24968293232387 3.49503006364917e-05 0.009444007567297777
27.41360293110984 3.379533643860968e-05 0.009131921821936055
27.57850898782788 3.267488905268923e-05 0.008829162950089798
27.74440703409252 3.158805372200535e-05 0.008535486475196521
27.91130303719981 3.053394497731684e-05 0.008250653132412656
28.07920300034196 2.95116962408318e-05 0.007974428761600077
28.24811296282329 2.852046060698919e-05 0.007706584518303049
28.41803900027744 2.755940999053838e-05 0.007446896643548654
28.58898722488593 2.662773420325502e-05 0.007195146214363925
28.76096378559799 2.572464137930132e-05 0.006951119258713475
28.93397486835177 2.484935802065178e-05 0.006714606767774117
29.1080266962968 2.40011277158742e-05 0.006485404349733487
29.28312553001787 2.317921107033527e-05 0.006263312210930735
29.4592776677602 2.238288632893121e-05 0.0060481353241261
29.63648944565603 2.161144820541454e-05 0.005839683112170399
29.81476723795246 2.086420736337445e-05 0.005637769307759446
29.99411745724076 2.014049098832753e-05 0.005442212108020104
30.17454655468706 1.943964228661295e-05 0.00525283403910551
30.35606102026435 1.876101953697276e-05 0.005069461699920226
30.53866738298595 1.810399628841557e-05 0.004891925815585486
30.72237221114033 1.746796159328489e-05 0.004720061300417154
30.90718211252742 1.685231886443379e-05 0.00455370694912007
31.09310373469621 1.62564856642802e-05 0.004392705379788144
31.28014376518396 1.567989424624286e-05 0.004236903180207117
31.46830893175665 1.512199069428528e-05 0.004086150675348588
31.65760600265105 1.458223433094847e-05 0.00394030176741308
31.84804178681812 1.406009808985043e-05 0.003799214036484045
32.03962313416796 1.355506829807196e-05 0.003662748681725785
32.23235693581619 1.306664376753335e-05 0.003530770275862107
32.42625012433181 1.259433582080789e-05 0.00340314677215144
32.62130967398656 1.213766861202076e-05 0.003279749591097741
32.81754260100581 1.169617817388731e-05 0.003160453362948316
33.01495596382091 1.126941211821204e-05 0.003045135846764925
33.21355686332307 1.085693005427703e-05 0.002933678043477546
33.4133524431188 1.045830301936107e-05 0.002825964042003544
33.61434988978685 1.007311286432655e-05 0.00272188085322558
33.81655643313671 9.700952456390388e-06 0.00262131846478283
34.01997934646867 9.341425659999963e-06 0.002524169835903444
34.22462594683541 8.994146519640569e-06 0.002430330676588905
34.43050359530524 8.658739170808072e-06 0.002339699423557734
34.63761969722685 8.334838161282155e-06 0.00225217732705753
34.84598170249565 8.022087717728365e-06 0.002167668252691691
35.0555971058218 7.720141396396059e-06 0.002086078587033631
35.26647344699975 7.428662370822999e-06 0.002007317315368161
35.47861831117944 7.1473231031595e-06 0.001931295932879166
35.69203932913916 6.87580475209409e-06 0.001857928284663728
35.90674417756002 6.613797245338867e-06 0.001787130585318571
36.12274057930207 6.360999376806521e-06 0.001718821445198515
36.34003630368208 6.117118114780543e-06 0.001652921683475416
36.55863916675303 5.88186844534392e-06 0.001589354285830656
36.77855703158521 5.654973640724e-06 0.001528044476965271
36.9997978085491 5.436164742368547e-06 0.001468919580920645
37.22236945559986 5.22518019324951e-06 0.001411908921722404
37.4462799785636 5.021766009809921e-06 0.001356943869842609
37.67153743142533 4.825675632325801e-06 0.00130395780176568
37.89814991661868 4.636669388262921e-06 0.001252885954980686
38.12612558531732 4.454514474667561e-06 0.001203665423223116
38.35547263772817 4.278985104727161e-06 0.001156235196077392
38.58619932338635 4.10986195800935e-06 0.001110536010424592
38.81831394145193 3.946931989241697e-06 0.001066510298772351
39.05182484100842 3.789988624857357e-06 0.001024102242363951
39.2867404213631 3.63883142867729e-06 0.0009832576808414793
39.52306913234914 3.493265749460411e-06 0.000943924017009481
39.76081947462954 3.353102804662919e-06 0.0009060502394677744
40.00000000000288 3.218159632515481e-06 0.0008695869096621083
