##########################################################################################
#
# SZ signal computed with SZpack v1.1.1
# Runmode: CNSN-basis
#
# General parameters:
# xmin= 0.1 xmax= 40 np= 1000
# Dtau= 0.01
# Te= 17keV (The ~ 0.0332682)
# betac= 0 muc= 1
# betao= 0 muo= 1
#
# Runmode specific parameters:
# eps= 0
# Te_order= 20 beta_order= 2
#
##########################################################################################
#
# Output format: x = (h nu/k T0) | x^3 Dn(x) | DI(x) in MJy/sr 
# Here a CMB temperature of T0 = 2.726 K is assumed.
#
##########################################################################################
0.1 -6.286377564072504e-06 -0.001698657699785415
0.1006015482792701 -6.362089583208743e-06 -0.001719116032579024
0.1012067151618632 -6.438711672375438e-06 -0.001739820277656587
0.1018155224154252 -6.516254730132018e-06 -0.001760773379944924
0.1024279919385451 -6.594729781275737e-06 -0.001781978318481892
0.1030441457615424 -6.674147979049553e-06 -0.00180343810701298
0.1036640060472596 -6.754520614202099e-06 -0.001825155796439428
0.1042875950918594 -6.835859110410189e-06 -0.001847134473581329
0.1049149353256267 -6.91817502295869e-06 -0.001869377260820915
0.1055460493137754 -7.001480047143093e-06 -0.001891887318373039
0.10618095975726 -7.08578601942519e-06 -0.001914667844597445
0.1068196894935924 -7.171104912491829e-06 -0.001937722074663596
0.1074622614976628 -7.257448840288392e-06 -0.001961053281910769
0.1081086988825668 -7.344830065688222e-06 -0.001984664779920434
0.1087590249004362 -7.43326099392633e-06 -0.002008559920741967
0.1094132629432757 -7.522754173751836e-06 -0.002032742095204041
0.1100714365438043 -7.61332230772762e-06 -0.002057214735697734
0.1107335693763015 -7.704978248909129e-06 -0.00208198131527909
0.1113996852574591 -7.797734997923147e-06 -0.002107045346879771
0.1120698081472377 -7.89160571121674e-06 -0.002132410385536025
0.1127439621497288 -7.986603704962512e-06 -0.002158080029443937
0.1134221715140214 -8.082742448557893e-06 -0.002184057918202847
0.1141044606350749 -8.180035568690218e-06 -0.002210347733913798
0.1147908540545956 -8.278496859545236e-06 -0.002236953203937991
0.1154813764619206 -8.378140275996639e-06 -0.002263878099056516
0.1161760526949047 -8.478979933411123e-06 -0.002291126233417677
0.1168749077408149 -8.581030118723562e-06 -0.002318701467529642
0.1175779667372284 -8.684305289236166e-06 -0.002346607707935959
0.118285254972937 -8.788820067816652e-06 -0.002374848905918044
0.118996797888857 -8.894589250576426e-06 -0.002403429059569921
0.119712621078944 -9.00162781399391e-06 -0.002432352215723031
0.1204327502911136 -9.109950906982786e-06 -0.002461622467802978
0.1211572114281675 -9.219573853764167e-06 -0.002491243956605621
0.1218860305487253 -9.330512166245262e-06 -0.002521220873641945
0.1226192338681618 -9.442781537879174e-06 -0.002551557459478904
0.12335684775955 -9.556397841709034e-06 -0.002582258003210916
0.1240988987546095 -9.671377141712911e-06 -0.002613326845525408
0.124845413544661 -9.787735694580608e-06 -0.002644768379182917
0.1255964189815867 -9.905489942845377e-06 -0.002676587047161207
0.1263519420787953 -1.002465652157975e-05 -0.002708787344464555
0.1271120100121947 -1.014525226898926e-05 -0.00274137382098631
0.1278766501211688 -1.026729421744494e-05 -0.002774351079085767
0.128645889909561 -1.039079959489421e-05 -0.002807723773969401
0.1294197570466637 -1.051578583884499e-05 -0.002841496617469546
0.1301982793682135 -1.064227059200824e-05 -0.002875674376866966
0.1309814848773924 -1.077027169814399e-05 -0.002910261873768393
0.1317694017458348 -1.089980721313271e-05 -0.002945263987098141
0.1325620583146414 -1.103089541050667e-05 -0.002980685654592768
0.1333594830953982 -1.116355477248221e-05 -0.003016531870377872
0.1341617047712022 -1.129780399530523e-05 -0.003052807686412503
0.1349687521976928 -1.143366200322431e-05 -0.003089518216264888
0.1357806544040905 -1.157114793927265e-05 -0.00312666863262159
0.13659744059424 -1.171028116481485e-05 -0.003164264167165037
0.1374191401476617 -1.185108127449489e-05 -0.003202310114612663
0.1382457826206078 -1.199356809482177e-05 -0.00324081183233472
0.1390773977471256 -1.213776167745325e-05 -0.00327977473853947
0.1399140154401271 -1.22836823094272e-05 -0.00331920431503782
0.140755665792465 -1.243135052304611e-05 -0.003359106109914235
0.1416023790780148 -1.25807870850102e-05 -0.003399485734590376
0.1424541857527642 -1.273201300011423e-05 -0.003440348864824022
0.1433111164559082 -1.288504952805497e-05 -0.003481701245250653
0.1441732020109516 -1.303991817522599e-05 -0.003523548687166308
0.1450404734268171 -1.319664069183837e-05 -0.003565897067749562
0.1459129618989614 -1.335523908713942e-05 -0.003608752334173807
0.1467906988104967 -1.351573563207636e-05 -0.003652120504327029
0.1476737157333199 -1.367815284978868e-05 -0.003696007664242703
0.148562044429248 -1.384251352444675e-05 -0.003740419970488113
0.1494557168511607 -1.400884071577773e-05 -0.003785363654089423
0.1503547651441497 -1.417715774687159e-05 -0.003830845017236721
0.151259221646675 -1.434748820586042e-05 -0.003876870433737783
0.152169118891728 -1.451985596477264e-05 -0.003923446354112713
0.1530844896080017 -1.469428517383812e-05 -0.003970579304055129
0.1540053667210681 -1.487080025560759e-05 -0.004018275882843141
0.1549317833545624 -1.504942591970055e-05 -0.004066542767324419
0.1558637728313743 -1.52301871705557e-05 -0.004115386714010468
0.156801368674847 -1.541310929511703e-05 -0.004164814555749252
0.1577446046099826 -1.55982178697934e-05 -0.004214833203605748
0.1586935145646554 -1.578553877943315e-05 -0.004265449651989135
0.1596481326708324 -1.597509820490671e-05 -0.004316670975297462
0.1606084932658007 -1.61669226222176e-05 -0.004368504327677415
0.1615746308934029 -1.636103882251828e-05 -0.004420956948432859
0.1625465803052792 -1.655747391046723e-05 -0.004474036161580906
0.1635243764621181 -1.675625529488093e-05 -0.004527749373325954
0.1645080545349132 -1.695741070224606e-05 -0.004582104075710849
0.1654976499062288 -1.716096819030142e-05 -0.004637107850286905
0.1664931981714723 -1.736695613322838e-05 -0.004692768364112162
0.1674947351401746 -1.757540322633758e-05 -0.004749093371017801
0.1685022968372784 -1.778633850869017e-05 -0.004806090717720678
0.1695159195044337 -1.799979135218654e-05 -0.004863768340874973
0.1705356396013016 -1.821579145735533e-05 -0.004922134265934322
0.1715614938068656 -1.843436887358275e-05 -0.004981196612618027
0.172593519020751 -1.865555400300345e-05 -0.005040963595962423
0.1736317523645521 -1.88793775874124e-05 -0.005101443522784306
0.1746762311831677 -1.910587071980472e-05 -0.005162644794799136
0.1757269930461439 -1.933506486409153e-05 -0.005224575913948508
0.1767840757490262 -1.956699183861598e-05 -0.005287245477945977
0.1778475173147181 -1.980168381806581e-05 -0.005350662180793853
0.1789173559948495 -2.003917335864405e-05 -0.00541483481958464
0.1799936302711521 -2.027949339065669e-05 -0.005479772292498132
0.1810763788568441 -2.052267721023522e-05 -0.005545483596564745
0.1821656406980222 -2.076875849877315e-05 -0.005611977832917496
0.1832614549750625 -2.101777133363092e-05 -0.005679264209684617
0.1843638611040305 -2.126975017133544e-05 -0.005747352037449843
0.1854728987380978 -2.152472985651207e-05 -0.00581625073166597
0.1865886077689693 -2.178274564736502e-05 -0.005885969819539948
0.1877110283283176 -2.204383319905705e-05 -0.005956518935541897
0.1888402007892269 -2.230802856210508e-05 -0.006027907820971555
0.1899761657676448 -2.257536820888175e-05 -0.006100146331119344
0.1911189641238435 -2.284588903171902e-05 -0.006173244434753948
0.1922686369638894 -2.311962832998348e-05 -0.006247212210629876
0.1934252256411219 -2.339662382769452e-05 -0.006322059852248134
0.1945887717576404 -2.367691369193449e-05 -0.006397797672830865
0.1957593171658014 -2.396053651281234e-05 -0.006474436099907288
0.1969369039697233 -2.424753130927428e-05 -0.006551985676883794
0.1981215745268011 -2.453793755917323e-05 -0.006630457071169104
0.19931337144923 -2.483179518484899e-05 -0.006709861070277837
0.2005123376055381 -2.512914454701503e-05 -0.00679020858017866
0.2017185161221286 -2.543002647129867e-05 -0.006871510632465757
0.2029319503848305 -2.573448225375419e-05 -0.006953778385848556
0.2041526840404598 -2.604255364298604e-05 -0.00703702312132118
0.205380760998389 -2.635428285497823e-05 -0.00712125624616956
0.2066162254321268 -2.666971259947033e-05 -0.007206489301098534
0.2078591217809067 -2.698888605785468e-05 -0.007292733954259407
0.2091094947512857 -2.731184688519592e-05 -0.007380002001795649
0.2103673893187526 -2.763863924336179e-05 -0.007468305376795269
0.2116328507293451 -2.796930779141391e-05 -0.007557656146694258
0.2129059245012778 -2.830389767404572e-05 -0.007648066510152387
0.2141866564265795 -2.864245454680516e-05 -0.007739548803868694
0.2154750925727398 -2.898502459058951e-05 -0.00783211550649817
0.2167712792843669 -2.933165448892889e-05 -0.007925779232513471
0.2180752631848539 -2.968239143921048e-05 -0.008020552735237848
0.2193870911780562 -3.003728318635104e-05 -0.008116448915943876
0.2207068104499787 -3.039637800074497e-05 -0.008213480817894751
0.2220344684704725 -3.075972467551082e-05 -0.008311661625600259
0.2233701129949433 -3.112737256101089e-05 -0.008411004674144412
0.2247137920660681 -3.149937156263356e-05 -0.008511523448586186
0.2260655540155243 -3.1875772123087e-05 -0.00861323157917508
0.2274254474657272 -3.225662524494562e-05 -0.008716142847443436
0.2287935213315797 -3.264198251512238e-05 -0.008820271192819177
0.2301698248222314 -3.30318960780378e-05 -0.008925630705375717
0.2315544074428487 -3.342641864258137e-05 -0.009032235627713037
0.2329473189963953 -3.382560352136511e-05 -0.009140100365564488
0.2343486095854241 -3.422950461182247e-05 -0.009249239482689461
0.2357583296138787 -3.46381763874117e-05 -0.009359667698496452
0.237176529788907 -3.50516739317742e-05 -0.009471399897273053
0.2386032611226849 -3.547005294624803e-05 -0.00958445113021621
0.2400385749342508 -3.589336972571631e-05 -0.009698836608906157
0.2414825228513524 -3.63216811772202e-05 -0.009814571710335861
0.2429351568123028 -3.675504485450965e-05 -0.009931671986247089
0.2443965290678495 -3.719351892874369e-05 -0.01005015315521324
0.2458666921830531 -3.763716219031803e-05 -0.01017003110313322
0.2473456990391787 -3.808603409157505e-05 -0.01029132189477215
0.2488336028355976 -3.854019473439143e-05 -0.01041404177040745
0.250330457091701 -3.89997048541972e-05 -0.01053820714151057
0.2518363156488252 -3.946462585196486e-05 -0.01066383459939083
0.2533512326721881 -3.993501981328064e-05 -0.01079094092034875
0.2548752626528374 -4.041094947801962e-05 -0.01091954305748182
0.2564084604096108 -4.089247825400241e-05 -0.01104965814437481
0.2579508810911079 -4.137967026045387e-05 -0.01118130350684275
0.2595025801776736 -4.187259029909795e-05 -0.01131449665512048
0.261063613483394 -4.237130384959417e-05 -0.01144925528262948
0.2626340371581039 -4.28758771134196e-05 -0.01158559727783532
0.2642139076894062 -4.338637701113437e-05 -0.01172354072350884
0.2658032819047042 -4.390287115844113e-05 -0.01186310389025703
0.2674022169732455 -4.442542789423605e-05 -0.01200430524410281
0.2690107704081783 -4.495411631220873e-05 -0.01214716345502371
0.2706290000686201 -4.548900622543731e-05 -0.01229169738738501
0.2722569641617388 -4.603016817427354e-05 -0.01243792610207042
0.2738947212448469 -4.657767347621631e-05 -0.01258586886995851
0.2755423302275071 -4.713159420140574e-05 -0.01273554516530087
0.2771998503736515 -4.769200316010976e-05 -0.01288697466234092
0.2788673413037137 -4.825897394543083e-05 -0.01304017724685369
0.2805448629967726 -4.883258094298688e-05 -0.01319517301876182
0.2822324757927104 -4.941289929879565e-05 -0.01335198228345746
0.283930240394383 -5.000000494179894e-05 -0.01351062555788861
0.285638217869803 -5.059397462770498e-05 -0.0136711235824059
0.2873564696543368 -5.119488590078123e-05 -0.01383349731043848
0.2890850575529139 -5.180281709488253e-05 -0.01399776790877189
0.2908240437422505 -5.241784738679337e-05 -0.01416395677196178
0.2925734907730859 -5.304005678023539e-05 -0.01433208551801253
0.294333461572432 -5.366952608410643e-05 -0.0145021759824972
0.2961040194458372 -5.43063369516434e-05 -0.0146742502291398
0.2978852280796634 -5.495057190443349e-05 -0.01484833055630342
0.2996771515433765 -5.560231429268343e-05 -0.0150244394862545
0.3014798542918515 -5.626164831098777e-05 -0.01520259976942362
0.3032934011676903 -5.692865905241755e-05 -0.0153828343990209
0.3051178574035545 -5.760343247128355e-05 -0.01556516660097421
0.3069532886245115 -5.828605537577756e-05 -0.01574961983194074
0.3087997608503953 -5.897661548169e-05 -0.01593621779382212
0.3106573404981812 -5.967520140865069e-05 -0.01612498443274872
0.3125260943843745 -6.038190264837339e-05 -0.01631594393049883
0.3144060897274139 -6.109680959803031e-05 -0.01650912071351695
0.3162973941500897 -6.182001359924367e-05 -0.01670453946344976
0.3182000756819758 -6.255160689236819e-05 -0.01690222510479266
0.3201142027618771 -6.329168262454938e-05 -0.01710220280706728
0.3220398442402905 -6.404033491045509e-05 -0.01730449800123182
0.3239770693818822 -6.479765880097693e-05 -0.01750913637122387
0.3259259478679787 -6.556375026570581e-05 -0.01771614384922501
0.3278865497990735 -6.633870624392487e-05 -0.01792554662943978
0.3298589456973481 -6.712262465598273e-05 -0.01813737117116886
0.3318432065092091 -6.791560436158139e-05 -0.01835164418753794
0.3338394036078401 -6.871774518543925e-05 -0.01856839265243219
0.3358476087957689 -6.952914797016583e-05 -0.01878764381478367
0.3378678943074497 -7.034991452763622e-05 -0.01900942518543209
0.3399003328118625 -7.118014763808488e-05 -0.01923376453687995
0.3419449974151257 -7.201995111342045e-05 -0.019460689920401
0.3440019616631268 -7.28694297766344e-05 -0.01969022966047621
0.3460712995441669 -7.372868943281491e-05 -0.0199224123469613
0.3481530854916227 -7.459783691439472e-05 -0.02015726684731337
0.3502473943866234 -7.547698010923901e-05 -0.02039482231418048
0.3523543015607447 -7.636622791004078e-05 -0.02063510817172776
0.3544738827987177 -7.726569023089524e-05 -0.02087815412011596
0.3566062143411555 -7.817547807073301e-05 -0.02112399015264189
0.3587513728872951 -7.909570346655777e-05 -0.02137264654310265
0.3609094355977566 -8.002647948187815e-05 -0.02162415384266983
0.3630804800973185 -8.096792026847884e-05 -0.02187854289658075
0.3652645844777097 -8.192014106043848e-05 -0.02213584484252212
0.3674618273004187 -8.288325813321115e-05 -0.02239609109957326
0.369672287599519 -8.385738884040437e-05 -0.022659313378144
0.3718960448845125 -8.484265165830833e-05 -0.02292554369200708
0.374133179143189 -8.583916612878448e-05 -0.02319481434286587
0.3763837708445035 -8.684705286575883e-05 -0.02346715792210898
0.3786479009414707 -8.786643362404868e-05 -0.02374260732940808
0.3809256508740766 -8.889743126023163e-05 -0.02402119576214424
0.3832171025722083 -8.994016970865511e-05 -0.02430295670892539
0.3855223384586003 -9.09947740376755e-05 -0.02458792396478283
0.3878414414518001 -9.206137046073319e-05 -0.02487613163416386
0.3901744949691499 -9.31400862841159e-05 -0.02516761411681677
0.3925215829297878 -9.423104993310439e-05 -0.02546240611485574
0.3948827897576659 -9.533439101029374e-05 -0.02576054264851998
0.3972582003845871 -9.645024023599117e-05 -0.02606205904006847
0.3996479002532602 -9.757872944338148e-05 -0.02636699091247361
0.402051975320373 -9.871999164722454e-05 -0.02667537420798413
0.4044705120596843 -9.987416101729019e-05 -0.02698724518094688
0.4069035974651345 -0.0001010413728410292 -0.02730264038772006
0.4093513190539743 -0.0001022217635705964 -0.02762159669937941
0.4118137648699132 -0.000103415470851349 -0.02794415130941887
0.4142910234862858 -0.000104622633460206 -0.02827034171709455
0.4167831840092382 -0.0001058433913198282 -0.02860020573125622
0.4192903360809331 -0.0001070778855653276 -0.02893378148837312
0.4218125698827739 -0.0001083262584878072 -0.02927110743727777
0.4243499761386489 -0.0001095886535166717 -0.02961222233438592
0.4269026461181943 -0.000110865215282828 -0.02995716526077424
0.429470671640077 -0.0001121560896078763 -0.03030597561925961
0.4320541450752978 -0.0001134614234537635 -0.03065869312079485
0.4346531593505136 -0.0001147813649575418 -0.03101535779386086
0.43726780795138 -0.0001161160634749534 -0.03137600999624378
0.4398981849259138 -0.0001174656695128132 -0.03174069039676404
0.4425443848878763 -0.0001188303347304667 -0.03210943997567013
0.4452065030201759 -0.0001202102120075935 -0.03248230004296011
0.4478846350782926 -0.0001216054553968127 -0.03285931222557494
0.4505788773937215 -0.0001230162200919705 -0.03324051845882938
0.4532893268774382 -0.0001244426624809441 -0.03362596100068024
0.4560160810233846 -0.0001258849401512844 -0.03401568243325118
0.458759237911976 -0.0001273432118286222 -0.03440972564618922
0.4615188962136283 -0.0001288176373970754 -0.03480813384217912
0.464295155192308 -0.0001303083779525015 -0.03521095055133276
0.4670881147091019 -0.0001318155957338393 -0.03561821961263684
0.4698978752258099 -0.0001333394541110672 -0.03602998517069916
0.4727245378085577 -0.0001348801176467798 -0.03644629169238721
0.4755682041314329 -0.0001364377520617232 -0.03686718395751555
0.4784289764801414 -0.000138012524189323 -0.03729270704655856
0.4813069577556875 -0.0001396046020139714 -0.03772290635099623
0.4842022514780743 -0.0001412141546905638 -0.03815782757859312
0.487114961790028 -0.0001428413524749755 -0.03859751673461226
0.4900451934607434 -0.0001444863667292864 -0.039042020123227
0.4929930518896525 -0.000146149369976175 -0.03949138436221895
0.4959586431102161 -0.0001478305358350725 -0.03994565636572593
0.4989420737937372 -0.0001495300389960449 -0.0404048833371847
0.5019434512531983 -0.0001512480552684717 -0.04086911278248449
0.504962883447121 -0.0001529847615601542 -0.04133839250432182
0.5080004789834501 -0.000154740335820142 -0.04181277058675146
0.5110563471234592 -0.0001565149570596186 -0.04229229540083003
0.5141305977856812 -0.0001583088053790056 -0.04277701561193994
0.5172233415498623 -0.0001601220618952577 -0.04326698016014349
0.520334689660939 -0.0001619549087320035 -0.04376223825751883
0.52346475403304 -0.0001638075290650824 -0.04426283940046464
0.5266136472535116 -0.0001656801070679896 -0.04476883335495859
0.5297814825869668 -0.0001675728278723134 -0.04528027014586711
0.5329683739793606 -0.0001694858775980096 -0.04579720006512591
0.5361744360620875 -0.000171419443342536 -0.04631967366880385
0.5393997841561053 -0.0001733737131159114 -0.04684774175955522
0.5426445342760833 -0.0001753488758429583 -0.04738145538722568
0.5459088031345746 -0.0001773451213879131 -0.04792086585550227
0.5491927081462149 -0.0001793626404840027 -0.04846602470288408
0.5524963674319456 -0.0001814016247092049 -0.04901698369613249
0.5558198998232626 -0.0001834622665136744 -0.04957379483768191
0.5591634248664905 -0.0001855447591747528 -0.05013651035348298
0.5625270628270829 -0.0001876492967469084 -0.05070518267947575
0.565910934693948 -0.0001897760740697988 -0.05127986446376812
0.5693151621838011 -0.0001919252867589981 -0.0518606085641304
0.5727398677455418 -0.000194097131138812 -0.05244746802984099
0.5761851745646592 -0.0001962918042265136 -0.0530404960974267
0.5796512065676627 -0.0001985095037415916 -0.05363974619316183
0.5831380884265391 -0.0002007504280419925 -0.05424527191583992
0.5866459455632378 -0.0002030147760874984 -0.05485712702687796
0.5901749041541815 -0.0002053027474414962 -0.05547536545079455
0.5937250911348052 -0.0002076145422301746 -0.05610004126418434
0.5972966342041217 -0.0002099503610874424 -0.05673120868083432
0.6008896618293151 -0.0002123104051392692 -0.05736892204749237
0.6045043032503616 -0.0002146948759826402 -0.05801323583818076
0.6081406884846782 -0.0002171039756223514 -0.05866420463711725
0.6117989483317994 -0.0002195379064394758 -0.05932188313019445
0.6154792143780822 -0.000221996871172262 -0.05998632609981813
0.619181619001439 -0.0002244810728588382 -0.06065758840942539
0.6229062953760992 -0.0002269907147928895 -0.06133572499150796
0.6266533774773996 -0.0002295260004947417 -0.06202079083979867
0.6304230000866031 -0.0002320871336627119 -0.06271284099612591
0.6342152987957473 -0.0002346743181206842 -0.06341193053624776
0.6380304100125211 -0.0002372877577799505 -0.06411811455954103
0.6418684709651717 -0.0002399276565891959 -0.06483144817548661
0.6457296197074404 -0.0002425942184800506 -0.06555198648895699
0.6496139951235281 -0.0002452876473239558 -0.06627978458856075
0.6535217369330918 -0.0002480081468741432 -0.06701489753096487
0.6574529856962692 -0.0002507559207068575 -0.0677573803250122
0.6614078828187353 -0.0002535311721775941 -0.06850728791989638
0.6653865705567885 -0.0002563341043598412 -0.06926467518860921
0.6693891920224675 -0.0002591649199696681 -0.07002959690756336
0.673415891188699 -0.0002620238213247331 -0.07080210774551596
0.6774668128944764 -0.0002649110102875931 -0.07158226224825004
0.6815421028500694 -0.0002678266881685906 -0.07237011481233334
0.6856419076422656 -0.0002707710556795497 -0.0731657196726066
0.6897663747396426 -0.000273744312886636 -0.07396913088944539
0.693915652497873 -0.0002767466591066127 -0.07478040232072755
0.6980898901650602 -0.0002797782928293743 -0.07559958760090056
0.702289237887107 -0.0002828394116863328 -0.07642674013243929
0.7065138467131162 -0.0002859302123592531 -0.07726191306121209
0.7107638686008243 -0.0002890508904534934 -0.07810515924222873
0.7150394564220665 -0.0002922016404758411 -0.07895653123365154
0.7193407639682761 -0.0002953826557660875 -0.07981608127830583
0.7236679459560159 -0.000298594128337791 -0.08068386126065225
0.728021158032544 -0.0003018362488293193 -0.08155992269355779
0.7324005567814114 -0.0003051092064653138 -0.08244431670788292
0.736806299728095 -0.0003084131889054357 -0.08333709401161093
0.7412385453456634 -0.0003117483821212193 -0.08423830485657213
0.7456974530604773 -0.0003151149703902755 -0.08514799903687757
0.7501831832579239 -0.000318513136181999 -0.08606622585803578
0.754695897288186 -0.0003219430599526697 -0.08699303408158644
0.7592357574720454 -0.0003254049201434107 -0.08792847192454879
0.7638029271067222 -0.0003288988931112324 -0.08887258704078871
0.7683975704717476 -0.0003324251528983055 -0.08982542645867361
0.7730198528348741 -0.0003359838711566656 -0.0907870365607264
0.7776699404580188 -0.0003395752171359936 -0.09175746308032395
0.7823480006032453 -0.0003431993574892718 -0.09273675104918258
0.7870542015387785 -0.0003468564560684147 -0.09372494474213522
0.7917887125450584 -0.0003505466739573314 -0.09472208768606513
0.7965517039208285 -0.0003542701693451296 -0.09572822262564412
0.8013433469892614 -0.0003580270972205836 -0.096743391440774
0.8061638141041211 -0.0003618176093780596 -0.09776763514818752
0.8110132786559631 -0.0003656418543663288 -0.09880099388761723
0.8158919150783704 -0.0003694999771844932 -0.09984350683963077
0.8207998988542287 -0.0003733921191428245 -0.1008952121880277
0.8257374065220374 -0.0003773184178983434 -0.1019561471294535
0.8307046156822607 -0.0003812790072286632 -0.1030263478122896
0.8357017050037151 -0.00038527401670632 -0.1041058492486528
0.8407288542299962 -0.0003893035717777864 -0.105194685335746
0.8457862441859444 -0.0003933677936397002 -0.1062928888224141
0.8508740567841485 -0.000397466798819693 -0.1074004911958777
0.8559924750314897 -0.0004016006991595252 -0.1085175226771768
0.8611416830357236 -0.0004057696018081007 -0.109644012219283
0.8663218660121029 -0.0004099736088514542 -0.1107799874071173
0.8715332102900397 -0.0004142128170596025 -0.1119254743891463
0.8767759033198074 -0.0004184873179921229 -0.113080497905911
0.882050133679283 -0.0004227971977579073 -0.1142450812251089
0.8873560910807308 -0.0004271425365315772 -0.1154192460109238
0.8926939663776258 -0.0004315234086707366 -0.1166030123557085
0.8980639515715189 -0.0004359398826192249 -0.1177963987538429
0.9034662398189428 -0.0004403920203728653 -0.1189994219573724
0.9089010254383604 -0.0004448798773898165 -0.1202120969517839
0.9143685039171535 -0.000449403502660512 -0.1214344369749041
0.9198688719186553 -0.0004539629382896966 -0.1226664534039607
0.9254023272892237 -0.0004585582190712745 -0.1239081556407011
0.9309690690653579 -0.0004631893726812791 -0.1251595511635349
0.9365692974808579 -0.0004678564194461665 -0.1264206454649244
0.9422032139740265 -0.0004725593716804322 -0.1276914418724
0.9478710211949153 -0.0004772982338078367 -0.128971941581317
0.9535729230126136 -0.0004820730023281496 -0.1302621436458694
0.9593091245225821 -0.0004868836651800896 -0.1315620448069486
0.9650798320540293 -0.0004917302015110988 -0.1328716394299329
0.9708852531773335 -0.0004966125818596834 -0.1341909195539589
0.9767255967115094 -0.0005015307677179856 -0.1355198747737228
0.9826010727317186 -0.0005064847108782111 -0.1368584920628767
0.9885118925768263 -0.00051147435371574 -0.1382067558505288
0.9944582688570029 -0.000516499628996485 -0.1395646479691894
1.000440415461372 -0.0005215604590356666 -0.1409321474274612
1.006458547565703 -0.0005266567557595849 -0.1423092304267309
1.012512881640152 -0.0005317884207834759 -0.1436958703822071
1.018603635457047 -0.0005369553446995455 -0.1450920377305379
1.024731028098722 -0.0005421574066263013 -0.1464976998080348
1.030895279965397 -0.000547394474535256 -0.1479128209389523
1.037096612783106 -0.0005526664048309175 -0.1493373623219958
1.043335249611672 -0.0005579730414295663 -0.1507712817813956
1.04961141485273 -0.0005633142161062419 -0.1522145338606672
1.055925334257799 -0.0005686897483856957 -0.1536670697931453
1.062277234936404 -0.000574099444543381 -0.1551288372320387
1.068667345364243 -0.0005795430975201877 -0.1565997802273911
1.075095895391404 -0.0005850204871643879 -0.1580798392914569
1.081563116250635 -0.0005905313794888291 -0.1595689511979864
1.088069240565661 -0.0005960755259194988 -0.1610670487791781
1.094614502359551 -0.0006016526637852152 -0.1625740610579995
1.101199137063137 -0.0006072625159568248 -0.1640899131506932
1.107823381523478 -0.0006129047896562043 -0.1656145259449554
1.114487474012384 -0.0006185791767962546 -0.1671478161918055
1.121191654234987 -0.0006242853540184946 -0.168689696515745
1.127936163338358 -0.000630022981579807 -0.1702400751139421
1.134721243920186 -0.0006357917030159874 -0.1717988556653185
1.141547140037501 -0.0006415911455985831 -0.1733659374539929
1.148414097215454 -0.0006474209196190606 -0.1749412151758544
1.155322362456149 -0.0006532806172745016 -0.1765245786374632
1.162272184247527 -0.0006591698133098069 -0.1781159129295823
1.169263812572304 -0.0006650880647688784 -0.1797150983599441
1.176297498916961 -0.000671034909570003 -0.1813220100683008
1.183373496280794 -0.0006770098667302074 -0.1829365180870483
1.19049205918501 -0.0006830124366236442 -0.184558487411045
1.197653443681885 -0.0006890420998207796 -0.186187777683946
1.204857907363973 -0.0006950983163948835 -0.1878242430108083
1.212105709373372 -0.0007011805266311964 -0.189467732149716
1.219397110411042 -0.0007072881504038525 -0.1911180883434178
1.22673237274619 -0.0007134205856809159 -0.1927751489153684
1.234111760225694 -0.0007195772092600189 -0.1944387454685078
1.241535538283603 -0.0007257573767033579 -0.196108703867696
1.249003973950675 -0.0007319604207493423 -0.1977848438105207
1.256517335863991 -0.0007381856512918599 -0.199466978821695
1.264075894276612 -0.0007444323559319676 -0.2011549164021305
1.271679921067302 -0.000750699798856563 -0.2028484577259406
1.279329689750306 -0.0007569872197034222 -0.2045473973337598
1.287025475485191 -0.0007632938345316511 -0.2062515233949714
1.294767555086741 -0.0007696188353583438 -0.207960617582507
1.302556207034913 -0.0007759613883359072 -0.2096744545803368
1.310391711484858 -0.0007823206344590669 -0.2113928022745116
1.318274350276994 -0.000788695689776575 -0.2131154218103684
1.326204406947145 -0.0007950856437402397 -0.2148420671464181
1.334182166736741 -0.000801489558808873 -0.2165724849473271
1.342207916603075 -0.0008079064713503693 -0.2183064148276699
1.350281945229628 -0.0008143353906593427 -0.220043589086483
1.358404543036452 -0.0008207752973487106 -0.2217837322726501
1.366576002190616 -0.0008272251445410518 -0.2235265615068223
1.374796616616712 -0.0008336838576428698 -0.2252717864204211
1.383066682007434 -0.0008401503323063227 -0.2270191086048725
1.391386495834208 -0.0008466234349514783 -0.2287682217527267
1.399756357357896 -0.0008531020033490463 -0.2305188118151197
1.408176567639557 -0.0008595848450345957 -0.2322705565732749
1.416647429551278 -0.0008660707364360267 -0.2340231254027353
1.425169247787069 -0.0008725584241506797 -0.2357761796184543
1.433742328873819 -0.0008790466242011556 -0.2375293722737088
1.442366981182327 -0.0008855340200093476 -0.2392823476126577
1.45104351493839 -0.0008920192636999091 -0.241034741422555
1.459772242233963 -0.0008985009762076193 -0.2427861810627608
1.468553477038385 -0.0009049777451791871 -0.2445362848977836
1.477387535209671 -0.0009114481251584477 -0.246284662347322
1.486274734505876 -0.000917910638612851 -0.2480309141636348
1.495215394596523 -0.0009243637745561657 -0.2497746320593782
1.504209837074101 -0.000930805987165142 -0.2515153983338116
1.513258385465633 -0.0009372356974052651 -0.2532527863120957
1.522361365244312 -0.000943651292612313 -0.2549863602322244
1.531519103841213 -0.0009500511242152793 -0.2567156746297303
1.540731930657063 -0.0009564335089755501 -0.2584402746725257
1.550000177074097 -0.000962796729533189 -0.2601596963085153
1.55932417646797 -0.0009691390324347453 -0.2618734657326859
1.568704264219756 -0.0009754586278723837 -0.2635810993166158
1.578140777728008 -0.0009817536911842872 -0.265282104013902
1.587634056420891 -0.0009880223618261279 -0.2669759770822391
1.597184441768398 -0.0009942627415493387 -0.2686622055911659
1.606792277294626 -0.001000472896279266 -0.270340266929565
1.616457908590138 -0.001006650856109824 -0.2720096288042189
1.626181683324388 -0.00101279461301221 -0.2736697486206761
1.635963951258232 -0.001018902121833629 -0.2753200737531183
1.645805064256506 -0.001024971301359939 -0.2769600418315022
1.655705376300682 -0.001031000032668304 -0.2785890802964233
1.665665243501602 -0.001036986158401647 -0.2802066062030661
1.675685024112287 -0.001042927484710689 -0.2818120267459668
1.685765078540822 -0.001048821780688539 -0.2834047391062317
1.695905769363321 -0.001054666776320878 -0.2849841298976516
1.70610746133697 -0.00106046016444775 -0.2865495756968028
1.716370521413142 -0.001066199601256211 -0.288100443176167
1.726695318750602 -0.001071882704244525 -0.2896360885540307
1.737082224728785 -0.001077507052870542 -0.2911558577696856
1.747531612961148 -0.001083070190146179 -0.2926590869142778
1.758043859308618 -0.001088569621499474 -0.2941451019233194
1.768619341893104 -0.001094002813701473 -0.2956132182867219
1.779258441111101 -0.001099367197142284 -0.2970627416638116
1.789961539647373 -0.001104660165801169 -0.2984929678752504
1.800729022488719 -0.001109879075308226 -0.2999031823792774
1.811561276937818 -0.001115021244789232 -0.3012926607702084
1.822458692627162 -0.001120083957912503 -0.3026606690613106
1.83342166153307 -0.001125064461375757 -0.3040064632759334
1.844450577989788 -0.001129959965219394 -0.3053292895321623
1.855545838703674 -0.001134767644883127 -0.3066283845985446
1.866707842767465 -0.001139484640714288 -0.3079029757612278
1.877936991674634 -0.001144108056827793 -0.3091522805159091
1.88923368933383 -0.001148634963535718 -0.3103755072243355
1.90059834208341 -0.001153062397890796 -0.3115718552611652
1.912031358706049 -0.001157387362238684 -0.3127405146227702
1.923533150443451 -0.001161606825831013 -0.3138806663631041
1.935104131011135 -0.001165717726395679 -0.3149914830180137
1.946744716613318 -0.001169716969371583 -0.3160721283984563
1.958455325957888 -0.001173601428077687 -0.3171217576361803
1.970236380271462 -0.001177367946067201 -0.3181395178198563
1.982088303314539 -0.001181013337339637 -0.3191245480523774
1.994011521396743 -0.001184534385566462 -0.32007597924162
2.006006463392153 -0.001187927846463898 -0.3209929347416035
2.018073560754737 -0.001191190448891847 -0.3218745306494357
2.030213247533863 -0.001194318894242742 -0.3227198756401705
2.042425960389917 -0.001197309857880149 -0.3235280713555368
2.05471213861001 -0.001200159991081233 -0.3242982129288183
2.067072224123773 -0.001202865921155329 -0.3250293890168905
2.079506661519261 -0.00120542425185615 -0.3257206819116069
2.092015898058938 -0.001207831565789443 -0.3263711681903755
2.104600383695769 -0.001210084425291749 -0.3269799189536127
2.117260571089404 -0.0012121793725199 -0.3275459998489253
2.129996915622458 -0.001214112931633936 -0.3280684716609621
2.142809875416892 -0.001215881610327986 -0.3285463907250771
2.155699911350493 -0.001217481900303466 -0.3289788090551936
2.16866748707345 -0.001218910278815874 -0.3293647747617678
2.181713069025031 -0.001220163210712399 -0.3297033326023757
2.194837126450363 -0.001221237149438446 -0.3299935242536892
2.208040131417308 -0.001222128538241474 -0.3302343886367671
2.221322558833443 -0.001222833812365729 -0.3304249625101011
2.234684886463145 -0.00122334940046208 -0.3305642808505697
2.248127594944775 -0.001223671725955101 -0.3306513772228407
2.261651167807962 -0.001223797209125576 -0.3306852843420917
2.275256091491004 -0.001223722268788456 -0.3306650345274128
2.288942855358358 -0.001223443323938814 -0.3305896601465662
2.302711951718243 -0.001222956795921103 -0.3304581942021455
2.316563875840352 -0.001222259110189149 -0.3302696708071481
2.330499125973664 -0.001221346698050433 -0.3300231256563023
2.344518203364364 -0.00122021599925256 -0.3297175967249632
2.358621612273878 -0.001218863463798339 -0.3293521247595702
2.372809859997005 -0.001217285553610142 -0.3289257537273766
2.387083456880169 -0.001215478745399301 -0.3284375315917988
2.401442916339774 -0.001213439533020728 -0.3278865109486611
2.415888754880671 -0.001211164428852618 -0.3272717493990113
2.430421492114737 -0.001208649966493861 -0.3265923102779929
2.445041650779565 -0.001205892704231264 -0.3258472635917333
2.459749756757268 -0.001202889226132988 -0.3250356863128038
2.474546339093393 -0.001199636144230074 -0.3241566629696948
2.489431930015952 -0.001196130102917477 -0.32320928683603
2.504407064954564 -0.001192367780489841 -0.3221926603455524
2.519472282559719 -0.001188345890591647 -0.3211058954839729
2.534628124722145 -0.001184061186548218 -0.3199481149592603
2.549875136592308 -0.001179510464627214 -0.3187184530829401
2.565213866600017 -0.001174690564568658 -0.3174160559133118
2.580644866474148 -0.001169598372985904 -0.316040082174435
2.596168691262497 -0.001164230828797635 -0.3145897047239221
2.611785899351737 -0.001158584923394436 -0.3130641105979479
2.627497052487508 -0.001152657702792594 -0.3114625015932347
2.64330271579462 -0.001146446273955578 -0.3097840959751938
2.659203457797384 -0.001139947806499197 -0.3080281289386808
2.675199850440056 -0.001133159533276513 -0.3061938527660466
2.691292469107416 -0.001126078755820028 -0.3042805382976848
2.707481892645458 -0.00111870284928619 -0.3022874762680977
2.723768703382218 -0.001111029261589025 -0.3002139770717937
2.740153487148712 -0.001103055516964979 -0.2980593717265521
2.756636833300016 -0.001094779223756747 -0.2958230139767101
2.77321933473646 -0.001086198073720357 -0.29350428010593
2.789901587924954 -0.001077309843486534 -0.2911025693320757
2.806684192920446 -0.001068112402503807 -0.2886173059535408
2.823567753387507 -0.001058603715646527 -0.2860479400539683
2.840552876622036 -0.001048781842196052 -0.2833939472269514
2.857640173573115 -0.001038644941743985 -0.2806548301711654
2.874830258864976 -0.001028191281504505 -0.2778301206662485
2.892123750819116 -0.00101741923367888 -0.2749193788606607
2.909521271476531 -0.001006327278509777 -0.2719221940969976
2.927023446620097 -0.0009949140142613204 -0.2688381876087256
2.944630905797074 -0.0009831781561952071 -0.2656670122435162
2.962344282341753 -0.0009711185364922403 -0.2624083524420426
2.980164213398238 -0.000958734113107493 -0.2590619266307563
2.998091339943359 -0.0009460239741093643 -0.2556274883943537
3.016126306809736 -0.0009329873343904934 -0.2521048255870242
3.034269762708964 -0.0009196235411667763 -0.2484937618183534
3.052522360254954 -0.0009059320839298199 -0.2447941591426001
3.070884755987404 -0.0008919125900567859 -0.2410059168724212
3.089357610395416 -0.0008775648265450914 -0.23712897204761
3.107941587941251 -0.0008628887114618348 -0.2331633025288736
3.126637357084233 -0.0008478843134283428 -0.2291089268585511
3.14544559030479 -0.0008325518491391819 -0.2249659035902198
3.164366964128648 -0.0008168916920809825 -0.22073433364463
3.183402159151157 -0.0008009043792210873 -0.2164143621170615
3.202551860061779 -0.0007845906050544238 -0.2120061766687139
3.221816755668715 -0.0007679512257755335 -0.2075100086540414
3.241197538923678 -0.0007509872713949244 -0.2029261363947426
3.260694906946819 -0.0007336999401701342 -0.1982548836749638
3.280309561051807 -0.0007160905981146787 -0.1934966196086107
3.300042206771049 -0.000698160790709716 -0.1886517618039867
3.319893553881069 -0.0006799122437581017 -0.1837207765945693
3.339864316428041 -0.0006613468578490854 -0.1787041775433014
3.359955212753471 -0.000642466715726089 -0.1736025274334574
3.380166965520037 -0.0006232740913743021 -0.1684164407242252
3.400500301737581 -0.0006037714414888661 -0.1631465812453025
3.42095595278926 -0.0005839614074719513 -0.1577936627365319
3.441534654457853 -0.000563846828406979 -0.1523584523536986
3.46223714695223 -0.0005434307353411232 -0.1468417691235897
3.483064174933973 -0.0005227163477402859 -0.1412444829860853
3.504016487544163 -0.0005017070839773165 -0.1355675176282058
3.525094838430328 -0.0004804065640589781 -0.1298118512209723
3.546299985773546 -0.0004588186008324028 -0.1239785140432813
3.567632692315724 -0.0004369472048730053 -0.1180685898026797
3.589093725387028 -0.0004147965951504289 -0.1120832185174366
3.610683856933487 -0.0003923711886201424 -0.106023593704063
3.632403863544755 -0.0003696755993148921 -0.09989096213181042
3.654254526482051 -0.0003467146503937043 -0.09368662707846245
3.676236631706256 -0.0003234933692546807 -0.08741194700975043
3.698350969906183 -0.0003000169805050967 -0.0810683336797865
3.720598336527025 -0.0002762909137539993 -0.07465725423672086
3.742979531798957 -0.0002523208081299141 -0.06818023244348252
3.765495360765927 -0.0002281125003541939 -0.06163884545504934
3.788146633314612 -0.0002036720263812675 -0.0550347242616635
3.810934164203546 -0.0001790056323565692 -0.04836955664980106
3.833858773092431 -0.000154119763217197 -0.04164508412192743
3.856921284571616 -0.0001290210583483117 -0.0348631007228021
3.880122528191761 -0.0001037163609202356 -0.02802545556247938
3.903463338493672 -7.821271431648295e-05 -0.0211340518511176
3.926944555038322 -5.251735191256835e-05 -0.01419084413708556
3.950567022437048 -2.663770103518622e-05 -0.007197839376782161
3.974331590381932 -5.813878031659933e-07 -0.0001570982427230251
3.998239113676364 2.564377624113225e-05 0.00692926848882333
4.02229045226579 5.202979601415064e-05 0.01405910044646534
4.046486471268643 7.856848489733867e-05 0.02123018550366523
4.070828041007458 0.000105251475177722 0.02844026259991102
4.095316037040186 0.0001320702255652432 0.03568702377199585
4.119951340191675 0.0001590160161786701 0.0429681127991479
4.144734836585366 0.0001860799513796 0.05028112596881358
4.169667417675155 0.0002132529721205236 0.05762361541325866
4.194749980277468 0.0002405258561914362 0.06499308917620562
4.219983426603512 0.0002678892149382634 0.07238701032611133
4.24536866429173 0.0002953335068379804 0.0798028006243339
4.270906606440451 0.0003228490426348242 0.08723784191300105
4.296598171640729 0.0003504259817648316 0.09468947514887592
4.322444284009386 0.0003780543417094629 0.1021550029308228
4.348445873222255 0.0004057240077679627 0.1096316921404211
4.374603874547618 0.0004334247329975341 0.1171167739257997
4.400919228879844 0.0004611461416716176 0.1246074446361069
4.42739288277324 0.0004888777420553416 0.1321008692735968
4.454025788476091 0.0005166089304442822 0.1395941825849527
4.480818903964917 0.0005443289917643742 0.1470844892233905
4.50777319297893 0.0005720271118569837 0.1545688670682382
4.534889625054696 0.0005996923849104647 0.1620443692330362
4.562169175561013 0.0006273138153932072 0.1695080245878702
4.589612825733993 0.0006548803268639887 0.1769568401400386
4.617221562712357 0.0006823807721731814 0.184387803790546
4.644996379572944 0.0007098039380124662 0.1917978855634925
4.672938275366425 0.0007371385510608559 0.1991840392668062
4.701048255153248 0.0007643732891903898 0.2065432055201614
4.729327330039782 0.0007914967880824998 0.213872313542804
4.757776517214689 0.0008184976473534625 0.2211682828087241
4.786396839985513 0.0008453644409253804 0.2284280258490258
4.815189327815487 0.000872085724953788 0.2356484503940641
4.844155016360561 0.0008986500451014126 0.2428264613389071
4.873294947506656 0.0009250459463111996 0.2499589633841283
4.902610169407141 0.000951261981102238 0.2570428632774701
4.932101736520533 0.0009772867173176139 0.2640750719074102
4.961770709648425 0.001003108748917683 0.2710525072196387
4.991618155973645 0.001028716703990467 0.2779720963815666
5.021645149098641 0.001054099252068693 0.2848307777594825
5.051852769084097 0.001079245115981365 0.2916255041209937
5.082242102487784 0.001104143080949601 0.2983532450928362
5.112814242403641 0.00112878200054014 0.3050109887695856
5.1435702885011 0.001153150807802004 0.3115957447229227
5.174511347064628 0.001177238527907745 0.3181045474174566
5.205638531033534 0.001201034282293474 0.3245344573294116
5.23695296004199 0.001224527297429484 0.3308825633165592
5.26845576045931 0.001247706921091834 0.3371459870150034
5.300148065430462 0.001270562626693013 0.3433218840093799
5.332031014916829 0.001293084018862969 0.3494074453409202
5.364105755737212 0.001315260849635712 0.3553999018812737
5.39637344160908 0.001337083027841636 0.3612965268704302
5.42883523319007 0.001358540620520224 0.3670946362984502
5.461492298119737 0.001379623865421878 0.3727915922836162
5.494345811061548 0.001400323187920713 0.3783848076424802
5.52739695374514 0.001420629199568231 0.3838717454990481
5.560646915008824 0.001440532705389685 0.3892499212563493
5.594096890842349 0.001460024724621439 0.3945169081999293
5.627748084429916 0.001479096492361504 0.3996703379438459
5.661601706193463 0.0014977394607686 0.4047079007546698
5.695658973836199 0.001515945316912885 0.4096273503749754
5.729921112386407 0.001533705994189889 0.4144265071075283
5.764389354241504 0.001551013667273002 0.4191032564513828
5.799064939212376 0.001567860763078053 0.4236555520646507
5.833949114567966 0.001584239981896721 0.4280814214750105
5.869043135080146 0.00160014429042082 0.4323789641947833
5.904348263068843 0.001615566925086787 0.4365463526246553
5.939865768447451 0.001630501414632422 0.4405818381487895
5.975596928768503 0.001644941580968307 0.4444837513702956
6.01154302926963 0.001658881533871073 0.4482505006772829
6.047705362919785 0.001672315687224416 0.451880576631386
6.084085230465758 0.001685238773365154 0.4553725558442498
6.120683940478954 0.001697645830986417 0.4587250977088188
6.15750280940247 0.001709532212025421 0.4619369462605001
6.194543161598441 0.001720893604945137 0.4650069364681611
6.231806329395683 0.001731726024007499 0.4679339913356169
6.269293653137611 0.00174202580660199 0.4707171211797803
6.307006481230453 0.001751789634137426 0.473355429275882
6.344946170191752 0.001761014533927753 0.4758481123670383
6.383114084699157 0.001769697866521562 0.4781944572405262
6.421511597639515 0.001777837337346867 0.4803938438743488
6.460140090158249 0.00178543101332207 0.4824457499257248
6.499000951709037 0.001792477304845905 0.4843497458645464
6.538095580103793 0.001798974966910302 0.4861054952740906
6.577425381562945 0.001804923121026468 0.4877127607757176
6.616991770766014 0.001810321243414465 0.4891714008375492
6.656796170902505 0.001815169155327807 0.4904813671600532
6.696840013723089 0.001819467038981128 0.4916427089798986
6.737124739591115 0.001823215441169832 0.4926555740480303
6.777651797534409 0.001826415254088344 0.4935202034465199
6.818422645297399 0.001829067720515019 0.4942369329895946
6.859438749393552 0.001831174450278081 0.4948061976729387
6.900701585158119 0.001832737399038758 0.495228525940631
6.942212636801205 0.001833758862988017 0.4955045382521374
6.983973397461158 0.001834241495860694 0.4956349516797411
7.025985369258271 0.001834188298208728 0.4956205770100364
7.068250063348816 0.00183360260140709 0.4954623144221308
7.110768999979402 0.001832488076454403 0.4951611558656826
7.153543708541653 0.00183084873846775 0.4947181862754542
7.196575727627224 0.001828688923488449 0.4941345773039426
7.239866605083138 0.001826013286944744 0.4934115869059801
7.28341789806747 0.001822826816499558 0.4925505628103564
7.327231173105349 0.001819134811061329 0.4915529368482859
7.37130800614531 0.001814942869690502 0.4904202219558015
7.41564998261598 0.001810256901249583 0.4891540147813215
7.460258697483103 0.00180508311557515 0.4877559933002156
7.505135755306914 0.001799428003528984 0.486227911424372
7.550282770299852 0.001793298338250565 0.4845715993406369
7.59570136638462 0.001786701178335599 0.4827889643696931
7.641393177252606 0.001779643844151932 0.4808819845663231
7.687359846422636 0.001772133910755945 0.4788527068053316
7.733603027300095 0.001764179214282405 0.4767032485081621
7.780124383236402 0.00175578783365668 0.4744357927013105
7.826925587588838 0.001746968075880382 0.4720525840403205
7.874008323780734 0.001737728477782768 0.4695559292830351
7.921374285362025 0.001728077798202446 0.466948195176995
7.969025176070168 0.001718024997613475 0.4642318029541583
8.016962709891423 0.001707579233252541 0.4614092270142001
8.065188611122505 0.001696749858375444 0.4584829947236078
8.113704614432605 0.001685546401544873 0.4554556808189789
8.162512464925786 0.001673978556257109 0.4523299046040268
8.211613918203758 0.001662056179885222 0.4491083296640185
8.26101074042902 0.001649789278794575 0.4457936598437994
8.310704708388393 0.001637187993301635 0.442388635183475
8.360697609556926 0.001624262592860717 0.4388960306178099
8.410991242162195 0.001611023467478549 0.4353186536563354
8.461587415248985 0.001597481110549949 0.4316593397453354
8.512487948744354 0.001583646110531137 0.4279209500178717
8.563694673523104 0.001569529144657562 0.4241063695962622
8.615209431473632 0.001555140963329192 0.4202185033727911
8.667034075564182 0.001540492379445906 0.4162602731279984
8.719170469909495 0.001525594261023875 0.4122346155355354
8.771620489837867 0.001510457518753329 0.4081444788001161
8.824386021958594 0.001495093094184576 0.4039928194652323
8.877468964229841 0.001479511951153492 0.3997826000962159
8.930871226026907 0.001463725064689556 0.3955167862830488
8.984594728210904 0.001447743409729768 0.3911983435907251
9.038641403197854 0.001431577952447011 0.3868302352160637
9.09301319502819 0.001415239638837362 0.3824154189038602
9.147712059436689 0.001398739384171817 0.3779568440966081
9.202739963922818 0.001382088065336404 0.3734574498647044
9.258098887821502 0.001365296509825395 0.3689201619322768
9.313790822374321 0.001348375483488886 0.364347889366427
9.369817770801134 0.001331335685768774 0.3597435232899321
9.426181748372137 0.001314187740685185 0.3551099344456652
9.482884782480346 0.001296942180454046 0.3504499687698587
9.539928912714528 0.001279609443127064 0.3457664467543974
9.597316190932558 0.001262199866412562 0.3410621617771307
9.655048681335227 0.001244723672086902 0.3363398758896446
9.713128460540494 0.001227190960709229 0.3316023183891202
9.771557617658175 0.001209611706605861 0.3268521844630526
9.830338254365088 0.001191995746149284 0.3220921320220895
9.889472484980656 0.001174352777218903 0.3173247815543183
9.948962436542953 0.001156692344605902 0.3125527121814789
10.00881024888521 0.001139023831783993 0.3077784594353155
10.06901807471279 0.001121356462363596 0.3030045156505155
10.12958807968063 0.001103699289767932 0.2982333271750598
10.1905224424711 0.001086061195015388 0.293467293770992
10.25182335487242 0.001068450875665384 0.2887087656274508
10.31349302185747 0.001050876839112228 0.2839600415485888
10.3755336616631 0.001033347406945503 0.2792233701318017
10.43794750586993 0.00101587070635341 0.274500947444805
10.50073679948262 0.0009984546568157851 0.2697949134299207
10.56390380101059 0.0009811069775929244 0.2651073539276515
10.62745078254932 0.0009638351852832481 0.2604403000167312
10.69138002986203 0.0009466465782633234 0.2557957238096245
10.7556938424619 0.0009295482404187226 0.2511755394606514
10.82039453369479 0.0009125470454334144 0.2465816043250344
10.88548443082247 0.0008956496453686612 0.242015715872774
10.95096587510631 0.0008788624651782398 0.2374796102065927
11.01684122189147 0.0008621917129409438 0.2329749648268849
11.08311284069168 0.0008456433753708457 0.2285033974185339
11.14978311527443 0.0008292232048390595 0.2240664623440299
11.21685444374672 0.0008129367306750829 0.2196656536972339
11.28432923864131 0.0007967892615143501 0.2153024059377155
11.35220992700354 0.0007807858726165527 0.2109780904640051
11.42049895047856 0.0007649314100923166 0.2066940167556951
11.48919876539923 0.0007492305003426555 0.2024514349240974
11.55831184287442 0.000733687543088783 0.1982515338288119
11.62784066887791 0.0007183067056366916 0.1940954395279445
11.69778774433782 0.0007030919369541646 0.1899842190818907
11.76815558522656 0.0006880469676922405 0.1859188805591364
11.83894672265132 0.0006731752992978171 0.181900370094347
11.91016370294514 0.0006584802160953138 0.1779295751529835
11.98180908775847 0.0006439647919286478 0.1740073263260478
12.05388545415131 0.0006296318818209395 0.1701343950764303
12.12639539468595 0.0006154841252774081 0.166311494631394
12.19934151752018 0.0006015239590305965 0.1625392834264933
12.27272644650111 0.0005877536147681524 0.1588183644915919
12.34655282125957 0.0005741751139971315 0.1551492840631337
12.42082329730504 0.0005607902825786493 0.1515325355115871
12.49554054612116 0.0005476007552444426 0.147968560561876
12.57070725526186 0.0005346079695494146 0.1444577476592823
12.64632612844798 0.0005218131672226989 0.1410004323345203
12.72239988566455 0.0005092174230354215 0.1375969050041661
12.79893126325863 0.000496821648506312 0.1342474119719603
12.87592301403773 0.0004846264981445751 0.1309521300944612
12.95337790736882 0.0004726325000087896 0.1277112020596892
13.03129872927796 0.0004608400862307246 0.1245247446350434
13.10968828255048 0.0004492494413375645 0.1213928076820727
13.18854938683184 0.0004378606008412481 0.1183154007965462
13.26788487872902 0.0004266734700580183 0.1152924983937308
13.34769761191256 0.0004156877927647358 0.1123240312389353
13.42799045721921 0.0004049031684092786 0.1094098910979759
13.50876630275517 0.0003943190623200935 0.1065499334959236
13.59002805400002 0.0003839348041644005 0.1037439773004927
13.67177863391118 0.0003737495900858837 0.1009918052996708
13.7540209830291 0.0003637624949272841 0.09829316750441641
13.83675805958297 0.0003539724757479257 0.0956477820991385
13.91999283959716 0.0003443783703713808 0.09305533504925705
14.00372831699829 0.0003349789078546105 0.09051548293009598
14.08796750372286 0.000325772715089841 0.08802785471079226
14.17271342982564 0.0003167583164306687 0.08559205165326503
14.25796914358864 0.0003079341396360342 0.08320764891835147
14.34373771163077 0.000299298524552812 0.08087419791195101
14.43002221901811 0.0002908497250645703 0.07859122681160437
14.51682576937491 0.0002825859112529851 0.07635824115053499
14.60415148499523 0.0002745051785321554 0.07417472628585464
14.69200250695523 0.0002666055517654861 0.07204014851099687
14.78038199522615 0.0002588849860367846 0.06995395526407674
14.86929312878798 0.0002513413736982118 0.06791557703233535
14.95873910574384 0.0002439725502215871 0.0659244289332353
15.04872314343496 0.0002367762958696997 0.06397991116607009
15.13924847855642 0.0002297503396458049 0.0620814100791671
15.2303183672736 0.0002228923659700222 0.06022829997393392
15.3219360853393 0.0002162000175352688 0.05841994387656706
15.41410492821153 0.0002096708974772573 0.05665569412441254
15.50682821117208 0.0002033025754498655 0.0549348940076066
15.60010926944577 0.0001970925912383566 0.05325687874541295
15.69395145832038 0.0001910384568189517 0.05162097604274488
15.7883581532674 0.0001851376607854622 0.05002650728629676
15.88333275006339 0.000179387672382392 0.0484727886343384
15.97887866491215 0.0001737859438876465 0.04695913166055293
16.07499933456759 0.0001683299137621199 0.04548484420509459
16.17169821645737 0.0001630170104929865 0.04404923141309389
16.26897878880723 0.000157844655072328 0.04265159640441386
16.36684455076612 0.0001528102637077829 0.0412912410061012
16.46529902253208 0.0001479112510264531 0.03996746661812182
16.56434574547881 0.0001431450323772678 0.03867957483548852
16.66398828228309 0.0001385090263694523 0.03742686813418667
16.76423021705294 0.0001340006576631925 0.03620865062524681
16.86507515545651 0.0001296173588312765 0.03502422855778336
16.96652672485178 0.0001253565724882195 0.03387291089431079
17.06858857441703 0.0001212157541503221 0.03275401008356705
17.17126437528214 0.0001171923735747014 0.03166684242233647
17.27455782066058 0.0001132839162744158 0.03061072846485541
17.37847262598229 0.0001094878863483699 0.02958499378748799
17.48301252902732 0.0001058018078146574 0.02858896934901181
17.58818129006027 0.0001022232253422094 0.02762199168831865
17.69398269196554 9.874970652254789e-05 0.02668340353827041
17.80042054038342 9.537884388625046e-05 0.02577255437057324
17.90749866384694 9.210825482382009e-05 0.02488880037439548
18.01522091391964 8.89355829450599e-05 0.02403150482368768
18.12359116533404 8.585850077152175e-05 0.02320003880471588
18.23261331613107 8.287470937486733e-05 0.0223937811183422
18.34229128780023 7.998193876369024e-05 0.02161211838454904
18.45262902542071 7.717795037921801e-05 0.02085444571680889
18.56363049780323 7.44605375449526e-05 0.02012016684358284
18.67529969763284 7.182752478476267e-05 0.01940869392406059
18.78764064161249 6.927676941186043e-05 0.01871944797752179
18.90065737060757 6.680616327414342e-05 0.01805185935494925
19.0143539497912 6.441363132419898e-05 0.01740536735262623
19.12873446879051 6.209713209933829e-05 0.01677942034184767
19.24380304183367 5.985466010652131e-05 0.01617347641335669
19.35956380789796 5.768424467917262e-05 0.01558700306844189
19.47602093085858 5.558394934948603e-05 0.01501947704932633
19.59317859963845 5.355187372665275e-05 0.01447038484668812
19.71104102835891 5.15861537443696e-05 0.0139392227665403
19.82961245649123 4.968495998205224e-05 0.01342549647660168
19.94889714900919 4.78464984723358e-05 0.01292872122449356
20.06889939654243 4.606901233726342e-05 0.01244842227985834
20.18962351553079 4.43507797055496e-05 0.01198413437157807
20.31107384837959 4.269011343776014e-05 0.01153540161351462
20.4332547636158 4.108536303648962e-05 0.01110177802066348
20.55617065604522 3.953491343043028e-05 0.01068282718059402
20.67982594691049 3.803718361350488e-05 0.01027812188572618
20.80422508405019 3.659062782942343e-05 0.009887244453412488
20.92937254205879 3.51937359422652e-05 0.009509786826073936
21.05527282244758 3.384503125512066e-05 0.009145349981769826
21.18193045380665 3.254307065212634e-05 0.008793543972577336
21.30934999196772 3.128644607303201e-05 0.008453988323037991
21.43753602016806 3.007378238692382e-05 0.008126311455611122
21.5664931492153 2.890373657297812e-05 0.007810150469303297
21.69622601765332 2.777499908469041e-05 0.007505151508300028
21.82673929192908 2.668629294514362e-05 0.007210969517495971
21.95803766656046 2.563637198993405e-05 0.006927267767711567
22.09012586430514 2.462402143585876e-05 0.006653718009359479
22.22300863633048 2.36480584310513e-05 0.006390000621098134
22.35669076238438 2.270732980651794e-05 0.006135804002268748
22.49117705096725 2.180071175533201e-05 0.005890824486209626
22.62647233950495 2.09271110340841e-05 0.005654766664902992
22.76258149452277 2.008546319261653e-05 0.005427342910627172
22.89950941182054 1.92747314289558e-05 0.005208273066545018
23.03726101664865 1.849390744002346e-05 0.004997284676576625
23.17584126388527 1.774201093681397e-05 0.004794112854394327
23.31525513821456 1.70180877936888e-05 0.004598499783338857
23.45550765430593 1.632121015592688e-05 0.004410194745480823
23.59660385699449 1.565047708318817e-05 0.004228954295492606
23.73854882146243 1.500501254395669e-05 0.004054541718721812
23.88134765342164 1.438396481913527e-05 0.00388672687003514
24.02500548929732 1.378650737852093e-05 0.003725286410652968
24.16952749641275 1.321183761817293e-05 0.003570003466970443
24.31491887317515 1.265917558980596e-05 0.003420667287223641
24.46118484926266 1.212776443288575e-05 0.003277073358247222
24.60833068581249 1.161687025057145e-05 0.003139023371952484
24.7563616756101 1.112578038670837e-05 0.003006324759749311
24.90528314327963 1.065380324041322e-05 0.002878790642444777
25.05510044547539 1.020026887771571e-05 0.002756239995516355
25.20581897107455 9.764527440373657e-06 0.002638497219153886
25.357444141371 9.345948415114032e-06 0.00252539194079938
25.5099814102703 8.94392120022436e-06 0.002416759168247103
25.66343626448592 8.557854329233367e-06 0.002312439079872381
25.81781422373652 8.187174230749263e-06 0.002212276689524429
25.97312084094457 7.831325358787497e-06 0.002116121881742534
26.12936170243603 7.489770302071118e-06 0.00202382944129038
26.28654242814131 7.16198832098249e-06 0.001935258657822132
26.44466867179741 6.84747500791817e-06 0.001850273234106089
26.6037461211513 6.545742775656331e-06 0.001768741417987655
26.76378049816449 6.256319724409689e-06 0.001690535696252894
26.92477755921884 5.978748878014647e-06 0.001615532588237307
27.08674309532363 5.712588495843412e-06 0.001543612730108375
27.24968293232387 5.457411676592892e-06 0.001474660767804373
27.41360293110984 5.212805251190322e-06 0.001408565057883653
27.57850898782788 4.978369722208327e-06 0.00134521765115383
27.74440703409252 4.753719477063558e-06 0.001284514350280723
27.91130303719981 4.538481642204034e-06 0.001226354400175465
28.07920300034196 4.332295681093206e-06 0.001170640379364779
28.24811296282329 4.13481373147637e-06 0.001117278291124576
28.41803900027744 3.945699876601831e-06 0.00106617736655481
28.58898722488593 3.764629422919147e-06 0.001017249869404531
28.76096378559799 3.591289025718842e-06 0.000970411130021304
28.93397486835177 3.425376546000622e-06 0.0009255795066752082
29.1080266962968 3.266600130278162e-06 0.0008826761369106085
29.28312553001787 3.114678049438811e-06 0.000841624894004033
29.4592776677602 2.969338917103645e-06 0.0008023524459677868
29.63648944565603 2.83032086261921e-06 0.0007647880320819952
29.81476723795246 2.697371122461569e-06 0.0007288633524868766
29.99411745724076 2.570246240158653e-06 0.0006945126222042575
30.17454655468706 2.448711646091931e-06 0.0006616724575947379
30.35606102026435 2.332541024374997e-06 0.0006302817052803813
30.53866738298595 2.221516317722936e-06 0.000600281443460478
30.72237221114033 2.115427725517581e-06 0.0005716149813887539
30.90718211252742 2.014072986774958e-06 0.000544227665622222
31.09310373469621 1.917257180905117e-06 0.0005180668261840012
31.28014376518396 1.824792897878e-06 0.0004930818225442583
31.46830893175665 1.736499690085865e-06 0.0004692238955065919
31.65760600265105 1.65220369180552e-06 0.0004464460643819781
31.84804178681812 1.571737713739592e-06 0.0004247031525349994
32.03962313416796 1.494941032476979e-06 0.0004039517304934328
32.23235693581619 1.421658869983647e-06 0.0003841499753001635
32.42625012433181 1.351742331718334e-06 0.0003652576537912758
32.62130967398656 1.285048463596802e-06 0.0003472361379885053
32.81754260100581 1.221439728657934e-06 0.0003300482636878852
33.01495596382091 1.160783805623874e-06 0.0003136582760281796
33.21355686332307 1.102953698518407e-06 0.0002980318591111408
33.4133524431188 1.047827402978717e-06 0.0002831360458347778
33.61434988978685 9.952875760823355e-07 0.0002689391286764783
33.81655643313671 9.45221560209004e-07 0.0002554106661407793
34.01997934646867 8.975212991538091e-07 0.000242521460092091
34.22462594683541 8.520829345475997e-07 0.0002302434467024542
34.43050359530524 8.088067166222557e-07 0.0002185496723392017
34.63761969722685 7.675970686681548e-07 0.0002074143109821706
34.84598170249565 7.283622317755752e-07 0.0001968125682283947
35.0555971058218 6.91014079949877e-07 0.0001867206313339175
35.26647344699975 6.5546817768564e-07 0.0001771156847710436
35.47861831117944 6.216435949773625e-07 0.0001679758602419197
35.69203932913916 5.894626381370148e-07 0.0001592801639420771
35.90674417756002 5.58850832950292e-07 0.000151008472009041
36.12274057930207 5.29736906826878e-07 0.0001431415256991088
36.34003630368208 5.020524935013175e-07 0.0001356608515938391
36.55863916675303 4.757320405368095e-07 0.0001285487366064222
36.77855703158521 4.507128578221845e-07 0.0001217882410861685
36.9997978085491 4.269348944851184e-07 0.0001153631385376737
37.22236945559986 4.043405802158638e-07 0.0001092578727445104
37.4462799785636 3.828748460908149e-07 0.0001034575633960152
37.67153743142533 3.62485033242771e-07 9.794798140885313e-05
37.89814991661868 3.431206856348878e-07 9.27154929319531e-05
38.12612558531732 3.247335147965025e-07 8.7747049817687e-05
38.35547263772817 3.072774089171215e-07 8.303019207917877e-05
38.58619932338635 2.907082297184723e-07 7.855299300259697e-05
38.81831394145193 2.749837284905746e-07 7.430403645905305e-05
39.05182484100842 2.600635744618799e-07 7.0272424570567e-05
39.2867404213631 2.45909225248458e-07 6.644774270382041e-05
39.52306913234914 2.324837987552259e-07 6.282002485626911e-05
39.76081947462954 2.197520719515048e-07 5.937975332528354e-05
40.00000000000288 2.07680442716559e-07 5.611784839833682e-05
