##########################################################################################
#
# SZ signal computed with SZpack v1.1.1
# Runmode: CNSN-basis
#
# General parameters:
# xmin= 0.1 xmax= 40 np= 1000
# Dtau= 0.01
# Te= 40keV (The ~ 0.0782781)
# betac= 0 muc= 1
# betao= 0 muo= 1
#
# Runmode specific parameters:
# eps= 0
# Te_order= 20 beta_order= 2
#
##########################################################################################
#
# Output format: x = (h nu/k T0) | x^3 Dn(x) | DI(x) in MJy/sr 
# Here a CMB temperature of T0 = 2.726 K is assumed.
#
##########################################################################################
0.1 -1.379265997970654e-05 -0.00372694892030517
0.1006015482792701 -1.395871510278273e-05 -0.003771819087667412
0.1012067151618632 -1.412676475306472e-05 -0.003817228201181241
0.1018155224154252 -1.429683278025057e-05 -0.003863182705332817
0.1024279919385451 -1.446894330944548e-05 -0.003909689119026762
0.1030441457615424 -1.4643120745961e-05 -0.003956754036882935
0.1036640060472596 -1.481938979505572e-05 -0.004004384134570646
0.1042875950918594 -1.49977754519266e-05 -0.00405258616610416
0.1049149353256267 -1.517830299881029e-05 -0.004101366963059455
0.1055460493137754 -1.536099802328629e-05 -0.004150733439519963
0.10618095975726 -1.554588642077053e-05 -0.004200692592750352
0.1068196894935924 -1.573299438371775e-05 -0.004251251500278899
0.1074622614976628 -1.592234841257527e-05 -0.004302417322857307
0.1081086988825668 -1.611397533247592e-05 -0.004354197308971364
0.1087590249004362 -1.630790227889597e-05 -0.004406598790965532
0.1094132629432757 -1.650415670014501e-05 -0.00445962918571574
0.1100714365438043 -1.670276637978862e-05 -0.004513296000688268
0.1107335693763015 -1.690375942937851e-05 -0.004567606831975347
0.1113996852574591 -1.710716428206086e-05 -0.004622569362568046
0.1120698081472377 -1.731300971052486e-05 -0.004678191367206195
0.1127439621497288 -1.752132483547873e-05 -0.004734480714668714
0.1134221715140214 -1.773213911145604e-05 -0.004791445363938295
0.1141044606350749 -1.794548233564498e-05 -0.004849093366587187
0.1147908540545956 -1.816138467009199e-05 -0.004907432872776895
0.1154813764619206 -1.837987662683154e-05 -0.004966472127240063
0.1161760526949047 -1.860098906743347e-05 -0.005026219469158146
0.1168749077408149 -1.882475322708802e-05 -0.005086683338669506
0.1175779667372284 -1.905120071195097e-05 -0.005147872276152016
0.118285254972937 -1.928036348865527e-05 -0.005209794919388987
0.118996797888857 -1.951227390099523e-05 -0.005272460008077439
0.119712621078944 -1.974696468539065e-05 -0.00533587638800669
0.1204327502911136 -1.998446895358157e-05 -0.00540005300638229
0.1211572114281675 -2.022482019884753e-05 -0.005464998913506511
0.1218860305487253 -2.046805232290725e-05 -0.005530723270046995
0.1226192338681618 -2.071419962250016e-05 -0.005597235343410914
0.12335684775955 -2.096329678510133e-05 -0.005664544506587084
0.1240988987546095 -2.121537891357415e-05 -0.005732660244807436
0.124845413544661 -2.147048152996515e-05 -0.005801592156572412
0.1255964189815867 -2.172864056052695e-05 -0.005871349949603993
0.1263519420787953 -2.198989235024607e-05 -0.005941943444771282
0.1271120100121947 -2.225427368582343e-05 -0.006013382582300128
0.1278766501211688 -2.252182177612456e-05 -0.006085677416490532
0.128645889909561 -2.279257425520542e-05 -0.006158838116534255
0.1294197570466637 -2.306656921265985e-05 -0.006232874974715079
0.1301982793682135 -2.334384518408902e-05 -0.006307798403833534
0.1309814848773924 -2.362444114202556e-05 -0.006383618934754491
0.1317694017458348 -2.390839651994243e-05 -0.006460347222894648
0.1325620583146414 -2.41957512242081e-05 -0.006537994051452973
0.1333594830953982 -2.448654561454615e-05 -0.006616570326130648
0.1341617047712022 -2.478082051559765e-05 -0.006696087078255364
0.1349687521976928 -2.507861724720617e-05 -0.006776555472964704
0.1357806544040905 -2.537997760433088e-05 -0.00685798680377843
0.13659744059424 -2.568494385600891e-05 -0.006940392492318078
0.1374191401476617 -2.599355877774707e-05 -0.007023784097059615
0.1382457826206078 -2.630586564837544e-05 -0.007108173312483241
0.1390773977471256 -2.662190823540666e-05 -0.007193571965117287
0.1399140154401271 -2.694173081718003e-05 -0.00727999201952182
0.140755665792465 -2.726537820423105e-05 -0.00736744558406297
0.1416023790780148 -2.759289571563864e-05 -0.007455944904521642
0.1424541857527642 -2.792432918698256e-05 -0.007545502366243721
0.1433111164559082 -2.825972500672086e-05 -0.007636130503969704
0.1441732020109516 -2.859913009830741e-05 -0.007727841997002644
0.1450404734268171 -2.894259191387923e-05 -0.007820649667502377
0.1459129618989614 -2.929015846717565e-05 -0.007914566489380695
0.1467906988104967 -2.96418783392173e-05 -0.008009605589835874
0.1476737157333199 -2.999780065761597e-05 -0.00810578024376196
0.148562044429248 -3.035797511565423e-05 -0.008203103878904291
0.1494557168511607 -3.072245200366168e-05 -0.008301590084337774
0.1503547651441497 -3.109128218249908e-05 -0.008401252603301955
0.151259221646675 -3.146451708711694e-05 -0.0085021053341626
0.152169118891728 -3.184220876729274e-05 -0.0086041623414194
0.1530844896080017 -3.222440987518758e-05 -0.008707437852343611
0.1540053667210681 -3.261117365252381e-05 -0.008811946253513307
0.1549317833545624 -3.300255396241634e-05 -0.008917702099414591
0.1558637728313743 -3.339860530602744e-05 -0.009024720116941925
0.156801368674847 -3.379938279581208e-05 -0.009133015198168693
0.1577446046099826 -3.420494217048226e-05 -0.009242602404390739
0.1586935145646554 -3.461533983593152e-05 -0.009353496977184695
0.1596481326708324 -3.503063283825142e-05 -0.009465714331116695
0.1606084932658007 -3.545087886170842e-05 -0.009579270053195688
0.1615746308934029 -3.5876136271901e-05 -0.009694179914535049
0.1625465803052792 -3.630646411206565e-05 -0.009810459869354395
0.1635243764621181 -3.674192208275639e-05 -0.009928126049488754
0.1645080545349132 -3.718257057092788e-05 -0.01004719477224717
0.1654976499062288 -3.762847067912842e-05 -0.01016768254830104
0.1664931981714723 -3.807968419337054e-05 -0.01028960607300229
0.1674947351401746 -3.853627359313542e-05 -0.01041298222908678
0.1685022968372784 -3.899830210006702e-05 -0.01053782809983198
0.1695159195044337 -3.946583365425406e-05 -0.01066416096264812
0.1705356396013016 -3.993893290501159e-05 -0.01079199828658725
0.1715614938068656 -4.041766525438849e-05 -0.01092135774409947
0.172593519020751 -4.090209686538265e-05 -0.01105225721325283
0.1736317523645521 -4.13922946335569e-05 -0.01118471477006356
0.1746762311831677 -4.18883262117834e-05 -0.01131874869518232
0.1757269930461439 -4.239026005256578e-05 -0.01145437748533019
0.1767840757490262 -4.289816537232472e-05 -0.01159161984364816
0.1778475173147181 -4.34121121553717e-05 -0.01173049468077092
0.1789173559948495 -4.393217120795948e-05 -0.01187102112943192
0.1799936302711521 -4.445841414210628e-05 -0.01201321854009254
0.1810763788568441 -4.499091335760107e-05 -0.01215710647607963
0.1821656406980222 -4.552974208367639e-05 -0.01230270472484604
0.1832614549750625 -4.607497440182769e-05 -0.01245003330413671
0.1843638611040305 -4.662668520945602e-05 -0.01259911245216446
0.1854728987380978 -4.7184950238911e-05 -0.01274996263275563
0.1865886077689693 -4.774984611207184e-05 -0.01290260455009858
0.1877110283283176 -4.832145030436936e-05 -0.01305705913902193
0.1888402007892269 -4.889984114114799e-05 -0.01321334756401161
0.1899761657676448 -4.948509785440637e-05 -0.01337149123454281
0.1911189641238435 -5.007730057845811e-05 -0.01353151180390752
0.1922686369638894 -5.067653032194557e-05 -0.01369343116165223
0.1934252256411219 -5.128286900546471e-05 -0.01385727144374472
0.1945887717576404 -5.189639950081528e-05 -0.01402305504317989
0.1957593171658014 -5.251720558772907e-05 -0.0141908045982872
0.1969369039697233 -5.314537196612105e-05 -0.01436054299604112
0.1981215745268011 -5.378098432032175e-05 -0.01453229338941748
0.19931337144923 -5.442412928784511e-05 -0.01470607918895416
0.2005123376055381 -5.507489444603864e-05 -0.01488192405914382
0.2017185161221286 -5.573336836870491e-05 -0.0150598519337337
0.2029319503848305 -5.639964063758137e-05 -0.01523988701882766
0.2041526840404598 -5.707380180375658e-05 -0.01542205378246028
0.205380760998389 -5.775594341916728e-05 -0.01560637696310786
0.2066162254321268 -5.844615809272303e-05 -0.01579288158485394
0.2078591217809067 -5.914453944265912e-05 -0.01598159294451445
0.2091094947512857 -5.985118210058264e-05 -0.01617253661273106
0.2103673893187526 -6.056618178199966e-05 -0.01636573845302847
0.2116328507293451 -6.128963526537932e-05 -0.01656122461615726
0.2129059245012778 -6.202164036712519e-05 -0.01675902153333086
0.2141866564265795 -6.276229599514715e-05 -0.01695915593070133
0.2154750925727398 -6.351170217940748e-05 -0.0171616548376133
0.2167712792843669 -6.426996002303742e-05 -0.01736654557339505
0.2180752631848539 -6.503717172597268e-05 -0.01757385575374511
0.2193870911780562 -6.581344065638629e-05 -0.01778361331003434
0.2207068104499787 -6.659887130320999e-05 -0.01799584647647657
0.2220344684704725 -6.739356926990859e-05 -0.0182105837884464
0.2233701129949433 -6.819764134765125e-05 -0.01842785410225097
0.2247137920660681 -6.901119551012725e-05 -0.01864768659372911
0.2260655540155243 -6.983434087534361e-05 -0.0188701107479286
0.2274254474657272 -7.066718775326285e-05 -0.01909515637197846
0.2287935213315797 -7.150984769781359e-05 -0.0193228536091429
0.2301698248222314 -7.23624334484554e-05 -0.01955323292303139
0.2315544074428487 -7.322505894453478e-05 -0.01978632510147783
0.2329473189963953 -7.409783940920053e-05 -0.02002216127921551
0.2343486095854241 -7.49808913087385e-05 -0.02026077292688889
0.2357583296138787 -7.587433233281089e-05 -0.02050219184571399
0.237176529788907 -7.677828146579386e-05 -0.02074645018675469
0.2386032611226849 -7.769285900320983e-05 -0.020993580455363
0.2400385749342508 -7.861818649975075e-05 -0.0212436154971342
0.2414825228513524 -7.955438680804442e-05 -0.02149658850838207
0.2429351568123028 -8.050158415137985e-05 -0.02175253305579018
0.2443965290678495 -8.145990406097132e-05 -0.0220114830594598
0.2458666921830531 -8.242947337931258e-05 -0.02227347279381631
0.2473456990391787 -8.341042034997571e-05 -0.02253853691187394
0.2488336028355976 -8.440287459062519e-05 -0.02280671043794382
0.250330457091701 -8.540696705864047e-05 -0.02307802875834482
0.2518363156488252 -8.642283011814105e-05 -0.02335252763951452
0.2533512326721881 -8.745059757949083e-05 -0.0236302432386838
0.2548752626528374 -8.849040463463362e-05 -0.02391121208640367
0.2564084604096108 -8.954238788525605e-05 -0.02419547109415526
0.2579508810911079 -9.06066854334336e-05 -0.02448305757884348
0.2595025801776736 -9.168343682111186e-05 -0.02477400924644415
0.261063613483394 -9.277278301778612e-05 -0.02506836418867481
0.2626340371581039 -9.387486650974814e-05 -0.02536616090711036
0.2642139076894062 -9.498983130694542e-05 -0.02566743831503651
0.2658032819047042 -9.611782287887112e-05 -0.02597223572012641
0.2674022169732455 -9.725898820422148e-05 -0.02628059283785873
0.2690107704081783 -9.84134758583002e-05 -0.02659254981513541
0.2706290000686201 -9.95814359278435e-05 -0.02690814720726633
0.2722569641617388 -0.0001007630200231382 -0.02722742598124378
0.2738947212448469 -0.0001019583813861207 -0.02755042754495208
0.2755423302275071 -0.0001031676748367902 -0.02787719373268785
0.2771998503736515 -0.0001043910567460077 -0.02820776679781001
0.2788673413037137 -0.0001056286851242994 -0.02854218943673533
0.2805448629967726 -0.0001068807196408919 -0.02888050479408227
0.2822324757927104 -0.0001081473215555426 -0.0292227564442505
0.283930240394383 -0.000109428653764759 -0.02956898840391002
0.285638217869803 -0.0001107248808922401 -0.02991924515643955
0.2873564696543368 -0.0001120361692079249 -0.03027357163005238
0.2890850575529139 -0.0001133626866292034 -0.03063201319812367
0.2908240437422505 -0.0001147046028310222 -0.03099461570894224
0.2925734907730859 -0.0001160620892112327 -0.0313614254763474
0.294333461572432 -0.0001174353188441975 -0.03173248926719262
0.2961040194458372 -0.0001188244665612005 -0.03210785432307352
0.2978852280796634 -0.0001202297089989743 -0.03248756837344043
0.2996771515433765 -0.0001216512245158487 -0.03287167961294081
0.3014798542918515 -0.0001230891932234023 -0.03326023670997175
0.3032934011676903 -0.000124543797097289 -0.03365328883662679
0.3051178574035545 -0.0001260152198985207 -0.03405088564742554
0.3069532886245115 -0.0001275036471570296 -0.03445307727487191
0.3087997608503953 -0.0001290092662815153 -0.03485991435913621
0.3106573404981812 -0.0001305322665500031 -0.03527144804550393
0.3125260943843745 -0.0001320728390428041 -0.03568772996626065
0.3144060897274139 -0.0001336311767101196 -0.03610881225895964
0.3162973941500897 -0.0001352074744507748 -0.03653474758769666
0.3182000756819758 -0.0001368019290162801 -0.03696558911718617
0.3201142027618771 -0.0001384147390260692 -0.03740139051687882
0.3220398442402905 -0.0001400461050907995 -0.03784220599427875
0.3239770693818822 -0.0001416962297460584 -0.03828809027703019
0.3259259478679787 -0.0001433653174148214 -0.03873909860277327
0.3278865497990735 -0.0001450535745104874 -0.03919528674698531
0.3298589456973481 -0.0001467612094581236 -0.03965671102872154
0.3318432065092091 -0.0001484884326071676 -0.04012342828702609
0.3338394036078401 -0.0001502354562823392 -0.04059549589468902
0.3358476087957689 -0.0001520024948896535 -0.04107297178689234
0.3378678943074497 -0.0001537897648149091 -0.04155591443378034
0.3399003328118625 -0.0001555974844201147 -0.04204438283949382
0.3419449974151257 -0.0001574258741705174 -0.04253843657649498
0.3440019616631268 -0.000159275156590219 -0.0430381357735742
0.3460712995441669 -0.0001611455562012062 -0.04354354109937535
0.3481530854916227 -0.0001630372996133184 -0.04405471378670611
0.3502473943866234 -0.0001649506155786886 -0.04457171564724867
0.3523543015607447 -0.0001668857348867298 -0.04509460904318369
0.3544738827987177 -0.0001688428903956973 -0.04562345689571885
0.3566062143411555 -0.0001708223171584471 -0.0461583227190704
0.3587513728872951 -0.0001728242523251383 -0.04669927059417199
0.3609094355977566 -0.0001748489351176747 -0.04724636516176855
0.3630804800973185 -0.0001768966069517323 -0.0477996716553897
0.3652645844777097 -0.0001789675114216317 -0.04835925589726202
0.3674618273004187 -0.0001810618942154442 -0.04892518427536963
0.369672287599519 -0.0001831800031864124 -0.04949752376275302
0.3718960448845125 -0.0001853220884390656 -0.05007634194077842
0.374133179143189 -0.000187488402211703 -0.05066170696738329
0.3763837708445035 -0.0001896791988868499 -0.05125368757990185
0.3786479009414707 -0.0001918947351255812 -0.05185235313136081
0.3809256508740766 -0.0001941352697858773 -0.05245777356841811
0.3832171025722083 -0.0001964010638719752 -0.05307001941767715
0.3855223384586003 -0.0001986923806431603 -0.05368916181508344
0.3878414414518001 -0.000201009485631879 -0.05431527251081904
0.3901744949691499 -0.0002033526465367369 -0.05494842384038928
0.3925215829297878 -0.0002057221332712253 -0.05558868873778922
0.3948827897576659 -0.0002081182180750277 -0.0562361407655801
0.3972582003845871 -0.0002105411753923386 -0.05689085408200954
0.3996479002532602 -0.0002129912818591022 -0.05755290343756334
0.402051975320373 -0.0002154688164342236 -0.05822236421042029
0.4044705120596843 -0.0002179740603428077 -0.05889931239111467
0.4069035974651345 -0.0002205072969992547 -0.0595838245617557
0.4093513190539743 -0.0002230688120954604 -0.06027597791986034
0.4118137648699132 -0.0002256588936515428 -0.06097585029206021
0.4142910234862858 -0.0002282778318912149 -0.06168352010042588
0.4167831840092382 -0.0002309259192655316 -0.06239906636888347
0.4192903360809331 -0.0002336034505774056 -0.06312256875686044
0.4218125698827739 -0.0002363107228669398 -0.06385410752830099
0.4243499761386489 -0.0002390480353730175 -0.06459376354128719
0.4269026461181943 -0.0002418156896503437 -0.0653416182796651
0.429470671640077 -0.0002446139895427265 -0.06609775384582499
0.4320541450752978 -0.0002474432410814167 -0.06686225293323143
0.4346531593505136 -0.0002503037525469301 -0.06763519884312853
0.43726780795138 -0.0002531958345460843 -0.06841667550535618
0.4398981849259138 -0.0002561197998771114 -0.06920676744190177
0.4425443848878763 -0.0002590759635274831 -0.07000555976631262
0.4452065030201759 -0.0002620646427962096 -0.07081313821674258
0.4478846350782926 -0.0002650861571972247 -0.0716295891298455
0.4505788773937215 -0.0002681408283939628 -0.07245499942309719
0.4532893268774382 -0.0002712289802925209 -0.07328945661996884
0.4560160810233846 -0.0002743509390445159 -0.07413304885069912
0.458759237911976 -0.0002775070329252137 -0.07498586481936327
0.4615188962136283 -0.0002806975923654381 -0.07584799381249505
0.464295155192308 -0.00028392295004238 -0.07671952572362482
0.4670881147091019 -0.0002871834407444193 -0.07760055101675242
0.4698978752258099 -0.0002904794013423475 -0.0784911607185714
0.4727245378085577 -0.0002938111708944468 -0.07939144644686252
0.4755682041314329 -0.0002971790905740141 -0.08030150039091002
0.4784289764801414 -0.0003005835035787577 -0.08122141528701929
0.4813069577556875 -0.0003040247551923841 -0.08215128443515848
0.4842022514780743 -0.0003075031928096265 -0.08309120170572157
0.487114961790028 -0.0003110191658017104 -0.08404126150317537
0.4900451934607434 -0.0003145730255175832 -0.08500155876639189
0.4929930518896525 -0.0003181651253702128 -0.08597218899196719
0.4959586431102161 -0.0003217958207120074 -0.0869532482005584
0.4989420737937372 -0.000325465468779614 -0.08794483292196739
0.5019434512531983 -0.0003291744287686692 -0.08894704021533958
0.504962883447121 -0.0003329230617843251 -0.0899599676557952
0.5080004789834501 -0.0003367117307310608 -0.09098371330465525
0.5110563471234592 -0.0003405408003379552 -0.09201837571627021
0.5141305977856812 -0.0003444106371908657 -0.09306405394671539
0.5172233415498623 -0.0003483216095952034 -0.09412084751671101
0.520334689660939 -0.0003522740875478446 -0.09518885640403224
0.52346475403304 -0.0003562684427985571 -0.09626818106010739
0.5266136472535116 -0.0003603050487429553 -0.09735892238109309
0.5297814825869668 -0.0003643842803439688 -0.09846118168665421
0.5329683739793606 -0.0003685065141661717 -0.09957506072923986
0.5361744360620875 -0.0003726721283391769 -0.1007006616841921
0.5393997841561053 -0.0003768815024371959 -0.1018380871172018
0.5426445342760833 -0.0003811350174669722 -0.1029874399810475
0.5459088031345746 -0.0003854330558850739 -0.1041488236202689
0.5491927081462149 -0.0003897760014684476 -0.1053223417361881
0.5524963674319456 -0.0003941642392600848 -0.1065080983722283
0.5558198998232626 -0.0003985981555876132 -0.1077061979189379
0.5591634248664905 -0.0004030781379712515 -0.1089167450891178
0.5625270628270829 -0.0004076045750300036 -0.1101398448924745
0.565910934693948 -0.0004121778564695733 -0.1113756026323545
0.5693151621838011 -0.0004167983730385555 -0.1126241238939065
0.5727398677455418 -0.0004214665164098738 -0.1138855145120442
0.5761851745646592 -0.0004261826791343668 -0.1151598805589049
0.5796512065676627 -0.0004309472546168588 -0.1164473283373836
0.5831380884265391 -0.000435760637001204 -0.1177479643500705
0.5866459455632378 -0.0004406232210960646 -0.119061895279195
0.5901749041541815 -0.0004455354023371068 -0.1203892279764109
0.5937250911348052 -0.0004504975766953645 -0.121730069438035
0.5972966342041217 -0.0004555101405812691 -0.1230845267791149
0.6008896618293151 -0.000460573490785412 -0.1244527072174222
0.6045043032503616 -0.0004656880243981628 -0.125834718051732
0.6081406884846782 -0.0004708541387055431 -0.1272306666336874
0.6117989483317994 -0.0004760722311149917 -0.1286406603477397
0.6154792143780822 -0.0004813426990654028 -0.1300648065868399
0.619181619001439 -0.0004866659399224876 -0.1315032127241642
0.6229062953760992 -0.0004920423508969563 -0.1329559860910053
0.6266533774773996 -0.0004974723289428338 -0.1344232339492965
0.6304230000866031 -0.0005029562706380858 -0.1359050634593553
0.6342152987957473 -0.0005084945721037321 -0.1374015816580266
0.6380304100125211 -0.0005140876289025202 -0.138912895431303
0.6418684709651717 -0.0005197358358859487 -0.140439111472989
0.6457296197074404 -0.0005254395871141226 -0.1419803362630446
0.6496139951235281 -0.0005311992757640261 -0.1435366760427996
0.6535217369330918 -0.000537015293952976 -0.1451082367672483
0.6574529856962692 -0.0005428880326265632 -0.1466951240747701
0.6614078828187353 -0.0005488178814881466 -0.1482974432680778
0.6653865705567885 -0.0005548052288324753 -0.1499152992692603
0.6693891920224675 -0.0005608504613581986 -0.1515487965691203
0.673415891188699 -0.0005669539641200737 -0.1531980392142605
0.6774668128944764 -0.0005731161203964241 -0.1548631307712688
0.6815421028500694 -0.0005793373114301183 -0.156544174256728
0.6856419076422656 -0.0005856179163642366 -0.1582412721198316
0.6897663747396426 -0.000591958312152949 -0.1599545262183026
0.693915652497873 -0.0005983588732929205 -0.1616840377458152
0.6980898901650602 -0.0006048199716591287 -0.163429907187631
0.702289237887107 -0.000611341976472414 -0.1651922343118306
0.7065138467131162 -0.0006179252540792938 -0.1669711181098166
0.7107638686008243 -0.0006245701676446288 -0.1687666567132683
0.7150394564220665 -0.0006312770771510468 -0.1705789473939859
0.7193407639682761 -0.00063804633925186 -0.172408086524147
0.7236679459560159 -0.0006448783068798842 -0.1742541694706047
0.728021158032544 -0.0006517733291732484 -0.17611729057484
0.7324005567814114 -0.0006587317514171516 -0.1779975431372245
0.736806299728095 -0.0006657539146829147 -0.1798950193194874
0.7412385453456634 -0.0006728401555568694 -0.1818098100714573
0.7456974530604773 -0.0006799908061739802 -0.1837420051401483
0.7501831832579239 -0.0006872061939606567 -0.1856916930002639
0.754695897288186 -0.0006944866411567889 -0.1876589607250456
0.7592357574720454 -0.000701832464861646 -0.1896438939986745
0.7638029271067222 -0.0007092439768980914 -0.1916465770795813
0.7683975704717476 -0.0007167214832769302 -0.1936670926557059
0.7730198528348741 -0.0007242652840605197 -0.1957055218076435
0.7776699404580188 -0.0007318756733735972 -0.1977619440115699
0.7823480006032453 -0.0007395529389646074 -0.1998364370207074
0.7870542015387785 -0.0007472973617560326 -0.2019290767438178
0.7917887125450584 -0.0007551092159694921 -0.2040399372790061
0.7965517039208285 -0.0007629887688564826 -0.2061690908409634
0.8013433469892614 -0.0007709362800115831 -0.2083166075753856
0.8061638141041211 -0.0007789520014347352 -0.210482555575803
0.8110132786559631 -0.0007870361774472201 -0.2126670008608762
0.8158919150783704 -0.0007951890440158155 -0.2148700071917744
0.8207998988542287 -0.000803410828475742 -0.2170916359973122
0.8257374065220374 -0.0008117017496547346 -0.2193319464074757
0.8307046156822607 -0.0008200620173852426 -0.2215909951216123
0.8357017050037151 -0.0008284918317997366 -0.223868836218014
0.8407288542299962 -0.000836991383558317 -0.2261655212154203
0.8457862441859444 -0.000845560853601764 -0.2284810990062891
0.8508740567841485 -0.0008542004122402914 -0.2308156156105662
0.8559924750314897 -0.0008629102191647593 -0.2331691141787157
0.8611416830357236 -0.0008716904234701733 -0.2355416349980694
0.8663218660121029 -0.0008805411628630443 -0.237933215278646
0.8715332102900397 -0.0008894625631435123 -0.2403438890132135
0.8767759033198074 -0.0008984547384878729 -0.2427736870536328
0.882050133679283 -0.0009075177909512082 -0.2452226369764609
0.8873560910807308 -0.0009166518094369392 -0.2476907628045121
0.8926939663776258 -0.0009258568700178016 -0.2501780850935895
0.8980639515715189 -0.0009351330357602026 -0.2526846208850234
0.9034662398189428 -0.0009444803555877394 -0.2552103833985807
0.9089010254383604 -0.000953898864146762 -0.2577553819961377
0.9143685039171535 -0.000963388582002196 -0.2603196222345942
0.9198688719186553 -0.0009729495147703232 -0.2629031056315393
0.9254023272892237 -0.000982581652253448 -0.2655058294314287
0.9309690690653579 -0.0009922849689068566 -0.2681277867317615
0.9365692974808579 -0.001002059423381702 -0.2707689663595632
0.9422032139740265 -0.001011904957156532 -0.2734293525016068
0.9478710211949153 -0.001021821494853512 -0.2761089247898603
0.9535729230126136 -0.001031808944211537 -0.2788076582942215
0.9593091245225821 -0.001041867194780472 -0.2815255231696847
0.9650798320540293 -0.001051996117496161 -0.2842624845415037
0.9708852531773335 -0.001062195565113906 -0.287018502622323
0.9767255967115094 -0.00107246537133148 -0.2897935324752046
0.9826010727317186 -0.001082805349480333 -0.2925875236599756
0.9885118925768263 -0.001093215293175703 -0.2954004204088974
0.9944582688570029 -0.001103694975960459 -0.2982321615304253
1.000440415461372 -0.001114244149610159 -0.3010826799512162
1.006458547565703 -0.001124862544326641 -0.3039519027684389
1.012512881640152 -0.001135549868951641 -0.306839751307495
1.018603635457047 -0.0011463058095488 -0.3097461407388614
1.024731028098722 -0.001157130028542686 -0.3126709798454416
1.030895279965397 -0.001168022165451481 -0.3156141712205481
1.037096612783106 -0.00117898183607768 -0.3185756110492186
1.043335249611672 -0.001190008630690686 -0.3215551886171306
1.04961141485273 -0.001201102114804743 -0.3245527865208083
1.055925334257799 -0.001212261829011842 -0.3275682806224721
1.062277234936404 -0.001223487287017249 -0.3306015395192142
1.068667345364243 -0.001234777975542883 -0.3336524245168888
1.075095895391404 -0.001246133354878608 -0.3367207897790792
1.081563116250635 -0.001257552857445724 -0.3398064819389349
1.088069240565661 -0.001269035886364408 -0.3429093397120758
1.094614502359551 -0.001280581816508666 -0.3460291941816542
1.101199137063137 -0.001292189993844611 -0.3491658686195482
1.107823381523478 -0.001303859733129663 -0.3523191778646584
1.114487474012384 -0.001315590318672039 -0.3554889285281295
1.121191654234987 -0.001327381004470518 -0.3586749190311183
1.127936163338358 -0.001339231012080545 -0.3618769390281874
1.134721243920186 -0.001351139530037606 -0.365094769251495
1.141547140037501 -0.001363105714833301 -0.3683281817745403
1.148414097215454 -0.00137512868957574 -0.3715769396501871
1.155322362456149 -0.001387207541891881 -0.3748407963438489
1.162272184247527 -0.001399341325272251 -0.3781194960968495
1.169263812572304 -0.001411529058654892 -0.3814127738140001
1.176297498916961 -0.001423769723734901 -0.3847203543366026
1.183373496280794 -0.001436062265497877 -0.3880419525865947
1.19049205918501 -0.001448405592798877 -0.3913772737229905
1.197653443681885 -0.001460798576196842 -0.3947260125567152
1.204857907363973 -0.001473240046717797 -0.3980878532164071
1.212105709373372 -0.001485728797311318 -0.4014624695419719
1.219397110411042 -0.001498263581731336 -0.4048495247821636
1.22673237274619 -0.001510843111771016 -0.408248670847412
1.234111760225694 -0.001523466058774773 -0.4116595487183914
1.241535538283603 -0.001536131053595102 -0.4150817884343523
1.249003973950675 -0.001548836683662555 -0.4185150083013947
1.256517335863991 -0.001561581493065015 -0.4219588149138887
1.264075894276612 -0.001574363983683601 -0.425412803461409
1.271679921067302 -0.001587182613160457 -0.4288765571796078
1.279329689750306 -0.00160003579287759 -0.4323496468040705
1.287025475485191 -0.001612921889890587 -0.4358316310928296
1.294767555086741 -0.001625839226147639 -0.4393220566153372
1.302556207034913 -0.001638786075188893 -0.4428204568605875
1.310391711484858 -0.001651760663589878 -0.4463263526271474
1.318274350276994 -0.001664761171452547 -0.4498392521558446
1.326204406947145 -0.001677785729440595 -0.4533586503286718
1.334182166736741 -0.001690832418174887 -0.4568840285054247
1.342207916603075 -0.001703899270014417 -0.460414855004938
1.350281945229628 -0.001716984267342604 -0.4639505846420227
1.358404543036452 -0.001730085339734229 -0.4674906579619368
1.366576002190616 -0.001743200366273723 -0.471034501866815
1.374796616616712 -0.001756327175243438 -0.4745815295314363
1.383066682007434 -0.001769463540518756 -0.4781311394291364
1.391386495834208 -0.001782607182663179 -0.4816827156277167
1.399756357357896 -0.001795755770102834 -0.4852356281068079
1.408176567639557 -0.001808906916361883 -0.4887892320108446
1.416647429551278 -0.00182205817862844 -0.4923428672615585
1.425169247787069 -0.001835207060195018 -0.4958958592174162
1.433742328873819 -0.00184835100922841 -0.4994475183412272
1.442366981182327 -0.001861487415268295 -0.5029971392540222
1.45104351493839 -0.001874613611716876 -0.5065440014077861
1.459772242233963 -0.001887726876148547 -0.5100873691691316
1.468553477038385 -0.001900824426697065 -0.5136264908430699
1.477387535209671 -0.001913903422547179 -0.5171605988058542
1.486274734505876 -0.001926960965892412 -0.520688910033997
1.495215394596523 -0.001939994099619569 -0.5242106254785951
1.504209837074101 -0.001952999805025221 -0.5277249294482947
1.513258385465633 -0.001965975004838506 -0.5312309904260915
1.522361365244312 -0.001978916562609976 -0.5347279609041871
1.531519103841213 -0.001991821278870333 -0.5382149763460342
1.540731930657063 -0.002004685893473116 -0.5416911558193576
1.550000177074097 -0.002017507086684304 -0.5451556022905796
1.55932417646797 -0.002030281475892067 -0.548607401735754
1.568704264219756 -0.002043005615334621 -0.5520456230670282
1.578140777728008 -0.002055675998856808 -0.5554693188775062
1.587634056420891 -0.002068289058270487 -0.558877524998205
1.597184441768398 -0.002080841160392244 -0.5622692596976084
1.606792277294626 -0.002093328610452656 -0.5656435246028908
1.616457908590138 -0.002105747652228284 -0.5689993047355849
1.626181683324388 -0.00211809446429136 -0.5723355674981988
1.635963951258232 -0.002130365161909766 -0.5756512631876162
1.645805064256506 -0.002142555799011956 -0.5789453255260399
1.655705376300682 -0.002154662365550118 -0.5822166709484887
1.665665243501602 -0.002166680786474153 -0.5854641983255509
1.675685024112287 -0.00217860692519021 -0.5886867898979244
1.685765078540822 -0.002190436582762891 -0.591883311060844
1.695905769363321 -0.002202165494672778 -0.5950526094879222
1.70610746133697 -0.002213789334304749 -0.5981935160737375
1.716370521413142 -0.002225303713931147 -0.6013048451994992
1.726695318750602 -0.002236704181511763 -0.6043853938683614
1.737082224728785 -0.002247986221991172 -0.6074339420559798
1.747531612961148 -0.002259145260117661 -0.6104492534722226
1.758043859308618 -0.002270176658743607 -0.6134300751019093
1.768619341893104 -0.002281075717289555 -0.6163751367897872
1.779258441111101 -0.002291837675683459 -0.6192831523049633
1.789961539647373 -0.002302457714486635 -0.6221528193749361
1.800729022488719 -0.002312930951962433 -0.6249828188935173
1.811561276937818 -0.002323252447306541 -0.6277718157936987
1.822458692627162 -0.002333417202527641 -0.630518459555829
1.83342166153307 -0.002343420160222704 -0.6332213836064707
1.844450577989788 -0.002353256204337935 -0.6358792055240176
1.855545838703674 -0.002362920163673796 -0.6384905279857945
1.866707842767465 -0.002372406811305644 -0.6410539386115078
1.877936991674634 -0.002381710863043024 -0.6435680095469264
1.88923368933383 -0.002390826981523527 -0.6460312985700936
1.90059834208341 -0.002399749777274268 -0.6484423493781504
1.912031358706049 -0.002408473806705308 -0.650799691045136
1.923533150443451 -0.002416993574928467 -0.6531018387836629
1.935104131011135 -0.002425303538421899 -0.6553472946649207
1.946744716613318 -0.002433398104099424 -0.657534547367197
1.958455325957888 -0.00244127162990326 -0.6596620723360411
1.970236380271462 -0.002448918428674808 -0.6617283328301983
1.982088303314539 -0.00245633276873241 -0.6637317800777278
1.994011521396743 -0.002463508873052766 -0.6656708530548113
2.006006463392153 -0.002470440923162989 -0.6675439795374339
2.018073560754737 -0.002477123061055416 -0.6693495766187911
2.030213247533863 -0.002483549388643291 -0.6710860505622072
2.042425960389917 -0.002489713970276021 -0.6727517974807884
2.05471213861001 -0.002495610835893177 -0.6743452041896744
2.067072224123773 -0.002501233981560217 -0.6758646483507952
2.079506661519261 -0.002506577370542064 -0.6773084987629687
2.092015898058938 -0.002511634937112927 -0.6786751163913582
2.104600383695769 -0.002516400588172049 -0.67996285480407
2.117260571089404 -0.002520868203929451 -0.6811700603574505
2.129996915622458 -0.002525031641406983 -0.6822950731421111
2.142809875416892 -0.00252888473694101 -0.6833362276591879
2.155699911350493 -0.002532421307428152 -0.6842918531569548
2.16866748707345 -0.002535635153051313 -0.6851602743674314
2.181713069025031 -0.00253852006042254 -0.6859398123556216
2.194837126450363 -0.002541069804509366 -0.6866287850400372
2.208040131417308 -0.002543278151084729 -0.6872255078546951
2.221322558833443 -0.002545138860043286 -0.6877282946452271
2.234684886463145 -0.002546645687772995 -0.6881354583097115
2.248127594944775 -0.002547792389943099 -0.6884453115520208
2.261651167807962 -0.002548572724807927 -0.6886561677745496
2.275256091491004 -0.002548980455782618 -0.6887663417742087
2.288942855358358 -0.002549009354533604 -0.6887741505775099
2.302711951718243 -0.002548653204768805 -0.688677914464727
2.316563875840352 -0.002547905804749086 -0.6884759576485203
2.330499125973664 -0.00254676097029302 -0.6881666090858614
2.344518203364364 -0.002545212539505166 -0.6877482037556748
2.358621612273878 -0.002543254375365667 -0.6872190833585778
2.372809859997005 -0.002540880368358372 -0.6865775970270325
2.387083456880169 -0.002538084441627978 -0.6858221027188697
2.401442916339774 -0.002534860554728101 -0.6849509682300647
2.415888754880671 -0.00253120270552559 -0.6839625717093065
2.430421492114737 -0.00252710493485536 -0.6828553029157932
2.445041650779565 -0.002522561332442223 -0.6816275648193817
2.459749756757268 -0.002517566038174667 -0.6802777739447811
2.474546339093393 -0.002512113245655417 -0.6788043613309586
2.489431930015952 -0.002506197209805207 -0.6772057745857717
2.504407064954564 -0.002499812248945067 -0.6754804784486305
2.519472282559719 -0.002492952746897042 -0.6736269553581365
2.534628124722145 -0.002485613160349039 -0.6716437074421571
2.549875136592308 -0.002477788024077758 -0.6695292579291263
2.565213866600017 -0.002469471951310817 -0.6672821512458952
2.580644866474148 -0.002460659639325713 -0.6649009545306426
2.596168691262497 -0.002451345878502245 -0.6623842600789505
2.611785899351737 -0.002441525552004734 -0.6597306852579374
2.627497052487508 -0.002431193639107335 -0.6569388734047991
2.64330271579462 -0.002420345225724641 -0.6540074966723093
2.659203457797384 -0.002408975506772579 -0.6509352566667626
2.675199850440056 -0.002397079786703645 -0.6477208845926015
2.691292469107416 -0.002384653488434972 -0.6443631436648934
2.707481892645458 -0.002371692161270283 -0.6408608312499399
2.723768703382218 -0.002358191478899797 -0.6372127783248264
2.740153487148712 -0.002344147245056878 -0.6334178510059195
2.756636833300016 -0.002329555406220255 -0.6294749539811663
2.77321933473646 -0.002314412049895822 -0.6253830300458135
2.789901587924954 -0.002298713406666155 -0.6211410606562144
2.806684192920446 -0.002282455863086184 -0.6167480694143991
2.823567753387507 -0.002265635965509859 -0.612203123102088
2.840552876622036 -0.002248250417944154 -0.6075053311008171
2.857640173573115 -0.002230296091479024 -0.6026538479400287
2.874830258864976 -0.00221177003592322 -0.5976478764412168
2.892123750819116 -0.002192669474954949 -0.5924866664075712
2.909521271476531 -0.002172991810789817 -0.5871695158853175
2.927023446620097 -0.002152734640174205 -0.5816957754853241
2.944630905797074 -0.002131895752197199 -0.57606484779186
2.962344282341753 -0.002110473127772441 -0.5702761872225842
2.980164213398238 -0.002088464953733943 -0.5643293038374104
2.998091339943359 -0.002065869629431675 -0.5582237651207173
3.016126306809736 -0.002042685760947417 -0.5519591944183994
3.034269762708964 -0.002018912169682818 -0.5455352732584681
3.052522360254954 -0.001994547908069567 -0.5389517455961359
3.070884755987404 -0.001969592252001712 -0.5322084157689347
3.089357610395416 -0.001944044703297975 -0.5253051491620637
3.107941587941251 -0.001917905007799219 -0.5182418770985506
3.126637357084233 -0.001891173154082639 -0.5110185964918113
3.14544559030479 -0.001863849369110502 -0.5036353686698838
3.164366964128648 -0.001835934131902989 -0.4960923230700012
3.183402159151157 -0.001807428183848122 -0.4883896600244627
3.202551860061779 -0.001778332518781443 -0.4805276480800397
3.221816755668715 -0.001748648389358563 -0.4725066257199164
3.241197538923678 -0.00171837732604764 -0.4643270064956965
3.260694906946819 -0.001687521127852419 -0.4559892765206517
3.280309561051807 -0.001656081861238892 -0.4474939941796915
3.300042206771049 -0.001624061878471442 -0.4388417950840187
3.319893553881069 -0.001591463818605086 -0.4300333923392464
3.339864316428041 -0.001558290598398038 -0.4210695740898581
3.359955212753471 -0.001524545423746426 -0.4119512066090112
3.380166965520037 -0.001490231803775743 -0.4026792381062235
3.400500301737581 -0.001455353537032338 -0.3932546949961412
3.42095595278926 -0.001419914714425654 -0.3836786826935689
3.441534654457853 -0.001383919739494073 -0.3739523910895529
3.46223714695223 -0.001347373319074589 -0.3640770920302114
3.483064174933973 -0.001310280457561672 -0.3540541377654071
3.504016487544163 -0.001272646473302482 -0.3438849653789393
3.525094838430328 -0.001234477002428642 -0.3335710978239367
3.546299985773546 -0.001195777985032069 -0.3231141401873942
3.567632692315724 -0.001156555672835459 -0.3125157817628332
3.589093725387028 -0.001116816645634126 -0.3017778004930929
3.610683856933487 -0.001076567794839463 -0.2909020585235669
3.632403863544755 -0.001035816321958334 -0.2798905017913172
3.654254526482051 -0.0009945697574255368 -0.2687451651138393
3.676236631706256 -0.0009528359530667843 -0.2574681701524665
3.698350969906183 -0.0009106230705273031 -0.2460617222856326
3.720598336527025 -0.0008679395935588727 -0.2345281139289836
3.742979531798957 -0.0008247943381285232 -0.2228697272668734
3.765495360765927 -0.0007811964271699901 -0.2110890274298922
3.788146633314612 -0.0007371552939293123 -0.1991885633988886
3.810934164203546 -0.0006926807116621183 -0.1871709760295472
3.833858773092431 -0.000647782762650353 -0.1750389896803212
3.856921284571616 -0.0006024718318875313 -0.1627954105061094
3.880122528191761 -0.000556758628388938 -0.1504431322165377
3.903463338493672 -0.0005106541763634723 -0.137985133690482
3.926944555038322 -0.0004641697994784951 -0.1254244747242331
3.950567022437048 -0.0004173171278509526 -0.1127642979205853
3.974331590381932 -0.0003701081056091882 -0.1000078307321329
3.998239113676364 -0.000322554970357071 -0.08715837991222118
4.02229045226579 -0.0002746702505596414 -0.074219330808515
4.046486471268643 -0.0002264667784747803 -0.06119415085729752
4.070828041007458 -0.0001779576741937549 -0.04808638527102626
4.095316037040186 -0.0001291563341550798 -0.03489965393463502
4.119951340191675 -8.007643964361325e-05 -0.02163765370209584
4.144734836585366 -3.073195293991652e-05 -0.008304157355927806
4.169667417675155 1.886290168583663e-05 0.005096991528485946
4.194749980277468 6.869363776122811e-05 0.01856187852544238
4.219983426603512 0.0001187455007516653 0.03208651677549233
4.24536866429173 0.0001690034886873562 0.04566685255910663
4.270906606440451 0.0002194523596726126 0.05929876732578359
4.296598171640729 0.0002700766252768087 0.0729780759082036
4.322444284009386 0.0003208605646362841 0.08670053033273926
4.348445873222255 0.0003717882391670947 0.1004618237950244
4.374603874547618 0.0004228434911467416 0.1142575902767195
4.400919228879844 0.0004740099484608573 0.1280834058281257
4.42739288277324 0.0005252710441382824 0.1419347938468061
4.454025788476091 0.0005766100216277462 0.155807226503411
4.480818903964917 0.0006280099340452516 0.1696961245383118
4.50777319297893 0.0006794536631047472 0.1835968623769052
4.534889625054696 0.0007309239301528925 0.1975047711113439
4.562169175561013 0.0007824032972301349 0.2114151387872535
4.589612825733993 0.0008338741798654494 0.2253232138610306
4.617221562712357 0.0008853188628958982 0.2392242094744853
4.644996379572944 0.000936719506001631 0.2531133049504675
4.672938275366425 0.0009880581512159237 0.2669856478221728
4.701048255153248 0.00103931674060044 0.2808363586092196
4.729327330039782 0.001090477125597136 0.2946605333446494
4.757776517214689 0.001141521073871578 0.3084532454240776
4.786396839985513 0.001192430285208348 0.3222095499008301
4.815189327815487 0.001243186403600031 0.3359244867525388
4.844155016360561 0.001293771026130524 0.3495930832815222
4.873294947506656 0.001344165716574687 0.3632103577895814
4.902610169407141 0.001394352018791678 0.376771323197046
4.932101736520533 0.001444311467149248 0.3902709898595495
4.961770709648425 0.001494025600302068 0.4037043692911036
4.991618155973645 0.001543475974336858 0.4170664777160782
5.021645149098641 0.001592644173457006 0.4303523389563175
5.051852769084097 0.001641511825070686 0.4435569885081387
5.082242102487784 0.001690060613522937 0.4566754772529102
5.112814242403641 0.001738272289751955 0.4697028740663032
5.1435702885011 0.001786128686014642 0.482634269797318
5.174511347064628 0.001833611733190915 0.4954647819441255
5.205638531033534 0.001880703468516653 0.5081895567436049
5.23695296004199 0.001927386047871944 0.5208037724917818
5.26845576045931 0.001973641767320583 0.5333026453640696
5.300148065430462 0.002019453070944096 0.5456814315321207
5.332031014916829 0.002064802559489601 0.5579354295005864
5.364105755737212 0.002109673011994106 0.5700599859502717
5.39637344160908 0.002154047399622193 0.5820504994772513
5.42883523319007 0.002197908889277594 0.5939024215687617
5.461492298119737 0.00224124086080434 0.605611261251166
5.494345811061548 0.002284026930219638 0.6171725913677691
5.52739695374514 0.002326250949708127 0.6285820485772636
5.560646915008824 0.002367897018315245 0.6398353362432123
5.594096890842349 0.002408949510184241 0.6509282320640405
5.627748084429916 0.002449393078449327 0.661856589125015
5.661601706193463 0.002489212658133835 0.672616336681363
5.695658973836199 0.002528393490782058 0.6832034868141003
5.729921112386407 0.002566921141058794 0.6936141389154385
5.764389354241504 0.002604781491507491 0.7038444782723688
5.799064939212376 0.002641960758223443 0.7138907803017546
5.833949114567966 0.002678445520382548 0.7237494185293722
5.869043135080146 0.002714222712432413 0.7334168624798491
5.904348263068843 0.002749279629704169 0.7428896791930453
5.939865768447451 0.002783603959994454 0.7521645417579018
5.975596928768503 0.002817183786264081 0.7612382300416527
6.01154302926963 0.002850007580690486 0.7701076290827226
6.047705362919785 0.002882064227863445 0.7787697353584986
6.084085230465758 0.002913343045796285 0.7872216624628237
6.120683940478954 0.002943833770801127 0.7954606370190959
6.15750280940247 0.002973526568047039 0.8034840015332151
6.194543161598441 0.003002412064947082 0.8112892234151793
6.231806329395683 0.003030481337926264 0.8188738914036187
6.269293653137611 0.003057725909937075 0.8262357148944658
6.307006481230453 0.003084137780739 0.8333725321228542
6.344946170191752 0.003109709431161264 0.840282311314968
6.383114084699157 0.003134433806839635 0.8469631462935221
6.421511597639515 0.003158304335780562 0.853413261223811
6.460140090158249 0.003181314953327758 0.8596310173599916
6.499000951709037 0.003203460078478631 0.8656149066454887
6.538095580103793 0.003224734616782844 0.8713635524962192
6.577425381562945 0.003245133993024375 0.8768757186316952
6.616991770766014 0.003264654136350204 0.8821503050566082
6.656796170902505 0.003283291467987106 0.8871863447417536
6.696840013723089 0.003301042925602696 0.89198301020669
6.737124739591115 0.003317905970574042 0.8965396154838073
6.777651797534409 0.003333878562196727 0.9008556091492952
6.818422645297399 0.00334895916678471 0.9049305767820383
6.859438749393552 0.003363146783667521 0.9087642479883822
6.900701585158119 0.003376440916510772 0.9123564886525793
6.942212636801205 0.003388841567328849 0.915707299318942
6.983973397461158 0.003400349263570445 0.9188168225106917
7.025985369258271 0.003410965044843261 0.9216853391428084
7.068250063348816 0.003420690441336207 0.9243132626914389
7.110768999979402 0.003429527489016747 0.9267011433004101
7.153543708541653 0.003437478739112123 0.9288496703431731
7.196575727627224 0.003444547225862819 0.9307596637093883
7.239866605083138 0.003450736466408137 0.9324320737740039
7.28341789806747 0.003456050483166265 0.9338679874446322
7.327231173105349 0.003460493774891295 0.9350686203407935
7.37130800614531 0.003464071302180818 0.9360353128778867
7.41564998261598 0.003466788505315191 0.936769535087584
7.460258697483103 0.003468651294067221 0.9372728838642774
7.505135755306914 0.00346966601958101 0.937547075366394
7.550282770299852 0.003469839479314143 0.9375939463518362
7.59570136638462 0.003469178926015221 0.9374154566038224
7.641393177252606 0.003467692033641265 0.9370136797213444
7.687359846422636 0.003465386889130772 0.9363908008961452
7.733603027300095 0.003462272006949936 0.9355491208432891
7.780124383236402 0.003458356303674586 0.9344910489328837
7.826925587588838 0.003453649077368735 0.9332190976179064
7.874008323780734 0.003448160014775817 0.9317358843773668
7.921374285362025 0.003441899183473001 0.9300441295963038
7.969025176070168 0.003434877001655357 0.9281466484010912
8.016962709891423 0.00342710423413526 0.9260463495784252
8.065188611122505 0.003418591997142625 0.9237462368724091
8.113704614432605 0.003409351727276467 0.9212494005948765
8.162512464925786 0.003399395167717528 0.9185590138998705
8.211613918203758 0.003388734372919 0.9156783340511374
8.26101074042902 0.003377381688122158 0.912610696886993
8.310704708388393 0.003365349726669816 0.9093595106901362
8.360697609556926 0.00335265136766295 0.9059282555544397
8.410991242162195 0.003339299748141135 0.9023204812720049
8.461587415248985 0.003325308235653146 0.8985397999213973
8.512487948744354 0.003310690418435191 0.894589883213682
8.563694673523104 0.003295460103239912 0.8904744619057932
8.615209431473632 0.003279631290690297 0.8861973191408515
8.667034075564182 0.003263218159552955 0.8817622861986093
8.719170469909495 0.003246235062281094 0.877173241291106
8.771620489837867 0.003228696508513739 0.8724341051039505
8.824386021958594 0.003210617145011962 0.8675488353748415
8.877468964229841 0.003192011746939 0.8625214245373455
8.930871226026907 0.003172895207403958 0.8573558968954749
8.984594728210904 0.003153282516796117 0.8520563030395603
9.038641403197854 0.00313318875100694 0.846626716663689
9.09301319502819 0.003112629061905802 0.8410712319921293
9.147712059436689 0.003091618659744869 0.8353939590249081
9.202739963922818 0.003070172799657337 0.8295990198894659
9.258098887821502 0.003048306770938824 0.8236905459443584
9.313790822374321 0.003026035882271703 0.8176726737866826
9.369817770801134 0.003003375448244323 0.8115495416094052
9.426181748372137 0.002980340778359335 0.8053252862312728
9.482884782480346 0.00295694716248329 0.7990040391651128
9.539928912714528 0.002933209858720322 0.7925899233411517
9.597316190932558 0.002909144083454819 0.7860870504164195
9.655048681335227 0.002884764996593915 0.7794995167870866
9.713128460540494 0.002860087689333018 0.7728314002825575
9.771557617658175 0.002835127176479377 0.7660867580912027
9.830338254365088 0.002809898383476882 0.7592696232542969
9.889472484980656 0.002784416131408572 0.7523840006135109
9.948962436542953 0.002758695131762894 0.7454338653966875
10.00881024888521 0.002732749977006011 0.738423160670363
10.06901807471279 0.002706595123271912 0.731355792662418
10.12958807968063 0.002680244885326658 0.7242356294013544
10.1905224424711 0.002653713431527801 0.7170664993542669
10.25182335487242 0.002627014767503743 0.7098521870168022
10.31349302185747 0.002600162726524518 0.7025964303112241
10.3755336616631 0.002573170969792314 0.6953029206649166
10.43794750586993 0.002546052975034528 0.6879752999280848
10.50073679948262 0.002518822019938574 0.6806171558976317
10.56390380101059 0.002491491185727001 0.6732320232832026
10.62745078254932 0.002464073351968916 0.6658233823051644
10.69138002986203 0.002436581177757641 0.6583946536085745
10.7556938424619 0.002409027101904374 0.6509491983155103
10.82039453369479 0.002381423344690453 0.6434903184985531
10.88548443082247 0.002353781893205255 0.6360212532189043
10.95096587510631 0.002326114492229666 0.6285451760629869
11.01684122189147 0.002298432652447399 0.6210651973612444
11.08311284069168 0.002270747643222397 0.6135843622365061
11.14978311527443 0.002243070475397455 0.6061056459559596
11.21685444374672 0.002215411910946041 0.5986319565391934
11.28432923864131 0.002187782463378717 0.5911661348680166
11.35220992700354 0.002160192380808583 0.583710950110531
11.42049895047856 0.002132651647872841 0.576269100240361
11.48919876539923 0.002105169994306149 0.568843214353282
11.55831184287442 0.002077756884562899 0.5614358498630287
11.62784066887791 0.002050421508256386 0.5540494899178414
11.69778774433782 0.002023172794352231 0.5466865472357035
11.76815558522656 0.001996019409110973 0.5393493635484067
11.83894672265132 0.001968969740290875 0.5320402053329497
11.91016370294514 0.001942031909175809 0.5247612670616246
11.98180908775847 0.001915213776640179 0.5175146728408343
12.05388545415131 0.001888522930423007 0.5103024729723913
12.12639539468595 0.001861966686417975 0.5031266443021031
12.19934151752018 0.001835552102511943 0.4959890939591132
12.27272644650111 0.001809285973495373 0.4888916579806339
12.34655282125957 0.00178317482143559 0.4818360987106807
12.42082329730504 0.001757224912751259 0.4748241094138095
12.49554054612116 0.001731442260926878 0.4678573150086069
12.57070725526186 0.001705832614012267 0.4609372686898956
12.64632612844798 0.00168040146624223 0.4540654550685118
12.72239988566455 0.001655154067641733 0.4472432927667456
12.79893126325863 0.001630095416369632 0.4404721323495184
12.87592301403773 0.001605230264388837 0.4337532578565346
12.95337790736882 0.001580563123244843 0.4270878883637111
13.03129872927796 0.001556098262681379 0.4204771776091089
13.10968828255048 0.001531839720054724 0.4139222165367985
13.18854938683184 0.001507791303892903 0.4074240342585998
13.26788487872902 0.001483956598657602 0.4009835993408105
13.34769761191256 0.001460338961309944 0.3946018188762357
13.42799045721921 0.00143694152834422 0.3882795403847906
13.50876630275517 0.001413767228584848 0.3820175552713971
13.59002805400002 0.001390818780511725 0.3758165981032623
13.67177863391118 0.001368098690857082 0.3696773462307306
13.7540209830291 0.001345609270978453 0.3636004242114634
13.83675805958297 0.001323352639898133 0.3575864046317393
13.91999283959716 0.001301330718257533 0.3516358064728463
14.00372831699829 0.001279545242021397 0.3457490988141306
14.08796750372286 0.001257997770821892 0.3399267030876746
14.17271342982564 0.001236689683902064 0.334168991982169
14.25796914358864 0.001215622185768131 0.328476290970231
14.34373771163077 0.001194796319071779 0.3228488817893632
14.43002221901811 0.001174212965125692 0.3172870025812555
14.51682576937491 0.001153872842358553 0.3117908474743074
14.60415148499523 0.001133776520358749 0.3063605703784119
14.69200250695523 0.001113924424650615 0.3009962862755568
14.78038199522615 0.001094316833384656 0.2956980703254813
14.86929312878798 0.001074953887208566 0.2904659605329479
14.95873910574384 0.001055835597909138 0.2852999600828953
15.04872314343496 0.001036961847484333 0.2802000370896995
15.13924847855642 0.001018332391458577 0.2751661254930084
15.2303183672736 0.0009999468700683906 0.270198128080238
15.3219360853393 0.0009818048106616669 0.2652959171348885
15.41410492821153 0.0009639056267229268 0.2604593341731551
15.50682821117208 0.0009462486284213207 0.2556881927941301
15.60010926944577 0.000928833027766527 0.2509822800729908
15.69395145832038 0.0009116579375971463 0.2463413562876515
15.7883581532674 0.0008947223779496006 0.2417651566397191
15.88333275006339 0.0008780252836238781 0.237253393298852
15.97887866491215 0.0008615655051260159 0.2328057556574306
16.07499933456759 0.0008453418106061594 0.2284219108542452
16.17169821645737 0.0008293528943574148 0.224101506070992
16.26897878880723 0.0008135973797661189 0.2198441693294731
16.36684455076612 0.0007980738192769768 0.2156495094821757
16.46529902253208 0.0007827807013591118 0.2115171180945864
16.56434574547881 0.0007677164550642589 0.2074465706768716
16.66398828228309 0.0007528794505032453 0.2034374268126285
16.76423021705294 0.0007382680026702339 0.1994892311922434
16.86507515545651 0.0007238803771460012 0.1956015151539891
16.96652672485178 0.0007097147917824947 0.1917737971392124
17.06858857441703 0.0006957694180875691 0.1880055830665082
17.17126437528214 0.0006820423868594864 0.1842963678542307
17.27455782066058 0.000668531790837043 0.1806456361365917
17.37847262598229 0.0006552356854521821 0.1770528624670254
17.48301252902732 0.0006421520929518964 0.173517512431978
17.58818129006027 0.0006292790057868241 0.1700390435665488
17.69398269196554 0.0006166143877697281 0.1666169056675256
17.80042054038342 0.000604156176389514 0.1632505414186615
17.90749866384694 0.0005919022864731943 0.1599393873801831
18.01522091391964 0.0005798506118374594 0.1566828744350653
18.12359116533404 0.0005679990265902665 0.1534804281407378
18.23261331613107 0.0005563453883400514 0.1503314695962533
18.34229128780023 0.0005448875401276933 0.147235415964329
18.45262902542071 0.0005336233115915165 0.1441916807861441
18.56363049780323 0.0005225505212513079 0.1411996745985107
18.67529969763284 0.0005116669785586509 0.1382588054878987
18.78764064161249 0.0005009704851436037 0.1353684794273045
18.90065737060757 0.0004904588364184514 0.1325281007096043
19.0143539497912 0.0004801298234576728 0.1297370724555451
19.12873446879051 0.0004699812342257039 0.1269947969455016
19.24380304183367 0.0004600108549324622 0.1243006759857554
19.35956380789796 0.0004502164715588069 0.1216541113206938
19.47602093085858 0.0004405958709505109 0.1190545049284148
19.59317859963845 0.0004311468420515665 0.1165012593539812
19.71104102835891 0.0004218671772252955 0.1139937780664014
19.82961245649123 0.0004127546731019092 0.1115314656876507
19.94889714900919 0.0004038071315824213 0.1091137282639409
20.06889939654243 0.0003950223611997071 0.1067399736334956
20.18962351553079 0.0003863981777058565 0.1044096115852605
20.31107384837959 0.0003779324047654121 0.1021220540462245
20.4332547636158 0.0003696228752980983 0.09987671544424236
20.55617065604522 0.0003614674320838947 0.09767301287153286
20.67982594691049 0.0003534639280759259 0.09551036616922563
20.80422508405019 0.0003456102274712648 0.09338819821670537
20.92937254205879 0.0003379042066739 0.09130593519181794
21.05527282244758 0.0003303437542297784 0.08926300655331776
21.18193045380665 0.00032292677146478 0.0872588452132569
21.30934999196772 0.0003156511737884579 0.08529288788927153
21.43753602016806 0.0003085148905285812 0.0833645750598738
21.5664931492153 0.0003015158651145587 0.08147335101401468
21.69622601765332 0.0002946520562966357 0.07961866418052661
21.82673929192908 0.0002879214384104423 0.07779996719960761
21.95803766656046 0.0002813220010633976 0.07601671683808353
22.09012586430514 0.0002748517499330702 0.07426837420513552
22.22300863633048 0.000268508707691693 0.07255440500211499
22.35669076238438 0.0002622909133574536 0.07087427934725443
22.49117705096725 0.0002561964225723275 0.06922747185074145
22.62647233950495 0.0002502233088594094 0.06761346195446517
22.76258149452277 0.0002443696631561589 0.06603173380589361
22.89950941182054 0.0002386335935640161 0.06448177619041652
23.03726101664865 0.0002330132263723422 0.06296308280802712
23.17584126388527 0.0002275067063223896 0.06147515234464987
23.31525513821456 0.0002221121958518857 0.06001748826801776
23.45550765430593 0.0002168278755968373 0.05858959896326611
23.59660385699449 0.0002116519453878629 0.05719099800215385
23.73854882146243 0.0002065826233162675 0.05582120389070547
23.88134765342164 0.0002016181456968143 0.05447974005915137
24.02500548929732 0.0001967567682211844 0.05316613517360701
24.16952749641275 0.0001919967655096277 0.05187992301492349
24.31491887317515 0.0001873364305153394 0.05062064231774265
24.46118484926266 0.0001827740753068481 0.04938783698190801
24.60833068581249 0.0001783080314935949 0.04818105618746157
24.7563616756101 0.0001739366492017924 0.04699985411790828
24.90528314327963 0.0001696582973003867 0.04584379002127353
25.05510044547539 0.0001654713644482334 0.04471242849306344
25.20581897107455 0.0001613742581187869 0.04360533921272356
25.357444141371 0.0001573654042931187 0.04252209686068863
25.5099814102703 0.0001534432484518482 0.0414622813864147
25.66343626448592 0.0001496062553173092 0.04042547793870928
25.81781422373652 0.0001458529080053812 0.0394112766365455
25.97312084094457 0.0001421817085544365 0.03841927271199037
26.12936170243603 0.0001385911785416437 0.03744906667673754
26.28654242814131 0.0001350798579416139 0.03650026401369932
26.44466867179741 0.0001316463051160027 0.03557247517419697
26.6037461211513 0.0001282890978305726 0.03466531585278371
26.76378049816449 0.0001250068324172209 0.03377840676081419
26.92477755921884 0.0001217981232369177 0.03291137348132354
27.08674309532363 0.000118661603469427 0.03206384668242002
27.24968293232387 0.0001155959251107203 0.03123546211658606
27.41360293110984 0.0001125997579630576 0.03042586034778546
27.57850898782788 0.0001096717899221014 0.0296346868290454
27.74440703409252 0.0001068107277334553 0.02886159210688235
27.91130303719981 0.0001040152958666231 0.02810623151703198
28.07920300034196 0.00010128423630292 0.02736826512713996
28.24811296282329 9.861630944568279e-05 0.02664735798271218
28.41803900027744 9.601029351784241e-05 0.0259431799443314
28.58898722488593 9.346498384339464e-05 0.02525540549350156
28.76096378559799 9.097919341716866e-05 0.02458371388660639
28.93397486835177 8.855175314451309e-05 0.02392778921967557
29.1080266962968 8.618151075969418e-05 0.02328732013612246
29.28312553001787 8.386733090221749e-05 0.02266199984736709
29.4592776677602 8.160809592070853e-05 0.02205152635005481
29.63648944565603 7.940270487668517e-05 0.02145560215686316
29.81476723795246 7.725007315810954e-05 0.02087393419207869
29.99411745724076 7.51491332302723e-05 0.02030623399449536
30.17454655468706 7.309883430274383e-05 0.01975221762742056
30.35606102026435 7.109814148487463e-05 0.01921160545048073
30.53866738298595 6.914603613834689e-05 0.01868412221488528
30.72237221114033 6.72415163070059e-05 0.01816949717957232
30.90718211252742 6.538359564505927e-05 0.01766746382159477
31.09310373469621 6.357130331893478e-05 0.01717775980960108
31.28014376518396 6.180368476792458e-05 0.01670012720937084
31.46830893175665 6.007980091857084e-05 0.01623431227153192
31.65760600265105 5.8398727652437e-05 0.01578006528774564
31.84804178681812 5.675955637249262e-05 0.01533714074375105
32.03962313416796 5.516139392527444e-05 0.01490529729833185
32.23235693581619 5.360336169222716e-05 0.01448429753778531
32.42625012433181 5.208459574695486e-05 0.01407390801841362
32.62130967398656 5.060424739452611e-05 0.01367389941225082
32.81754260100581 4.916148218981903e-05 0.01328404624180739
33.01495596382091 4.775547969733044e-05 0.01290412681516767
33.21355686332307 4.638543414338027e-05 0.01253392340222366
33.4133524431188 4.505055387565701e-05 0.01217322208863747
33.61434988978685 4.375006072533773e-05 0.01182181260347812
33.81655643313671 4.248319038645415e-05 0.01147948842173103
34.01997934646867 4.12491925465522e-05 0.01114604679960389
34.22462594683541 4.004732997625072e-05 0.01082128852851399
34.43050359530524 3.88768785269182e-05 0.01050501793446051
34.63761969722685 3.773712769165033e-05 0.01019704302960761
34.84598170249565 3.662737978199775e-05 0.009897175289826024
35.0555971058218 3.554694957308041e-05 0.009605229558798495
35.26647344699975 3.449516481455299e-05 0.009321024186089046
35.47861831117944 3.347136592917142e-05 0.009044380945691866
35.69203932913916 3.247490531633575e-05 0.00877512484783992
35.90674417756002 3.150514756063371e-05 0.008513084195355991
36.12274057930207 3.056146970554302e-05 0.00825809065761049
36.34003630368208 2.964326040018723e-05 0.008009979039964223
36.55863916675303 2.874991977554686e-05 0.007768587250319088
36.77855703158521 2.78808599540816e-05 0.007533756436824368
36.9997978085491 2.703550442699281e-05 0.007305330819605276
37.22236945559986 2.621328761359834e-05 0.007083157571700524
37.4462799785636 2.541365522316417e-05 0.006867086916833769
37.67153743142533 2.46360641582415e-05 0.006656972103294074
37.89814991661868 2.387998180788923e-05 0.00645266921295579
38.12612558531732 2.314488611427242e-05 0.006254037179274321
38.35547263772817 2.243026591775158e-05 0.00606093788053352
38.58619932338635 2.173562021187464e-05 0.005873235938535255
38.81831394145193 2.106045792931333e-05 0.005690798660756718
39.05182484100842 2.04042983588329e-05 0.005513496153020861
39.2867404213631 1.976667072820463e-05 0.005341201206794155
39.52306913234914 1.914711371277554e-05 0.005173789166395979
39.76081947462954 1.854517565810152e-05 0.005011137989156879
40.00000000000288 1.79604146370546e-05 0.004853128260849651
