##########################################################################################
#
# SZ signal computed with SZpack v1.1.1
# Runmode: CNSN-basis
#
# General parameters:
# xmin= 0.1 xmax= 40 np= 1000
# Dtau= 0.01
# Te= 49keV (The ~ 0.0958906)
# betac= 0 muc= 1
# betao= 0 muo= 1
#
# Runmode specific parameters:
# eps= 0
# Te_order= 20 beta_order= 2
#
##########################################################################################
#
# Output format: x = (h nu/k T0) | x^3 Dn(x) | DI(x) in MJy/sr 
# Here a CMB temperature of T0 = 2.726 K is assumed.
#
##########################################################################################
0.1 -1.646060813459039e-05 -0.004447861819622947
0.1006015482792701 -1.665875297268485e-05 -0.004501403028605602
0.1012067151618632 -1.685927703393747e-05 -0.004555587133388889
0.1018155224154252 -1.706220875022845e-05 -0.004610421816621793
0.1024279919385451 -1.726757688134027e-05 -0.004665914849556588
0.1030441457615424 -1.747541052066285e-05 -0.004722074093590446
0.1036640060472596 -1.768573911868494e-05 -0.004778907506613103
0.1042875950918594 -1.78985924710666e-05 -0.004836423139783889
0.1049149353256267 -1.811400071517884e-05 -0.004894629136596699
0.1055460493137754 -1.833199435188189e-05 -0.004953533738764749
0.10618095975726 -1.855260424848018e-05 -0.005013145287019063
0.1068196894935924 -1.877586162585811e-05 -0.005073472217632382
0.1074622614976628 -1.900179807150804e-05 -0.00513452306593949
0.1081086988825668 -1.923044555938608e-05 -0.005196306471702506
0.1087590249004362 -1.946183643282799e-05 -0.005258831174494546
0.1094132629432757 -1.969600340750189e-05 -0.005322106014497569
0.1100714365438043 -1.993297959808132e-05 -0.005386139939709782
0.1107335693763015 -2.017279850957774e-05 -0.00545094200360358
0.1113996852574591 -2.041549402972168e-05 -0.005516521363066814
0.1120698081472377 -2.066110045030946e-05 -0.00558288728417097
0.1127439621497288 -2.090965247727262e-05 -0.005650049144892031
0.1134221715140214 -2.116118521377342e-05 -0.005718016430542685
0.1141044606350749 -2.141573417069813e-05 -0.005786798736607737
0.1147908540545956 -2.167333529305935e-05 -0.005856405775878342
0.1154813764619206 -2.193402494228581e-05 -0.005926847373666499
0.1161760526949047 -2.219783989566972e-05 -0.005998133467655706
0.1168749077408149 -2.246481737500529e-05 -0.006070274115639449
0.1175779667372284 -2.273499504341038e-05 -0.006143279494662384
0.118285254972937 -2.300841099283345e-05 -0.006217159897644536
0.118996797888857 -2.328510376388455e-05 -0.0062919257387399
0.119712621078944 -2.356511236420981e-05 -0.006367587558301453
0.1204327502911136 -2.384847624788874e-05 -0.006444156017314036
0.1211572114281675 -2.413523532281427e-05 -0.00652164189938855
0.1218860305487253 -2.442542998266234e-05 -0.006600056119400528
0.1226192338681618 -2.471910109092398e-05 -0.006679409719175401
0.12335684775955 -2.501628997578238e-05 -0.006759713866104228
0.1240988987546095 -2.531703845939634e-05 -0.006840979861056444
0.124845413544661 -2.562138886241183e-05 -0.006923219139598939
0.1255964189815867 -2.592938398612444e-05 -0.007006443267176135
0.1263519420787953 -2.624106712972784e-05 -0.007090663943770725
0.1271120100121947 -2.655648211761774e-05 -0.007175893011281555
0.1278766501211688 -2.687567327612183e-05 -0.007262142447235756
0.128645889909561 -2.719868543707637e-05 -0.007349424365755187
0.1294197570466637 -2.752556397388025e-05 -0.00743775102729869
0.1301982793682135 -2.785635479013624e-05 -0.007527134835592813
0.1309814848773924 -2.81911043088389e-05 -0.007617588334710255
0.1317694017458348 -2.852985950088937e-05 -0.007709124216774907
0.1325620583146414 -2.887266789927465e-05 -0.007801755325793281
0.1333594830953982 -2.921957757581501e-05 -0.007895494651371366
0.1341617047712022 -2.957063715488169e-05 -0.007990355332421316
0.1349687521976928 -2.992589584935777e-05 -0.008086350666878536
0.1357806544040905 -3.028540343673461e-05 -0.008183494105242637
0.13659744059424 -3.064921025785281e-05 -0.008281799250237228
0.1374191401476617 -3.101736725536155e-05 -0.008381279867202104
0.1382457826206078 -3.13899259699435e-05 -0.008481949883073187
0.1390773977471256 -3.176693852288964e-05 -0.008583823381673997
0.1399140154401271 -3.21484576423783e-05 -0.00868691461081661
0.140755665792465 -3.253453668882374e-05 -0.008791237989151126
0.1416023790780148 -3.29252296267422e-05 -0.008896808098563556
0.1424541857527642 -3.332059103417429e-05 -0.009003639686721845
0.1433111164559082 -3.372067614585552e-05 -0.009111747678741112
0.1441732020109516 -3.412554083193523e-05 -0.009221147171433207
0.1450404734268171 -3.45352415904456e-05 -0.009331853431271776
0.1459129618989614 -3.494983558635938e-05 -0.00944388190494613
0.1467906988104967 -3.53693806582876e-05 -0.009557248221171051
0.1476737157333199 -3.579393529387213e-05 -0.009671968184037561
0.148562044429248 -3.622355865240376e-05 -0.009788057779124601
0.1494557168511607 -3.665831060202788e-05 -0.009905533183552473
0.1503547651441497 -3.70982516882174e-05 -0.01002441075746384
0.151259221646675 -3.754344313795968e-05 -0.01014470704515507
0.152169118891728 -3.799394690806748e-05 -0.01026643878813047
0.1530844896080017 -3.844982567035568e-05 -0.01038962292109683
0.1540053667210681 -3.891114279637924e-05 -0.01051427656783948
0.1549317833545624 -3.937796239516667e-05 -0.01064041705141828
0.1558637728313743 -3.985034933292767e-05 -0.0107680618994929
0.156801368674847 -4.032836920125306e-05 -0.01089722883573008
0.1577446046099826 -4.081208833482668e-05 -0.01102793578458952
0.1586935145646554 -4.130157385992421e-05 -0.01116020088442895
0.1596481326708324 -4.179689366233919e-05 -0.01129404247883731
0.1606084932658007 -4.229811638493487e-05 -0.01142947911597321
0.1615746308934029 -4.280531147878259e-05 -0.01156652956238319
0.1625465803052792 -4.331854919871313e-05 -0.01170521280179961
0.1635243764621181 -4.38379005791589e-05 -0.01184554802861295
0.1645080545349132 -4.436343746859134e-05 -0.01198755465717717
0.1654976499062288 -4.489523256406984e-05 -0.01213125233114531
0.1664931981714723 -4.543335937307611e-05 -0.01227666091315661
0.1674947351401746 -4.59778922253209e-05 -0.0124238004880269
0.1685022968372784 -4.652890633040551e-05 -0.01257269137832938
0.1695159195044337 -4.708647774962665e-05 -0.01272335413677603
0.1705356396013016 -4.765068338498714e-05 -0.01287580954324808
0.1715614938068656 -4.822160103069814e-05 -0.01303007861871259
0.172593519020751 -4.87993093828315e-05 -0.01318618262783067
0.1736317523645521 -4.938388800560835e-05 -0.01334414306984818
0.1746762311831677 -4.997541736065511e-05 -0.0135039816865011
0.1757269930461439 -5.057397885706497e-05 -0.01366572047554275
0.1767840757490262 -5.117965480899628e-05 -0.01382938167928637
0.1778475173147181 -5.179252844031102e-05 -0.01399498778585847
0.1789173559948495 -5.24126839485175e-05 -0.01416256154647695
0.1799936302711521 -5.304020648551237e-05 -0.01433212597024736
0.1810763788568441 -5.367518213618821e-05 -0.01450370431838241
0.1821656406980222 -5.431769796770402e-05 -0.01467732011751543
0.1832614549750625 -5.496784205640155e-05 -0.01485299716697356
0.1843638611040305 -5.5625703444662e-05 -0.01503075952711984
0.1854728987380978 -5.629137216337036e-05 -0.01521063152542337
0.1865886077689693 -5.696493929642322e-05 -0.01539263777389016
0.1877110283283176 -5.764649693803057e-05 -0.01557680315752549
0.1888402007892269 -5.833613818832196e-05 -0.01576315283314665
0.1899761657676448 -5.903395722039436e-05 -0.01595171224750017
0.1911189641238435 -5.974004927505384e-05 -0.01614250713584086
0.1922686369638894 -6.045451062759885e-05 -0.01633556351295631
0.1934252256411219 -6.117743863223495e-05 -0.01653090768516827
0.1945887717576404 -6.190893176837729e-05 -0.01672856626284419
0.1957593171658014 -6.264908958934472e-05 -0.01692856614653368
0.1969369039697233 -6.339801273674772e-05 -0.01713093453085635
0.1981215745268011 -6.415580301632126e-05 -0.01733569892499278
0.19931337144923 -6.492256336085216e-05 -0.01754288714266702
0.2005123376055381 -6.569839781428316e-05 -0.01775252729785134
0.2017185161221286 -6.648341159852658e-05 -0.01796464782282008
0.2029319503848305 -6.727771112688023e-05 -0.01817927747177482
0.2041526840404598 -6.808140395829154e-05 -0.01839644530848598
0.205380760998389 -6.889459883445908e-05 -0.01861618071631808
0.2066162254321268 -6.971740574599408e-05 -0.01883851341610746
0.2078591217809067 -7.054993587596759e-05 -0.01906347345090796
0.2091094947512857 -7.139230160456374e-05 -0.01929109118724835
0.2103673893187526 -7.22446165922326e-05 -0.01952139733760122
0.2116328507293451 -7.310699575478483e-05 -0.01975442295365328
0.2129059245012778 -7.397955523369079e-05 -0.01999019941827978
0.2141866564265795 -7.486241245918725e-05 -0.02022875846259674
0.2154750925727398 -7.575568618614986e-05 -0.02047013217565417
0.2167712792843669 -7.665949643621642e-05 -0.02071435298879698
0.2180752631848539 -7.757396452553621e-05 -0.02096145368316329
0.2193870911780562 -7.849921314887791e-05 -0.02121146741241138
0.2207068104499787 -7.943536632340679e-05 -0.02146442768752757
0.2220344684704725 -8.038254938117608e-05 -0.02172036837479736
0.2233701129949433 -8.134088905525464e-05 -0.02197932371907814
0.2247137920660681 -8.23105134734236e-05 -0.02224132834209598
0.2260655540155243 -8.329155211285328e-05 -0.02250641723019876
0.2274254474657272 -8.428413585612471e-05 -0.02277462574949387
0.2287935213315797 -8.528839705279063e-05 -0.02304598966248276
0.2301698248222314 -8.630446944933529e-05 -0.02332054510913523
0.2315544074428487 -8.733248820586194e-05 -0.02359832861139858
0.2329473189963953 -8.837258999581321e-05 -0.0238793771001433
0.2343486095854241 -8.942491295787616e-05 -0.02416372790216723
0.2357583296138787 -9.048959667181793e-05 -0.02445141873366602
0.237176529788907 -9.156678224152936e-05 -0.02474248772267257
0.2386032611226849 -9.265661231530168e-05 -0.02503697341453606
0.2400385749342508 -9.375923102416063e-05 -0.02533491475525906
0.2414825228513524 -9.487478402704774e-05 -0.02563635110370602
0.2429351568123028 -9.600341859627512e-05 -0.0259413222546943
0.2443965290678495 -9.714528354338088e-05 -0.02624986841895932
0.2458666921830531 -9.830052922283986e-05 -0.02656203022415728
0.2473456990391787 -9.946930763744406e-05 -0.02687784874334025
0.2488336028355976 -0.0001006517724062379 -0.02719736548629188
0.250330457091701 -0.000101848078723821 -0.0275206223885305
0.2518363156488252 -0.0001030583834388978 -0.02784766183253423
0.2533512326721881 -0.0001042828451004102 -0.02817852666020657
0.2548752626528374 -0.0001055216238811261 -0.02851326015222906
0.2564084604096108 -0.0001067748816105561 -0.02885190603695584
0.2579508810911079 -0.000108042781881453 -0.02919450851919106
0.2595025801776736 -0.0001093254899768195 -0.02954111226046553
0.261063613483394 -0.0001106231728576701 -0.02989176237572977
0.2626340371581039 -0.0001119359992705015 -0.03024650446239389
0.2642139076894062 -0.0001132641397383739 -0.03060538459791769
0.2658032819047042 -0.0001146077665012169 -0.03096844932368045
0.2674022169732455 -0.0001159670535843388 -0.03133574566349304
0.2690107704081783 -0.0001173421768737142 -0.03170732114394167
0.2706290000686201 -0.0001187333140277754 -0.03208322377055271
0.2722569641617388 -0.0001201406444958227 -0.03246350203276746
0.2738947212448469 -0.0001215643496390135 -0.0328482049366348
0.2755423302275071 -0.000123004612668487 -0.03323738198809183
0.2771998503736515 -0.0001244616186132922 -0.0336310831842976
0.2788673413037137 -0.0001259355544237556 -0.0340293590415643
0.2805448629967726 -0.0001274266089934065 -0.03443226060128176
0.2822324757927104 -0.0001289349730786887 -0.03483983940822261
0.283930240394383 -0.0001304608393526866 -0.03525214752505967
0.285638217869803 -0.0001320044025105171 -0.03566923756084416
0.2873564696543368 -0.0001335658591740661 -0.03609116264526438
0.2890850575529139 -0.0001351454078929993 -0.03651797642891883
0.2908240437422505 -0.0001367432492730895 -0.0369497331179917
0.2925734907730859 -0.0001383595859351137 -0.03738648746314659
0.294333461572432 -0.0001399946224601395 -0.03782829474474204
0.2961040194458372 -0.0001416485654830567 -0.03827521079810498
0.2978852280796634 -0.0001433216237486882 -0.03872729202869266
0.2996771515433765 -0.0001450140080132628 -0.03918459538546922
0.3014798542918515 -0.000146725931080918 -0.03964717837076939
0.3032934011676903 -0.0001484576079325182 -0.04011509907510669
0.3051178574035545 -0.0001502092556331102 -0.04058841615216664
0.3069532886245115 -0.0001519810933122266 -0.04106718881348466
0.3087997608503953 -0.000153773342291476 -0.04155147686292251
0.3106573404981812 -0.0001555862260728185 -0.04204134069350009
0.3125260943843745 -0.0001574199702597906 -0.04253684126610951
0.3144060897274139 -0.0001592748026357554 -0.04303804013065922
0.3162973941500897 -0.0001611509532549262 -0.04354499945066975
0.3182000756819758 -0.0001630486543298803 -0.04405778197287854
0.3201142027618771 -0.0001649681402487288 -0.04457645103187942
0.3220398442402905 -0.0001669096477179596 -0.04510107058872054
0.3239770693818822 -0.0001688734156844592 -0.04563170520983379
0.3259259478679787 -0.0001708596852911819 -0.04616842005505598
0.3278865497990735 -0.0001728686999963075 -0.04671128090982666
0.3298589456973481 -0.0001749007055970709 -0.0472603541916274
0.3318432065092091 -0.0001769559501275146 -0.04781570692235305
0.3338394036078401 -0.0001790346839169682 -0.04837740674411366
0.3358476087957689 -0.0001811371597123095 -0.04894552195227103
0.3378678943074497 -0.0001832636325591779 -0.04952012146334107
0.3399003328118625 -0.0001854143597971066 -0.05010127481367833
0.3419449974151257 -0.0001875896012060589 -0.05068905219907217
0.3440019616631268 -0.0001897896189539275 -0.05128352446056016
0.3460712995441669 -0.0001920146775250097 -0.05188476306510138
0.3481530854916227 -0.0001942650438234524 -0.05249284013352851
0.3502473943866234 -0.0001965409872352546 -0.05310782845730162
0.3523543015607447 -0.0001988427795056555 -0.05372980146537687
0.3544738827987177 -0.000201170694774839 -0.0543588332338545
0.3566062143411555 -0.0002035250097223879 -0.05499499852501193
0.3587513728872951 -0.0002059060034535837 -0.05563837275658078
0.3609094355977566 -0.0002083139574689453 -0.05628903199351552
0.3630804800973185 -0.0002107491558042209 -0.05694705298582142
0.3652645844777097 -0.0002132118850116425 -0.05761251316348899
0.3674618273004187 -0.0002157024340608297 -0.05828549060971707
0.369672287599519 -0.0002182210944202119 -0.05896606408291415
0.3718960448845125 -0.0002207681601550578 -0.059654313043187
0.374133179143189 -0.0002233439277906928 -0.06035031761538057
0.3763837708445035 -0.0002259486963235135 -0.06105415859205397
0.3786479009414707 -0.0002285827673744192 -0.06176591747493981
0.3809256508740766 -0.0002312464450933473 -0.06248567644914829
0.3832171025722083 -0.00023394003609982 -0.06321351836710229
0.3855223384586003 -0.0002366638496068177 -0.06394952678200951
0.3878414414518001 -0.0002394181974400183 -0.06469378595306102
0.3901744949691499 -0.000242203393913469 -0.06544638081183646
0.3925215829297878 -0.0002450197558843008 -0.06620739697708838
0.3948827897576659 -0.0002478676028788498 -0.06697692078882198
0.3972582003845871 -0.0002507472569514456 -0.06775503927013768
0.3996479002532602 -0.0002536590426684678 -0.06854184012292334
0.402051975320373 -0.0002566032872570767 -0.06933741176804292
0.4044705120596843 -0.0002595803205383663 -0.07014184332727369
0.4069035974651345 -0.0002625904748378537 -0.07095522459911918
0.4093513190539743 -0.0002656340850847918 -0.07177764608564503
0.4118137648699132 -0.0002687114888681486 -0.07260919900760494
0.4142910234862858 -0.0002718230262924755 -0.07344997526549477
0.4167831840092382 -0.000274969040003455 -0.07430006744645565
0.4192903360809331 -0.0002781498753278748 -0.07515956886209678
0.4218125698827739 -0.0002813658801408308 -0.07602857351261219
0.4243499761386489 -0.0002846174048202936 -0.07690717607450376
0.4269026461181943 -0.0002879048023783062 -0.07779547193603269
0.429470671640077 -0.0002912284284282206 -0.07869355718836632
0.4320541450752978 -0.0002945886410672145 -0.07960152859383268
0.4346531593505136 -0.0002979858009445328 -0.08051948360436033
0.43726780795138 -0.0003014202713463236 -0.08144752038440183
0.4398981849259138 -0.0003048924180403979 -0.08238573776898618
0.4425443848878763 -0.0003084026092717735 -0.0833342352625145
0.4452065030201759 -0.000311951215898444 -0.08429311307544658
0.4478846350782926 -0.0003155386112794045 -0.08526247209404418
0.4505788773937215 -0.000319165171198551 -0.0862424138598074
0.4532893268774382 -0.0003228312739672345 -0.08723304059718624
0.4560160810233846 -0.0003265373004243567 -0.08823445521360659
0.458759237911976 -0.000330283633796536 -0.08924676126168506
0.4615188962136283 -0.0003340706597314851 -0.09027006294824823
0.464295155192308 -0.0003378987663966604 -0.09130446516098892
0.4670881147091019 -0.0003417683443244327 -0.09235007342662925
0.4698978752258099 -0.0003456797863771972 -0.09340699390149307
0.4727245378085577 -0.0003496334878615777 -0.09447533340236536
0.4755682041314329 -0.0003536298464436786 -0.09555519938359215
0.4784289764801414 -0.0003576692620449228 -0.09664669990893472
0.4813069577556875 -0.000361752136907366 -0.09774994366921826
0.4842022514780743 -0.0003658788756172935 -0.0988650399887081
0.487114961790028 -0.0003700498849520709 -0.09999209878372686
0.4900451934607434 -0.0003742655738781504 -0.1011312305621156
0.4929930518896525 -0.0003785263536420799 -0.1022825464478258
0.4959586431102161 -0.000382832637628316 -0.1034461581424985
0.4989420737937372 -0.0003871848412946272 -0.1046221779080094
0.5019434512531983 -0.0003915833822497982 -0.1058107185874659
0.504962883447121 -0.0003960286801939067 -0.1070118935890686
0.5080004789834501 -0.0004005211567931132 -0.1082258168522784
0.5110563471234592 -0.0004050612357027076 -0.1094526028540438
0.5141305977856812 -0.0004096493425960968 -0.1106923666166335
0.5172233415498623 -0.0004142859050099904 -0.1119452236658041
0.520334689660939 -0.000418971352309071 -0.1132112900212531
0.52346475403304 -0.0004237061157458738 -0.1144906822127997
0.5266136472535116 -0.000428490628338479 -0.1157835172473348
0.5297814825869668 -0.0004333253247804675 -0.1170899125844913
0.5329683739793606 -0.0004382106414709158 -0.1184099861447475
0.5361744360620875 -0.0004431470164669707 -0.1197438562966136
0.5393997841561053 -0.000448134889348856 -0.1210916418201539
0.5426445342760833 -0.0004531747012000588 -0.1224534619016333
0.5459088031345746 -0.0004582668946157402 -0.1238294361357898
0.5491927081462149 -0.0004634119135581244 -0.1252196844867592
0.5524963674319456 -0.0004686102032919985 -0.1266243272706458
0.5558198998232626 -0.0004738622103930918 -0.1280434851577868
0.5591634248664905 -0.0004791683826416383 -0.1294772791439918
0.5625270628270829 -0.0004845291689169224 -0.1309258305220474
0.565910934693948 -0.0004899450191733387 -0.1323892608752485
0.5693151621838011 -0.0004954163843810983 -0.1338676920613764
0.5727398677455418 -0.0005009437163957657 -0.1353612461774455
0.5761851745646592 -0.0005065274678996897 -0.1368700455438781
0.5796512065676627 -0.0005121680923594546 -0.1383942126930066
0.5831380884265391 -0.0005178660438984336 -0.1399338703346359
0.5866459455632378 -0.0005236217772112804 -0.1414891413329379
0.5901749041541815 -0.0005294357475058825 -0.143060148690767
0.5937250911348052 -0.0005353084103946749 -0.1446470155202911
0.5972966342041217 -0.0005412402217896082 -0.1462498650146111
0.6008896618293151 -0.0005472316378243063 -0.1478688204267268
0.6045043032503616 -0.0005532831147482989 -0.1495040050409571
0.6081406884846782 -0.0005593951088155392 -0.1511555421428162
0.6117989483317994 -0.0005655680761953283 -0.1528235549949443
0.6154792143780822 -0.0005718024728508351 -0.1545081668042822
0.619181619001439 -0.0005780987544226748 -0.1562095006906124
0.6229062953760992 -0.0005844573761375652 -0.1579276796618774
0.6266533774773996 -0.0005908787926762385 -0.1596628265784874
0.6304230000866031 -0.000597363458028772 -0.1614150641142292
0.6342152987957473 -0.0006039118254105322 -0.1631845147335528
0.6380304100125211 -0.0006105243471371155 -0.1649713006577795
0.6418684709651717 -0.0006172014744297764 -0.1667755438125254
0.6457296197074404 -0.0006239436573353145 -0.1685973658060543
0.6496139951235281 -0.0006307513446183793 -0.1704368879001771
0.6535217369330918 -0.0006376249835357829 -0.1722942309492682
0.6574529856962692 -0.0006445650197128204 -0.1741695153668457
0.6614078828187353 -0.0006515718970680301 -0.1760628611052407
0.6653865705567885 -0.0006586460576061519 -0.1779743875996523
0.6693891920224675 -0.0006657879411910102 -0.179904213706777
0.673415891188699 -0.0006729979855028883 -0.1818524576932918
0.6774668128944764 -0.0006802766258799081 -0.1838192371929921
0.6815421028500694 -0.0006876242949984616 -0.1858046691204408
0.6856419076422656 -0.0006950414228096284 -0.1878088696537872
0.6897663747396426 -0.0007025284364389954 -0.1898319542076974
0.693915652497873 -0.0007100857598574256 -0.1918740373443916
0.6980898901650602 -0.0007177138136898386 -0.1939352327219743
0.702289237887107 -0.0007254130151890382 -0.1960156530873623
0.7065138467131162 -0.0007331837779701938 -0.1981154102045382
0.7107638686008243 -0.0007410265116399413 -0.2002346147543286
0.7150394564220665 -0.0007489416218111652 -0.2023733763383988
0.7193407639682761 -0.0007569295099311443 -0.2045318034328155
0.7236679459560159 -0.0007649905728083201 -0.2067100032601733
0.728021158032544 -0.0007731252025349747 -0.2089080817687021
0.7324005567814114 -0.0007813337864276217 -0.2111261436161592
0.736806299728095 -0.0007896167065935918 -0.2133642920527157
0.7412385453456634 -0.0007979743396113473 -0.2156226288345736
0.7456974530604773 -0.0008064070565851926 -0.2179012542387489
0.7501831832579239 -0.0008149152228408023 -0.2202002669807999
0.754695897288186 -0.0008234991973538077 -0.2225197640604236
0.7592357574720454 -0.0008321593328201637 -0.2248598407804704
0.7638029271067222 -0.0008408959755014917 -0.2272205907051532
0.7683975704717476 -0.0008497094645855246 -0.229602105487232
0.7730198528348741 -0.0008586001320350366 -0.2320044748271927
0.7776699404580188 -0.00086756830261279 -0.2344277864799883
0.7823480006032453 -0.0008766142933615867 -0.236872126114542
0.7870542015387785 -0.0008857384130749376 -0.2393375771707154
0.7917887125450584 -0.0008949409624612141 -0.2418242209036647
0.7965517039208285 -0.0009042222338298125 -0.2443321362990382
0.8013433469892614 -0.0009135825102779475 -0.2468613998532375
0.8061638141041211 -0.0009230220657798109 -0.2494120855975096
0.8110132786559631 -0.0009325411650968358 -0.2519842650736993
0.8158919150783704 -0.000942140062979831 -0.2545780071186554
0.8207998988542287 -0.0009518190038521204 -0.2571933777786116
0.8257374065220374 -0.0009615782219702701 -0.2598304403526166
0.8307046156822607 -0.0009714179408528782 -0.2624892552381861
0.8357017050037151 -0.0009813383724546095 -0.2651698797081167
0.8407288542299962 -0.0009913397174513225 -0.2678723679875306
0.8457862441859444 -0.001001422164957354 -0.2705967711774828
0.8508740567841485 -0.001011585891455981 -0.273343136965958
0.8559924750314897 -0.001021831060827931 -0.2761115096355742
0.8611416830357236 -0.00103215782439135 -0.2789019300743844
0.8663218660121029 -0.001042566319975178 -0.2817144355254886
0.8715332102900397 -0.001053056671321281 -0.2845490594254833
0.8767759033198074 -0.001063628988433844 -0.2874058314988735
0.882050133679283 -0.001074283367003068 -0.2902847776023454
0.8873560910807308 -0.001085019887199091 -0.293185919398872
0.8926939663776258 -0.001095838614074711 -0.2961092744665306
0.8980639515715189 -0.00110673959736928 -0.2990548562455157
0.9034662398189428 -0.001117722870178122 -0.3020226736785965
0.9089010254383604 -0.001128788448816993 -0.3050127311744943
0.9143685039171535 -0.00113993633306539 -0.3080250286736265
0.9198688719186553 -0.001151166505160629 -0.3110595613762939
0.9254023272892237 -0.00116247892880059 -0.3141163194732106
0.9309690690653579 -0.001173873549706493 -0.3171952882975728
0.9365692974808579 -0.001185350295100551 -0.3202964481839134
0.9422032139740265 -0.001196909072121405 -0.3234197740399341
0.9478710211949153 -0.001208549768211857 -0.3265652354512747
0.9535729230126136 -0.00122027225110028 -0.3297327966764907
0.9593091245225821 -0.001232076367291151 -0.3329224162391748
0.9650798320540293 -0.001243961941593991 -0.3361340468006729
0.9708852531773335 -0.00125592877763812 -0.3393676352991753
0.9767255967115094 -0.001267976656862839 -0.3426231226768531
0.9826010727317186 -0.001280105337022729 -0.3459004434759692
0.9885118925768263 -0.00129231455295703 -0.3491995260467761
0.9944582688570029 -0.001304604016189086 -0.3525202924392797
1.000440415461372 -0.001316973412978283 -0.3558626578768497
1.006458547565703 -0.00132942240456421 -0.3592265308221935
1.012512881640152 -0.00134195062743026 -0.3626118130485853
1.018603635457047 -0.001354557691677687 -0.3660183992005167
1.024731028098722 -0.001367243180049825 -0.3694461765300268
1.030895279965397 -0.001380006648798191 -0.3728950251307364
1.037096612783106 -0.001392847626762889 -0.3763648176893588
1.043335249611672 -0.001405765613293673 -0.3798554189239473
1.04961141485273 -0.001418760079169187 -0.3833666858322842
1.055925334257799 -0.00143183046642084 -0.3868984676442909
1.062277234936404 -0.001444976186087364 -0.3904506052152793
1.068667345364243 -0.001458196618126433 -0.3940229310020725
1.075095895391404 -0.00147149111206824 -0.3976152692396078
1.081563116250635 -0.001484858985380781 -0.4012274354992164
1.088069240565661 -0.001498299521845992 -0.4048592362498362
1.094614502359551 -0.001511811972793858 -0.408510469191482
1.101199137063137 -0.001525395556360403 -0.4121809230547466
1.107823381523478 -0.001539049454869718 -0.4158703768933912
1.114487474012384 -0.001552772815729602 -0.419578600326359
1.121191654234987 -0.00156656475161106 -0.4233053535862775
1.127936163338358 -0.001580424338025021 -0.4270503868646578
1.134721243920186 -0.001594350612688246 -0.4308134401405558
1.141547140037501 -0.001608342576662209 -0.4345942434883099
1.148414097215454 -0.001622399192841431 -0.4383925166690724
1.155322362456149 -0.001636519383582438 -0.4422079684901228
1.162272184247527 -0.001650702032264993 -0.4460402972267325
1.169263812572304 -0.001664945982837548 -0.4498891904993407
1.176297498916961 -0.001679250036773091 -0.4537543244509856
1.183373496280794 -0.001693612953705398 -0.4576353639192285
1.19049205918501 -0.001708033452111092 -0.4615319626204535
1.197653443681885 -0.001722510206866941 -0.4654437624898202
1.204857907363973 -0.001737041847871621 -0.4693703933088457
1.212105709373372 -0.001751626961728087 -0.4733114731600029
1.219397110411042 -0.001766264090493662 -0.4772666080889789
1.22673237274619 -0.001780951728567395 -0.4812353912636003
1.234111760225694 -0.001795688324436728 -0.4852174034458039
1.241535538283603 -0.001810472280651053 -0.4892122129844921
1.249003973950675 -0.001825301950524884 -0.4932193749246891
1.256517335863991 -0.001840175638262218 -0.4972384310411435
1.264075894276612 -0.001855091600267884 -0.5012689101926718
1.271679921067302 -0.001870048042870734 -0.5053103277069375
1.279329689750306 -0.001885043120070779 -0.5093621847716971
1.287025475485191 -0.001900074935755407 -0.5134239690336508
1.294767555086741 -0.001915141542841205 -0.5174951543665522
1.302556207034913 -0.001930240939577059 -0.5215751998722594
1.310391711484858 -0.001945371071207077 -0.5256635503300782
1.318274350276994 -0.001960529830550928 -0.5297596363535758
1.326204406947145 -0.001975715054689746 -0.5338628734950721
1.334182166736741 -0.001990924524320165 -0.5379726620710905
1.342207916603075 -0.002006155965790257 -0.5420883877124948
1.350281945229628 -0.002021407049197556 -0.5462094208505514
1.358404543036452 -0.002036675385236743 -0.5503351158651338
1.366576002190616 -0.002051958527840723 -0.554464811798375
1.374796616616712 -0.002067253973857568 -0.5585978322673737
1.383066682007434 -0.002082559159034622 -0.562733484379049
1.391386495834208 -0.002097871459285354 -0.5668710590724599
1.399756357357896 -0.002113188192036954 -0.5710098314829426
1.408176567639557 -0.00212850661316095 -0.5751490601127249
1.416647429551278 -0.002143823915404626 -0.5792879864070765
1.425169247787069 -0.002159137231158734 -0.5834258355021776
1.433742328873819 -0.002174443631109631 -0.5875618158609109
1.442366981182327 -0.002189740120359182 -0.5916951182244109
1.45104351493839 -0.00220502364124733 -0.5958249163747571
1.459772242233963 -0.002220291073728333 -0.5999503672366377
1.468553477038385 -0.002235539231370113 -0.6040706097963245
1.477387535209671 -0.002250764861944297 -0.6081847652611085
1.486274734505876 -0.00226596464964431 -0.6122919376586579
1.495215394596523 -0.002281135212535566 -0.6163912131480251
1.504209837074101 -0.002296273100051818 -0.620481659343132
1.513258385465633 -0.00231137479640077 -0.624562326233008
1.522361365244312 -0.002326436719915097 -0.6286322460064262
1.531519103841213 -0.002341455218817804 -0.6326904319076518
1.540731930657063 -0.002356426573870006 -0.6367358789519063
1.550000177074097 -0.002371346999615301 -0.64076756426161
1.55932417646797 -0.002386212640761292 -0.644784446088626
1.568704264219756 -0.002401019571921957 -0.6487854637446451
1.578140777728008 -0.002415763800713944 -0.6527695384378428
1.587634056420891 -0.002430441265972307 -0.6567355727907489
1.597184441768398 -0.002445047834511226 -0.6606824499649551
1.606792277294626 -0.00245957930494308 -0.6646090346930732
1.616457908590138 -0.002474031407858499 -0.6685141733273912
1.626181683324388 -0.002488399801718137 -0.6723966927297752
1.635963951258232 -0.002502680075000051 -0.6762554008519213
1.645805064256506 -0.002516867748408072 -0.680089087332083
1.655705376300682 -0.00253095827199742 -0.6838965227183766
1.665665243501602 -0.002544947024089756 -0.6876764581756168
1.675685024112287 -0.002558829315130548 -0.6914276265276218
1.685765078540822 -0.002572600386845488 -0.6951487420292695
1.695905769363321 -0.002586255408714055 -0.6988384994136084
1.70610746133697 -0.002599789481857949 -0.7024955749425625
1.716370521413142 -0.002613197640160097 -0.7061186267092989
1.726695318750602 -0.002626474846788392 -0.7097062936989006
1.737082224728785 -0.002639615995672229 -0.7132571961873433
1.747531612961148 -0.002652615914640127 -0.7167699365893214
1.758043859308618 -0.002665469363594086 -0.7202430989649357
1.768619341893104 -0.002678171032876161 -0.7236752485783207
1.779258441111101 -0.002690715547634057 -0.7270649330772847
1.789961539647373 -0.002703097467998249 -0.7304106825411683
1.800729022488719 -0.002715311285922629 -0.7337110086271478
1.811561276937818 -0.00272735142877132 -0.7369644055394381
1.822458692627162 -0.002739212261416366 -0.7401693505961143
1.83342166153307 -0.002750888083854141 -0.7433243035850349
1.844450577989788 -0.002762373132092663 -0.7464277070036062
1.855545838703674 -0.002773661582022531 -0.7494779871047572
1.866707842767465 -0.002784747548829731 -0.7524735537382724
1.877936991674634 -0.002795625085375287 -0.7554127999129544
1.88923368933383 -0.002806288186707711 -0.7582941030159421
1.90059834208341 -0.002816730791259889 -0.7611158251361261
1.912031358706049 -0.002826946778720859 -0.7638763124890755
1.923533150443451 -0.002836929973170992 -0.766573896264204
1.935104131011135 -0.00284667414601585 -0.7692068934175335
1.946744716613318 -0.002856173015025717 -0.771773606412165
1.958455325957888 -0.002865420245054659 -0.7742723234125758
1.970236380271462 -0.002874409452282091 -0.7767013194307455
1.982088303314539 -0.002883134204890246 -0.7790588565092158
1.994011521396743 -0.002891588022256733 -0.7813431835029101
2.006006463392153 -0.002899764379217453 -0.7835525372310247
2.018073560754737 -0.002907656708185427 -0.785685143049566
2.030213247533863 -0.002915258398643252 -0.7877392147142028
2.042425960389917 -0.002922562799927034 -0.7897129551325208
2.05471213861001 -0.002929563224673285 -0.7916045572954182
2.067072224123773 -0.002936252949470309 -0.7934122044531158
2.079506661519261 -0.002942625216108679 -0.7951340704530544
2.092015898058938 -0.002948673235724212 -0.7967683208593763
2.104600383695769 -0.002954390190598887 -0.7983131134395569
2.117260571089404 -0.00295976923501255 -0.7997665983945453
2.129996915622458 -0.002964803499057705 -0.8011269193895694
2.142809875416892 -0.002969486091375591 -0.8023922142934569
2.155699911350493 -0.00297381010060616 -0.8035606155704381
2.16866748707345 -0.002977768598404098 -0.8046302510951131
2.181713069025031 -0.002981354642838544 -0.8055992450710964
2.194837126450363 -0.002984561280550097 -0.8064657186138696
2.208040131417308 -0.002987381549516792 -0.8072277904981804
2.221322558833443 -0.002989808482626761 -0.8078835781234217
2.234684886463145 -0.002991835110281147 -0.8084311982169705
2.248127594944775 -0.00299345446354145 -0.8088687676846411
2.261651167807962 -0.002994659577719031 -0.8091944045806124
2.275256091491004 -0.002995443495156873 -0.8094062288590961
2.288942855358358 -0.002995799268678004 -0.8095023633061428
2.302711951718243 -0.002995719965768815 -0.8094809346700266
2.316563875840352 -0.002995198671253144 -0.8093400743838166
2.330499125973664 -0.002994228490600815 -0.8090779194593846
2.344518203364364 -0.002992802555181563 -0.8086926139070815
2.358621612273878 -0.002990914025021478 -0.8081823094805641
2.372809859997005 -0.002988556091654201 -0.8075451664472223
2.387083456880169 -0.002985721983836019 -0.8067793551324691
2.401442916339774 -0.002982404971617469 -0.8058830570199402
2.415888754880671 -0.002978598368355873 -0.8048544652953049
2.430421492114737 -0.002974295535840706 -0.8036917862312047
2.445041650779565 -0.002969489890803699 -0.8023932409463651
2.459749756757268 -0.002964174906210007 -0.8009570657544846
2.474546339093393 -0.002958344115131439 -0.7993815132108298
2.489431930015952 -0.002951991119126938 -0.7976648543767459
2.504407064954564 -0.00294510959042009 -0.7958053794080472
2.519472282559719 -0.002937693274145327 -0.7938013981619688
2.534628124722145 -0.002929735996446639 -0.7916512423855393
2.549875136592308 -0.00292123167014695 -0.7893532672475178
2.565213866600017 -0.00291217429505007 -0.7869058514199847
2.580644866474148 -0.002902557964058704 -0.784307398731504
2.596168691262497 -0.002892376873083134 -0.781556340844573
2.611785899351737 -0.002881625320584333 -0.778651137132166
2.627497052487508 -0.002870297711165755 -0.7755902756482808
2.64330271579462 -0.002858388567100387 -0.7723722762426921
2.659203457797384 -0.002845892530828188 -0.7689956912357907
2.675199850440056 -0.002832804365459877 -0.7654591055547133
2.691292469107416 -0.002819118964524497 -0.7617611393672554
2.707481892645458 -0.002804831360592898 -0.7579004504120452
2.723768703382218 -0.002789936722976029 -0.7538757333765927
2.740153487148712 -0.002774430363863933 -0.7496857215561235
2.756636833300016 -0.002758307752196548 -0.7453291906016395
2.77321933473646 -0.002741564511673071 -0.7408049579820291
2.789901587924954 -0.002724196422925424 -0.736111883571361
2.806684192920446 -0.002706199437577755 -0.731248873447938
2.823567753387507 -0.002687569682342186 -0.7262148810010199
2.840552876622036 -0.002668303456589739 -0.7210089062744561
2.857640173573115 -0.002648397242602158 -0.7156299987368577
2.874830258864976 -0.002627847718213209 -0.7100772606974323
2.892123750819116 -0.002606651751420595 -0.7043498458500579
2.909521271476531 -0.002584806405422307 -0.6984469606341673
2.927023446620097 -0.002562308956012788 -0.6923678689354092
2.944630905797074 -0.002539156889106749 -0.6861118914165514
2.962344282341753 -0.002515347900105042 -0.6796784053461323
2.980164213398238 -0.002490879909211999 -0.6730668487373974
2.998091339943359 -0.002465751068548591 -0.6662767222703632
3.016126306809736 -0.002439959755769433 -0.6593075875670525
3.034269762708964 -0.002413504583367539 -0.6521590697057559
3.052522360254954 -0.002386384415726207 -0.6448308618286621
3.070884755987404 -0.002358598360794089 -0.6373227228923612
3.089357610395416 -0.00233014577271059 -0.6296344783772562
3.107941587941251 -0.002301026271455329 -0.6217660255970966
3.126637357084233 -0.002271239741372904 -0.6137173333003483
3.14544559030479 -0.002240786326376856 -0.6054884403742471
3.164366964128648 -0.002209666444778872 -0.5970794598518331
3.183402159151157 -0.002177880800442135 -0.5884905819257257
3.202551860061779 -0.002145430371927199 -0.5797220710152036
3.221816755668715 -0.002112316419377812 -0.5707742676268392
3.241197538923678 -0.002078540505122824 -0.5616475939213932
3.260694906946819 -0.00204410448352962 -0.5523425509720832
3.280309561051807 -0.002009010499794853 -0.5428597184378267
3.300042206771049 -0.001973261009834629 -0.5331997599378165
3.319893553881069 -0.001936858781312609 -0.5233634233293263
3.339864316428041 -0.001899806883724275 -0.5133515380283568
3.359955212753471 -0.001862108700790116 -0.5031650183584271
3.380166965520037 -0.00182376794572815 -0.4928048676774036
3.400500301737581 -0.001784788646218667 -0.4822721743147843
3.42095595278926 -0.001745175147574736 -0.4715681124284094
3.441534654457853 -0.001704932134727328 -0.4606939479451153
3.46223714695223 -0.001664064622091428 -0.449651035822434
3.483064174933973 -0.001622577947265137 -0.4384408183460087
3.504016487544163 -0.001580477788787989 -0.4270648299281152
3.525094838430328 -0.001537770170525373 -0.4155246982923865
3.546299985773546 -0.001494461446456871 -0.4038221403634313
3.567632692315724 -0.001450558308904711 -0.3919589644902655
3.589093725387028 -0.001406067806573334 -0.3799370753208287
3.610683856933487 -0.001360997326642707 -0.3677584689633726
3.632403863544755 -0.00131535459312135 -0.3554252325414292
3.654254526482051 -0.001269147687336837 -0.3429395497305998
3.676236631706256 -0.001222385039688832 -0.3303036985301231
3.698350969906183 -0.001175075417298283 -0.3175200479255316
3.720598336527025 -0.001127227937368346 -0.3045910614989412
3.742979531798957 -0.001078852077021546 -0.2915193000871751
3.765495360765927 -0.001029957648504431 -0.2783074150817507
3.788146633314612 -0.0009805548026029774 -0.2649581493517662
3.810934164203546 -0.0009306540561162409 -0.2514743446676228
3.833858773092431 -0.0008802662633462628 -0.237858933997242
3.856921284571616 -0.0008294026091926081 -0.2241149396401237
3.880122528191761 -0.0007780746299828821 -0.2102454788560114
3.903463338493672 -0.0007262942052099111 -0.1962537616321758
3.926944555038322 -0.000674073540463828 -0.182143086071451
3.950567022437048 -0.0006214251749648052 -0.1679168404276728
3.974331590381932 -0.000568361990055997 -0.1535785054005779
3.998239113676364 -0.0005148971869536175 -0.1391316481235973
4.02229045226579 -0.0004610442839933083 -0.1245799214197905
4.046486471268643 -0.0004068171308636972 -0.1099270676479304
4.070828041007458 -0.0003522298914304037 -0.09517691406133542
4.095316037040186 -0.0002972970313517553 -0.08033336946148155
4.119951340191675 -0.0002420333275272773 -0.065400426751102
4.144734836585366 -0.0001864538641450129 -0.05038216186612379
4.169667417675155 -0.0001305740120707639 -0.03528272820638341
4.194749980277468 -7.440942929000327e-05 -0.02010635675503703
4.219983426603512 -1.797606771836676e-05 -0.004857357918840325
4.24536866429173 3.870984926389054e-05 0.01045988454232178
4.270906606440451 9.56318348195926e-05 0.02584091567921521
4.296598171640729 0.0001527731309972412 0.04128120728413132
4.322444284009386 0.0002101167238385661 0.05677616197313556
4.348445873222255 0.0002676453593701449 0.07232111750720283
4.374603874547618 0.0003253415417623443 0.08791134629474036
4.400919228879844 0.0003831875378731723 0.1035420566193934
4.42739288277324 0.0004411653985645259 0.1192083983999613
4.454025788476091 0.0004992569642117995 0.1349054646791628
4.480818903964917 0.0005574438632412164 0.1506282912284043
4.50777319297893 0.0006157075327015566 0.166371862106518
4.534889625054696 0.0006740292300653245 0.1821311128485844
4.562169175561013 0.0007323900337304123 0.1979009306014881
4.589612825733993 0.0007907708567205606 0.2136761578259534
4.617221562712357 0.000849152463832862 0.2294515969300139
4.644996379572944 0.0009075154771598233 0.2452220117611423
4.672938275366425 0.0009658403836454401 0.2609821296479963
4.701048255153248 0.001024107554359794 0.2767266466086559
4.729327330039782 0.001082297254375287 0.2924502300193038
4.757776517214689 0.001140389649394504 0.3081475204051586
4.786396839985513 0.001198364822951822 0.3238131360885627
4.815189327815487 0.00125620278947791 0.3394416767191742
4.844155016360561 0.001313883503222479 0.3550277256850044
4.873294947506656 0.001371386872552935 0.3705658539760937
4.902610169407141 0.001428692774658454 0.3860506241577348
4.932101736520533 0.001485781066390757 0.4014765932997873
4.961770709648425 0.001542631598334641 0.4168383167787082
4.991618155973645 0.001599224229303483 0.4321303521944208
5.021645149098641 0.001655538837741203 0.4473472624512658
5.051852769084097 0.001711555337112622 0.4624836199166679
5.082242102487784 0.001767253690719884 0.4775340104247197
5.112814242403641 0.001822613922302803 0.4924930361405259
5.1435702885011 0.001877616131251018 0.5073553196707195
5.174511347064628 0.001932240510728438 0.5221155089609103
5.205638531033534 0.001986467356453323 0.5367682796681756
5.23695296004199 0.002040277079639555 0.5513083386579509
5.26845576045931 0.002093650229276254 0.5657304300242615
5.300148065430462 0.002146567500963746 0.5800293374773104
5.332031014916829 0.002199009746298401 0.5941998868793792
5.364105755737212 0.002250957995301234 0.6082369523053169
5.39637344160908 0.002302393471209685 0.6221354600394619
5.42883523319007 0.002353297594819984 0.6358903897490046
5.461492298119737 0.002403652002495426 0.6494967793500471
5.494345811061548 0.002453438570470565 0.6629497315749009
5.52739695374514 0.002502639415504864 0.6762444141487103
5.560646915008824 0.002551236906289635 0.6893760628717506
5.594096890842349 0.002599213692896503 0.7023399895767706
5.627748084429916 0.00264655271138179 0.7151315833731544
5.661601706193463 0.002693237187224505 0.7277463115759099
5.695658973836199 0.002739250661114139 0.7401797266738516
5.729921112386407 0.002784577006599128 0.7524274710984376
5.764389354241504 0.002829200425148244 0.7644852758892935
5.799064939212376 0.002873105462725074 0.7763489651728457
5.833949114567966 0.002916277040802773 0.7880144645428936
5.869043135080146 0.002958700448757315 0.7994777990051711
5.904348263068843 0.003000361350044944 0.8107350946465716
5.939865768447451 0.003041245815380346 0.8217825876003035
5.975596928768503 0.003081340326011239 0.8326166249307266
6.01154302926963 0.00312063176790705 0.8432336630630581
6.047705362919785 0.00315910745625186 0.8536302744016738
6.084085230465758 0.003196755157775001 0.8638031533641135
6.120683940478954 0.003233563075385663 0.8737491122291604
6.15750280940247 0.003269519859515883 0.8834650842018572
6.194543161598441 0.003304614643392696 0.8929481329444839
6.231806329395683 0.003338837029639386 0.9021954489560456
6.269293653137611 0.003372177088009569 0.9112043489599961
6.307006481230453 0.003404625387449782 0.9199722845679479
6.344946170191752 0.003436173001006576 0.9284968436056311
6.383114084699157 0.003466811489145795 0.9367757456055537
6.421511597639515 0.003496532918518451 0.9448068468777757
6.460140090158249 0.003525329888607716 0.9525881477102587
6.499000951709037 0.003553195507264157 0.9601177857581812
6.538095580103793 0.003580123394086775 0.9673940369575377
6.577425381562945 0.003606107715223186 0.9744153249285815
6.616991770766014 0.003631143168190503 0.9811802168742381
6.656796170902505 0.003655224969281561 0.9876874201771086
6.696840013723089 0.003678348879629022 0.9939357894423196
6.737124739591115 0.003700511213393434 0.9999243287100351
6.777651797534409 0.003721708810948151 1.005652184209689
6.818422645297399 0.003741939048869137 1.011118647059355
6.859438749393552 0.003761199867908718 1.016323160824602
6.900701585158119 0.003779489743153581 1.021265313454816
6.942212636801205 0.003796807678078096 1.025944835676331
6.983973397461158 0.003813153233738081 1.030361608880949
7.025985369258271 0.003828526515244202 1.034515661470883
7.068250063348816 0.00384292814929058 1.03840716278671
7.110768999979402 0.003856359300781429 1.042036427600091
7.153543708541653 0.003868821683525872 1.045403919003647
7.196575727627224 0.00388031752642045 1.048510239273049
7.239866605083138 0.003890849573796181 1.051356129960802
7.28341789806747 0.00390042110993143 1.053942478519921
7.327231173105349 0.003909035928756899 1.056270310117847
7.37130800614531 0.003916698318863468 1.058340783585376
7.41564998261598 0.00392341308322063 1.060155196744828
7.460258697483103 0.003929185528977906 1.06171498365426
7.505135755306914 0.003934021437873366 1.063021706611482
7.550282770299852 0.003937927072146363 1.064077057751745
7.59570136638462 0.00394090918500196 1.06488286187537
7.641393177252606 0.003942974984590207 1.065441066714488
7.687359846422636 0.003944132125746382 1.065753740701159
7.733603027300095 0.00394438872654748 1.065823077441135
7.780124383236402 0.003943753341646871 1.065651388508559
7.826925587588838 0.003942234940607257 1.065241097591252
7.874008323780734 0.003939842916535066 1.064594742823838
7.921374285362025 0.003936587078536751 1.063714974749344
7.969025176070168 0.003932477619597798 1.062604547639699
8.016962709891423 0.003927525113026121 1.061266318534706
8.065188611122505 0.003921740518823227 1.059703248963601
8.113704614432605 0.00391513515060767 1.057918396007361
8.162512464925786 0.003907720661304471 1.055914908431808
8.211613918203758 0.003899509049485556 1.053696028400872
8.26101074042902 0.003890512637943264 1.051265085686885
8.310704708388393 0.003880744049496601 1.048625491133132
8.360697609556926 0.00387021620554467 1.045780736262968
8.410991242162195 0.003858942318833001 1.042734391325188
8.461587415248985 0.003846935863876258 1.039490097301877
8.512487948744354 0.003834210567077596 1.036051563238533
8.563694673523104 0.003820780405995503 1.032422566045963
8.615209431473632 0.003806659582840391 1.028606943338726
8.667034075564182 0.00379186250779624 1.024608588928437
8.719170469909495 0.003776403795722721 1.020431451932638
8.771620489837867 0.003760298249073088 1.016079532158998
8.824386021958594 0.003743560836042128 1.011556874200619
8.877468964229841 0.003726206682202378 1.006867565176034
8.930871226026907 0.003708251060745345 1.002015732092267
8.984594728210904 0.003689709369696271 0.9970055356879728
9.038641403197854 0.003670597119673056 0.99184116712575
9.09301319502819 0.003650929925448027 0.9865268457120234
9.147712059436689 0.003630723486859977 0.9810668137392387
9.202739963922818 0.003609993574065939 0.9754653325007079
9.258098887821502 0.003588756017453991 0.9697266795649234
9.313790822374321 0.003567026692591957 0.9638551447085091
9.369817770801134 0.003544821504894123 0.9578550257729754
9.426181748372137 0.00352215637853668 0.9517306256695337
9.482884782480346 0.003499047242529623 0.9454862486155493
9.539928912714528 0.003475510016720078 0.9391261963524666
9.597316190932558 0.003451560601092727 0.9326547652546491
9.655048681335227 0.003427214861660289 0.926076242516812
9.713128460540494 0.003402488617134002 0.9193949025522197
9.771557617658175 0.003377397629918177 0.912615004559302
9.830338254365088 0.003351957593287818 0.9057407890568868
9.889472484980656 0.003326184116093666 0.8987764737513123
9.948962436542953 0.003300092716216108 0.8917262517675913
10.00881024888521 0.003273698810720532 0.8845942889892652
10.06901807471279 0.003247017698354847 0.8773847193290157
10.12958807968063 0.003220064553503923 0.8701016430950783
10.1905224424711 0.003192854420290408 0.8627491253972102
10.25182335487242 0.003165402196327414 0.8553311917564628
10.31349302185747 0.003137722622400676 0.8478518253171723
10.3755336616631 0.003109830281476281 0.8403149665788355
10.43794750586993 0.003081739587101886 0.832724510261975
10.50073679948262 0.003053464766716247 0.8250843007981641
10.56390380101059 0.003025019863908357 0.8173981329404753
10.62745078254932 0.002996418732665891 0.8096697502093378
10.69138002986203 0.002967675018523707 0.8019028397986271
10.7556938424619 0.002938802157792713 0.7941010323672961
10.82039453369479 0.00290981337844944 0.7862679022797467
10.88548443082247 0.002880721685330861 0.7784069636052878
10.95096587510631 0.002851539850494217 0.7705216675132378
11.01684122189147 0.002822280420370867 0.7626154042059852
11.08311284069168 0.002792955708173219 0.7546915008672466
11.14978311527443 0.002763577776480853 0.746753216956619
11.21685444374672 0.002734158445884092 0.7388037465451811
11.28432923864131 0.002704709294833381 0.730846218274794
11.35220992700354 0.002675241642493311 0.7228836907250438
11.42049895047856 0.002645766549930898 0.7149191527343294
11.48919876539923 0.002616294827997207 0.7069555255295759
11.55831184287442 0.002586837026627603 0.6989956598350294
11.62784066887791 0.002557403424791048 0.6910423331564307
11.69778774433782 0.002528004043957394 0.6830982534200464
11.76815558522656 0.002498648645628113 0.6751660583054409
11.83894672265132 0.002469346715148303 0.6672483108712794
11.91016370294514 0.002440107473099779 0.6593475026338819
11.98180908775847 0.002410939880905482 0.6514660550816056
12.05388545415131 0.002381852627686273 0.6436063161233861
12.12639539468595 0.002352854131032441 0.6357705602972086
12.19934151752018 0.002323952550391078 0.6279609923875431
12.27272644650111 0.002295155781568726 0.6201797459398928
12.34655282125957 0.002266471446588182 0.6124288805199736
12.42082329730504 0.002237906910366352 0.6047103862202806
12.49554054612116 0.00220946928308743 0.59702618430135
12.57070725526186 0.002181165407173667 0.5893781236710979
12.64632612844798 0.002153001868408734 0.5817679838904916
12.72239988566455 0.002124985005530831 0.5741974777657288
12.79893126325863 0.002097120902092787 0.5666682491487338
12.87592301403773 0.002069415389984158 0.5591818738888722
12.95337790736882 0.002041874058111517 0.5517398621784747
13.03129872927796 0.002014502250952138 0.5443436581620237
13.10968828255048 0.001987305072263345 0.5369946409384658
13.18854938683184 0.001960287392255837 0.5296941264995333
13.26788487872902 0.001933453852598166 0.522443369082018
13.34769761191256 0.001906808861009508 0.5152435597066692
13.42799045721921 0.001880356598485872 0.508095828130806
13.50876630275517 0.001854101032081826 0.5010012463020991
13.59002805400002 0.00182804591168917 0.4939608274881281
13.67177863391118 0.00180219476812438 0.4869755257595852
13.7540209830291 0.001776550929636599 0.4800462404509404
13.83675805958297 0.001751117524687819 0.4731738169116805
13.91999283959716 0.00172589747519099 0.4663590446791636
14.00372831699829 0.001700893510295613 0.459602661203657
14.08796750372286 0.001676108174712241 0.4529053540977207
14.17271342982564 0.001651543824023557 0.4462677598692046
14.25796914358864 0.001627202630085203 0.4396904653806168
14.34373771163077 0.001603086594139163 0.4331740113925264
14.43002221901811 0.001579197546944035 0.4267188925987622
14.51682576937491 0.00155553714660058 0.4203255570388508
14.60415148499523 0.001532106892943105 0.413994409986746
14.69200250695523 0.001508908132207547 0.4077258152122052
14.78038199522615 0.001485942052978804 0.4015200938857068
14.86929312878798 0.001463209696192032 0.395377527280925
14.95873910574384 0.001440711963965088 0.3892983591613681
15.04872314343496 0.00141844961811068 0.3832827953783398
15.13924847855642 0.001396423283116666 0.377331004676256
15.2303183672736 0.001374633457777228 0.3714431218355317
15.3219360853393 0.001353080517343092 0.3656192482535984
15.41410492821153 0.001331764711838531 0.3598594514901354
15.50682821117208 0.001310686177068142 0.3541637682412406
15.60010926944577 0.001289844939834348 0.3485322057492632
15.69395145832038 0.001269240916221776 0.3429647413392218
15.7883581532674 0.001248873918039241 0.3374613241595091
15.88333275006339 0.001228743660776911 0.3320218773320159
15.97887866491215 0.001208849764112909 0.3266462980890232
16.07499933456759 0.001189191753397703 0.321334458174302
16.17169821645737 0.001169769068752001 0.3160862063014774
16.26897878880723 0.001150581067919098 0.3109013689247697
16.36684455076612 0.00113162702549723 0.305779750031566
16.46529902253208 0.001112906140363394 0.3007211331484294
16.56434574547881 0.001094417540468832 0.2957252826368982
16.66398828228309 0.001076160282706097 0.2907919436575663
16.76423021705294 0.001058133356682166 0.2859208431896244
16.86507515545651 0.001040335690979832 0.2811116917227675
16.96652672485178 0.00102276615455746 0.2763641836354249
17.06858857441703 0.001005423557575471 0.2716779974180883
17.17126437528214 0.0009883066577013224 0.2670527973769946
17.27455782066058 0.0009714141628128623 0.2624882343646071
17.37847262598229 0.0009547447310584982 0.257983945795873
17.48301252902732 0.0009382969753438734 0.2535395568605801
17.58818129006027 0.0009220694671211539 0.2491546815472692
17.69398269196554 0.0009060607370721317 0.2448289228278166
17.80042054038342 0.0008902692772233859 0.2405618732289778
17.90749866384694 0.0008746935452816289 0.236353116003852
18.01522091391964 0.0008593319661542071 0.2322022255427399
18.12359116533404 0.0008441829326358896 0.2281087675587229
18.23261331613107 0.0008292448092761402 0.2240723001326487
18.34229128780023 0.0008145159345089483 0.2200923742886373
18.45262902542071 0.0007999946212151706 0.2161685341460335
18.56363049780323 0.0007856791592267508 0.2123003175960779
18.67529969763284 0.0007715678179108313 0.2084872570001664
18.78764064161249 0.0007576588470932934 0.2047288794394023
18.90065737060757 0.0007439504783331238 0.2010247070589456
19.0143539497912 0.0007304409275269721 0.1973742577717975
19.12873446879051 0.0007171283961470325 0.1937770455932914
19.24380304183367 0.0007040110719987359 0.1902325808458303
19.35956380789796 0.0006910871313033448 0.1867403707216306
19.47602093085858 0.0006783547401237931 0.1832999196680012
19.59317859963845 0.0006658120551259983 0.1799107295930601
19.71104102835891 0.0006534572249545384 0.176572300237459
19.82961245649123 0.0006412883917049239 0.17328412957221
19.94889714900919 0.0006293036917572819 0.1700457140239573
20.06889939654243 0.0006175012567225327 0.1668565487306455
20.18962351553079 0.0006058792147389678 0.1637161278918719
20.31107384837959 0.0005944356912995044 0.1606239449924206
20.4332547636158 0.0005831688100695248 0.1575794930232529
20.55617065604522 0.000572076693902466 0.1545822647559321
20.67982594691049 0.0005611574655921336 0.1516317529459089
20.80422508405019 0.0005504092486149672 0.1487274505330898
20.92937254205879 0.0005398301680039965 0.1458688508779913
21.05527282244758 0.0005294183509467122 0.1430554479232926
21.18193045380665 0.0005191719273880344 0.1402867363567645
21.30934999196772 0.0005090890309007905 0.1375622118464835
21.43753602016806 0.000499167799146012 0.1348813711652101
21.5664931492153 0.000489406374296217 0.1322437123047647
21.69622601765332 0.0004798029038414829 0.1296487346938387
21.82673929192908 0.0004703555411037293 0.1270959393369599
21.95803766656046 0.0004610624454334067 0.1245848288676407
22.09012586430514 0.0004519217828200785 0.1221149077133644
22.22300863633048 0.0004429317266243659 0.1196856822933663
22.35669076238438 0.0004340904575811147 0.1172966610194891
22.49117705096725 0.0004253961641510074 0.1149473543911933
22.62647233950495 0.0004168470433818726 0.1126372752282933
22.76258149452277 0.0004084413009459212 0.1103659386810192
22.89950941182054 0.0004001771512111892 0.1081328622493217
23.03726101664865 0.0003920528179727696 0.10593756598046
23.17584126388527 0.0003840665348256731 0.1037795725697535
23.31525513821456 0.0003762165449481659 0.1016584073020366
23.45550765430593 0.0003685011015392849 0.09957359816988137
23.59660385699449 0.0003609184685738791 0.0975246760776186
23.73854882146243 0.0003534669204585591 0.09551117474837138
23.88134765342164 0.0003461447421515651 0.09353263075644491
24.02500548929732 0.0003389502300018183 0.09158858375404849
24.16952749641275 0.0003318816916608811 0.08967857644750631
24.31491887317515 0.0003249374458612474 0.08780215453734845
24.46118484926266 0.0003181158230278043 0.08595886688353577
24.60833068581249 0.0003114151657039304 0.08414826562059663
24.7563616756101 0.0003048338280520639 0.08236990602267448
24.90528314327963 0.0002983701761120885 0.08062334657334683
25.05510044547539 0.0002920225886138143 0.0789081491851677
25.20581897107455 0.000285789456490726 0.07722387906827631
25.357444141371 0.0002796691827890166 0.07557010470581696
25.5099814102703 0.0002736601834436824 0.07394639806364942
25.66343626448592 0.0002677608872474738 0.07235233458195922
25.81781422373652 0.0002619697353942475 0.07078749305186562
25.97312084094457 0.000256285181942885 0.0692514557407781
26.12936170243603 0.0002507056943699033 0.06774380854171891
26.28654242814131 0.0002452297529017105 0.06626414079288996
26.44466867179741 0.0002398558506031484 0.06481204530159827
26.6037461211513 0.0002345824942089625 0.06338711856892944
26.76378049816449 0.0002294082036548828 0.06198896066303992
26.92477755921884 0.0002243315117896769 0.06061717514135016
27.08674309532363 0.0002193509650454363 0.05927136923166429
27.24968293232387 0.000214465123559018 0.05795115386498517
27.41360293110984 0.0002096725605353592 0.05665614350347403
27.57850898782788 0.0002049718625491292 0.05538595622196074
27.74440703409252 0.0002003616302216143 0.05414021389084636
27.91130303719981 0.0001958404774877932 0.05291854197805788
28.07920300034196 0.0001914070315223609 0.05172056952905891
28.24811296282329 0.0001870599335335075 0.05054592938133864
28.41803900027744 0.0001827978384153053 0.04939425807048251
28.58898722488593 0.0001786194142833011 0.04826519570468338
28.76096378559799 0.000174523343006549 0.04715838610850359
28.93397486835177 0.0001705083205059219 0.04607347690348226
29.1080266962968 0.0001665730559994237 0.04501011930420931
29.28312553001787 0.0001627162721439916 0.04396796815664229
29.4592776677602 0.0001589367057799665 0.04294668213927141
29.63648944565603 0.0001552331072338471 0.04194592357471516
29.81476723795246 0.0001516042400855633 0.04096535836683457
29.99411745724076 0.000148048881871416 0.04000465619067635
30.17454655468706 0.0001445658239164444 0.03906349044717645
30.35606102026435 0.0001411538707220777 0.03814153809769593
30.53866738298595 0.0001378118403395895 0.03723847976493287
30.72237221114033 0.0001345385648314956 0.03635399985759803
30.90718211252742 0.0001313328894610908 0.03548778635141737
31.09310373469621 0.0001281936726839053 0.03463953078682364
31.28014376518396 0.0001251197868895224 0.03380892846940464
31.46830893175665 0.0001221101178244358 0.03299567831395209
31.65760600265105 0.0001191635642075883 0.03219948274057547
31.84804178681812 0.0001162790383047065 0.03142004782989437
32.03962313416796 0.0001134554659581569 0.0306570833311059
32.23235693581619 0.0001106917858675346 0.02991030246759092
32.42625012433181 0.0001079869498016799 0.0291794219942035
32.62130967398656 0.0001053399231729086 0.0284641623524351
32.81754260100581 0.0001027496842431753 0.02776424745591
33.01495596382091 0.0001002152239762065 0.02707940465042989
33.21355686332307 9.773554671378992e-05 0.0264093648967155
33.4133524431188 9.530966977276141e-05 0.02575386266150766
33.61434988978685 9.293662292955526e-05 0.02511263577828619
33.81655643313671 9.061544884442477e-05 0.02448542556189967
34.01997934646867 8.834520327330531e-05 0.02387197686581348
34.22462594683541 8.612495429172019e-05 0.02327203787239943
34.43050359530524 8.395378235833805e-05 0.02268536011010984
34.63761969722685 8.183078093105186e-05 0.02211169861994969
34.84598170249565 7.975505576377943e-05 0.02155081176546343
35.0555971058218 7.772572462986786e-05 0.0210024611579953
35.26647344699975 7.574191788990717e-05 0.02046641181011977
35.47861831117944 7.380277828347895e-05 0.01994243207936935
35.69203932913916 7.190746031574424e-05 0.01943029350248303
35.90674417756002 7.005513052744888e-05 0.01892977086836505
36.12274057930207 6.82449678478554e-05 0.01844064231345151
36.34003630368208 6.647616281827341e-05 0.01796268911189863
36.55863916675303 6.474791752770444e-05 0.01749569565819315
36.77855703158521 6.30594462010355e-05 0.01703944962608956
36.9997978085491 6.140997464504468e-05 0.01659374181891394
37.22236945559986 5.979873985890983e-05 0.01615836606431847
37.4462799785636 5.822499047060357e-05 0.01573311933220091
37.67153743142533 5.668798671484467e-05 0.01531780172874669
37.89814991661868 5.518699976325064e-05 0.01491221631542785
38.12612558531732 5.372131185132814e-05 0.01451616914331738
38.35547263772817 5.229021671448404e-05 0.01412946937090492
38.58619932338635 5.089301886945662e-05 0.01375192906993039
38.81831394145193 4.952903344099187e-05 0.0133833631785499
39.05182484100842 4.819758667319903e-05 0.01302358963951026
39.2867404213631 4.689801555255535e-05 0.01267242929828029
39.52306913234914 4.562966733162549e-05 0.01232970577435375
39.76081947462954 4.439189982803187e-05 0.01199524554203494
40.00000000000288 4.318408155818629e-05 0.01166887796657459
