##########################################################################################
#
# SZ signal computed with SZpack v1.1.1
# Runmode: CNSN-basis
#
# General parameters:
# xmin= 0.1 xmax= 40 np= 1000
# Dtau= 0.01
# Te= 9keV (The ~ 0.0176126)
# betac= 0 muc= 1
# betao= 0 muo= 1
#
# Runmode specific parameters:
# eps= 0
# Te_order= 20 beta_order= 2
#
##########################################################################################
#
# Output format: x = (h nu/k T0) | x^3 Dn(x) | DI(x) in MJy/sr 
# Here a CMB temperature of T0 = 2.726 K is assumed.
#
##########################################################################################
0.1 -3.414146854765067e-06 -0.0009225451039068306
0.1006015482792701 -3.455271120661028e-06 -0.0009336573939658042
0.1012067151618632 -3.496889824909416e-06 -0.0009449032874403946
0.1018155224154252 -3.539008891537218e-06 -0.0009562843850766525
0.1024279919385451 -3.581634313257313e-06 -0.0009678023061804136
0.1030441457615424 -3.624772152671237e-06 -0.0009794586889423007
0.1036640060472596 -3.668428547200755e-06 -0.0009912551917702973
0.1042875950918594 -3.712609706599018e-06 -0.00100319349261723
0.1049149353256267 -3.757321912233837e-06 -0.001015275288787101
0.1055460493137754 -3.802571521661757e-06 -0.001027502298171059
0.10618095975726 -3.848364969259164e-06 -0.001039876259417934
0.1068196894935924 -3.894708763535186e-06 -0.001052398931208147
0.1074622614976628 -3.941609489872616e-06 -0.001065072092994343
0.1081086988825668 -3.989073814704054e-06 -0.001077897546129838
0.1087590249004362 -4.037108481940544e-06 -0.001090877112903589
0.1094132629432757 -4.085720313600563e-06 -0.00110401263671016
0.1100714365438043 -4.134916215417982e-06 -0.001117305983565055
0.1107335693763015 -4.184703175036976e-06 -0.001130759041616967
0.1113996852574591 -4.235088260424066e-06 -0.001144373720718692
0.1120698081472377 -4.286078624360263e-06 -0.001158151953640955
0.1127439621497288 -4.337681506569497e-06 -0.001172095696647547
0.1134221715140214 -4.389904230182594e-06 -0.001186206928539843
0.1141044606350749 -4.44275420395219e-06 -0.001200487651255299
0.1147908540545956 -4.496238927812405e-06 -0.001214939891369746
0.1154813764619206 -4.55036598917506e-06 -0.001229565699096584
0.1161760526949047 -4.605143062825719e-06 -0.001244367148258687
0.1168749077408149 -4.66057791695519e-06 -0.001259346337918194
0.1175779667372284 -4.716678412509056e-06 -0.001274505392200739
0.118285254972937 -4.773452500576587e-06 -0.00128984645958991
0.118996797888857 -4.830908226574357e-06 -0.001305371714057706
0.119712621078944 -4.889053734127382e-06 -0.001321083356113277
0.1204327502911136 -4.947897260753745e-06 -0.001336983611636849
0.1211572114281675 -5.007447139431391e-06 -0.001353074732303094
0.1218860305487253 -5.067711805342235e-06 -0.001369358997403476
0.1226192338681618 -5.128699792532213e-06 -0.00138583871294375
0.12335684775955 -5.190419732849153e-06 -0.001402516211356961
0.1240988987546095 -5.252880362124636e-06 -0.001419393853173866
0.124845413544661 -5.316090521145754e-06 -0.001436474027285508
0.1255964189815867 -5.380059151917993e-06 -0.001453759149933407
0.1263519420787953 -5.444795301315432e-06 -0.001471251665695884
0.1271120100121947 -5.510308126855238e-06 -0.001488954049048403
0.1278766501211688 -5.576606891817352e-06 -0.001506868803044853
0.128645889909561 -5.64370096601643e-06 -0.00152499845952613
0.1294197570466637 -5.711599833423846e-06 -0.0015433455811797
0.1301982793682135 -5.780313089798742e-06 -0.001561912760899483
0.1309814848773924 -5.849850440428978e-06 -0.001580702621175424
0.1317694017458348 -5.920221706166961e-06 -0.00159971781572445
0.1325620583146414 -5.991436826448531e-06 -0.001618961030306214
0.1333594830953982 -6.063505854411598e-06 -0.001638434981404086
0.1341617047712022 -6.136438959812869e-06 -0.001658142417013295
0.1349687521976928 -6.210246436646997e-06 -0.001678086118699708
0.1357806544040905 -6.284938698129107e-06 -0.001698268900244057
0.13659744059424 -6.360526276452223e-06 -0.001718693607576385
0.1374191401476617 -6.437019830938549e-06 -0.001739363120978628
0.1382457826206078 -6.514430147274924e-06 -0.001760280354878022
0.1390773977471256 -6.592768133857594e-06 -0.001781448256859419
0.1399140154401271 -6.672044827373622e-06 -0.00180286980917345
0.140755665792465 -6.75227139819513e-06 -0.001824548030194118
0.1416023790780148 -6.833459144462194e-06 -0.001846485972819923
0.1424541857527642 -6.91561949410315e-06 -0.001868686725019774
0.1433111164559082 -6.998764014003415e-06 -0.001891153412310515
0.1441732020109516 -7.082904405539614e-06 -0.001913889196550195
0.1450404734268171 -7.168052503015619e-06 -0.001936897275515468
0.1459129618989614 -7.254220281966331e-06 -0.001960180885145369
0.1467906988104967 -7.341419860617884e-06 -0.00198374329993589
0.1476737157333199 -7.429663494710343e-06 -0.002007587831541004
0.148562044429248 -7.518963582323641e-06 -0.00203171783007669
0.1494557168511607 -7.609332671806953e-06 -0.002056136686263556
0.1503547651441497 -7.700783455136924e-06 -0.002080847829632142
0.151259221646675 -7.79332876884014e-06 -0.00210585472877219
0.152169118891728 -7.886981604284344e-06 -0.002131160894113455
0.1530844896080017 -7.98175510458161e-06 -0.002156769877088903
0.1540053667210681 -8.077662561388148e-06 -0.00218268526926998
0.1549317833545624 -8.174717422957137e-06 -0.002208910704542589
0.1558637728313743 -8.272933298376673e-06 -0.002235449860252238
0.156801368674847 -8.372323950860944e-06 -0.002262306455391225
0.1577446046099826 -8.472903301555111e-06 -0.002289484251626769
0.1586935145646554 -8.574685439898284e-06 -0.002316987056101219
0.1596481326708324 -8.677684616858686e-06 -0.002344818719604103
0.1606084932658007 -8.781915244456948e-06 -0.002372983136443323
0.1615746308934029 -8.887391906698984e-06 -0.002401484247399349
0.1625465803052792 -8.994129358691365e-06 -0.002430326039486185
0.1635243764621181 -9.102142521549148e-06 -0.002459512544575403
0.1645080545349132 -9.21144648978068e-06 -0.002489047841391604
0.1654976499062288 -9.322056538713988e-06 -0.002518936057519127
0.1664931981714723 -9.43398811642414e-06 -0.002549181367220714
0.1674947351401746 -9.547256846301721e-06 -0.002579787992131551
0.1685022968372784 -9.661878539415798e-06 -0.002610760204599892
0.1695159195044337 -9.777869188569878e-06 -0.002642102326080907
0.1705356396013016 -9.895244966013858e-06 -0.002673818726518419
0.1715614938068656 -1.001402223450322e-05 -0.002705913827333241
0.172593519020751 -1.013421754943689e-05 -0.002738392102000844
0.1736317523645521 -1.025584765172437e-05 -0.002771258074123979
0.1746762311831677 -1.037892947410166e-05 -0.00280451631913931
0.1757269930461439 -1.050348015191285e-05 -0.002838171467230735
0.1767840757490262 -1.062951701412276e-05 -0.00287222820090089
0.1778475173147181 -1.075705758437468e-05 -0.002906691255256967
0.1789173559948495 -1.088611959475708e-05 -0.002941565421730643
0.1799936302711521 -1.101672098177156e-05 -0.002976855546988581
0.1810763788568441 -1.114887988182412e-05 -0.003012566531714102
0.1821656406980222 -1.128261464186159e-05 -0.003048703333481293
0.1832614549750625 -1.14179438252411e-05 -0.003085270968341003
0.1843638611040305 -1.155488620256485e-05 -0.003122274508344287
0.1854728987380978 -1.169346075657735e-05 -0.003159719082865702
0.1865886077689693 -1.183368669611294e-05 -0.003197609882372097
0.1877110283283176 -1.197558344703079e-05 -0.003235952155973143
0.1888402007892269 -1.211917065135373e-05 -0.003274751211188625
0.1899761657676448 -1.226446818177706e-05 -0.003314012417868915
0.1911189641238435 -1.24114961406548e-05 -0.003353741207921038
0.1922686369638894 -1.256027485295018e-05 -0.003393943073403802
0.1934252256411219 -1.271082487588993e-05 -0.003434623569136516
0.1945887717576404 -1.286316700905819e-05 -0.003475788315426485
0.1957593171658014 -1.301732228345852e-05 -0.003517442995113432
0.1969369039697233 -1.317331196471153e-05 -0.003559593354433536
0.1981215745268011 -1.333115756953099e-05 -0.003602245207471483
0.19931337144923 -1.349088085785952e-05 -0.003645404434035427
0.2005123376055381 -1.365250382954425e-05 -0.003689076978758721
0.2017185161221286 -1.381604873888507e-05 -0.003733268855031026
0.2029319503848305 -1.398153809768116e-05 -0.00377798614582153
0.2041526840404598 -1.414899466546991e-05 -0.003823235001041375
0.205380760998389 -1.431844145766816e-05 -0.003869021639743528
0.2066162254321268 -1.448990176004322e-05 -0.003915352354033021
0.2078591217809067 -1.466339911663956e-05 -0.003962233505804609
0.2091094947512857 -1.483895733090862e-05 -0.004009671527048042
0.2103673893187526 -1.501660048388356e-05 -0.00405767292475912
0.2116328507293451 -1.519635292894955e-05 -0.004106244279526554
0.2129059245012778 -1.537823928553737e-05 -0.0041553922438279
0.2141866564265795 -1.556228445297046e-05 -0.004205123545771205
0.2154750925727398 -1.574851361844348e-05 -0.004255444991250918
0.2167712792843669 -1.593695224460652e-05 -0.004306363460592976
0.2180752631848539 -1.612762607574488e-05 -0.004357885910224675
0.2193870911780562 -1.632056115627273e-05 -0.004410019377671868
0.2207068104499787 -1.651578381868307e-05 -0.004462770978302916
0.2220344684704725 -1.671332068206869e-05 -0.004516147904929013
0.2233701129949433 -1.691319867108617e-05 -0.004570157432928509
0.2247137920660681 -1.711544501478281e-05 -0.004624806919929919
0.2260655540155243 -1.732008723692146e-05 -0.004680103803197589
0.2274254474657272 -1.752715316838267e-05 -0.004736055602982896
0.2287935213315797 -1.773667096063607e-05 -0.004792669926164387
0.2301698248222314 -1.79486690710617e-05 -0.004849954462281425
0.2315544074428487 -1.816317626680578e-05 -0.004907916984576062
0.2329473189963953 -1.838022164636964e-05 -0.004966565355826636
0.2343486095854241 -1.859983462928474e-05 -0.005025907525557834
0.2357583296138787 -1.882204495132347e-05 -0.005085951528746587
0.237176529788907 -1.904688268329784e-05 -0.005146705490901723
0.2386032611226849 -1.927437823524036e-05 -0.005208177629193676
0.2400385749342508 -1.950456234318707e-05 -0.005270376248883106
0.2414825228513524 -1.973746607944449e-05 -0.005333309746095157
0.2429351568123028 -1.997312087162808e-05 -0.005396986612963882
0.2443965290678495 -2.021155848661927e-05 -0.005461415433297236
0.2458666921830531 -2.045281103161554e-05 -0.005526604882860819
0.2473456990391787 -2.069691097766087e-05 -0.005592563735736099
0.2488336028355976 -2.094389115288682e-05 -0.005659300862494058
0.250330457091701 -2.119378473377823e-05 -0.005726825227835098
0.2518363156488252 -2.144662526281786e-05 -0.005795145895356816
0.2533512326721881 -2.170244665904483e-05 -0.005864272030407044
0.2548752626528374 -2.196128320143572e-05 -0.005934212895593207
0.2564084604096108 -2.2223169536472e-05 -0.006004977852827142
0.2579508810911079 -2.248814070212449e-05 -0.006076576369805995
0.2595025801776736 -2.275623211201842e-05 -0.00614901801573342
0.261063613483394 -2.302747955297995e-05 -0.006222312460656627
0.2626340371581039 -2.330191920926466e-05 -0.006296469482013211
0.2642139076894062 -2.357958766113352e-05 -0.006371498964246374
0.2658032819047042 -2.386052187173657e-05 -0.006447410895260722
0.2674022169732455 -2.414475920263164e-05 -0.006524215370615615
0.2690107704081783 -2.443233743128166e-05 -0.006601922598253171
0.2706290000686201 -2.472329473162626e-05 -0.006680542893248459
0.2722569641617388 -2.501766967849608e-05 -0.0067600866790023
0.2738947212448469 -2.531550127519439e-05 -0.006840564494694177
0.2755423302275071 -2.561682894007998e-05 -0.006921986991656747
0.2771998503736515 -2.592169249974207e-05 -0.007004364931531635
0.2788673413037137 -2.6230132212643e-05 -0.007087709192657963
0.2805448629967726 -2.654218877456395e-05 -0.007172030771543879
0.2822324757927104 -2.685790330097241e-05 -0.007257340778101996
0.283930240394383 -2.717731733953794e-05 -0.007343650439031336
0.285638217869803 -2.750047289444665e-05 -0.007430971104387379
0.2873564696543368 -2.782741240540914e-05 -0.007519314241909764
0.2890850575529139 -2.815817874831593e-05 -0.007608691437199401
0.2908240437422505 -2.849281526481592e-05 -0.007699114401710908
0.2925734907730859 -2.883136575360095e-05 -0.007790594970397633
0.294333461572432 -2.917387445847773e-05 -0.0078831450984885
0.2961040194458372 -2.952038609012418e-05 -0.007976776867366876
0.2978852280796634 -2.987094583950068e-05 -0.008071502488194441
0.2996771515433765 -3.022559935599231e-05 -0.008167334296004948
0.3014798542918515 -3.058439275623685e-05 -0.008264284752089669
0.3032934011676903 -3.094737265419493e-05 -0.008362366452122712
0.3051178574035545 -3.13145861406776e-05 -0.008461592120629129
0.3069532886245115 -3.16860807793836e-05 -0.008561974609914126
0.3087997608503953 -3.206190463678469e-05 -0.008663526908138453
0.3106573404981812 -3.244210628020136e-05 -0.008766262138798447
0.3125260943843745 -3.282673476033584e-05 -0.008870193556006219
0.3144060897274139 -3.3215839629901e-05 -0.008975334549523425
0.3162973941500897 -3.360947096541009e-05 -0.009081698650649122
0.3182000756819758 -3.400767934197526e-05 -0.009189299525410019
0.3201142027618771 -3.441051583791021e-05 -0.00929815097580416
0.3220398442402905 -3.481803206860503e-05 -0.009408266948954339
0.3239770693818822 -3.523028016933272e-05 -0.009519661532462196
0.3259259478679787 -3.564731278566386e-05 -0.009632348951818158
0.3278865497990735 -3.606918310195823e-05 -0.009746343578100213
0.3298589456973481 -3.6495944847887e-05 -0.0098616599297363
0.3318432065092091 -3.69276522754193e-05 -0.009978312666285774
0.3338394036078401 -3.736436017325311e-05 -0.01009631659233885
0.3358476087957689 -3.780612389643948e-05 -0.01021568666552138
0.3378678943074497 -3.825299933953103e-05 -0.01033643798923932
0.3399003328118625 -3.870504293624588e-05 -0.01045858581258783
0.3419449974151257 -3.916231169493463e-05 -0.01058214553993497
0.3440019616631268 -3.96248631873476e-05 -0.01070713272788642
0.3460712995441669 -4.009275553267426e-05 -0.01083356308097277
0.3481530854916227 -4.056604742297077e-05 -0.01096145245852033
0.3502473943866234 -4.104479813908367e-05 -0.01109081687895392
0.3523543015607447 -4.152906752264689e-05 -0.01122167251223012
0.3544738827987177 -4.201891598553438e-05 -0.01135403568239148
0.3566062143411555 -4.25144045455457e-05 -0.01148792287720921
0.3587513728872951 -4.30155948005567e-05 -0.01162335074119839
0.3609094355977566 -4.352254892227359e-05 -0.01176033607393022
0.3630804800973185 -4.403532969102854e-05 -0.01189889583943421
0.3652645844777097 -4.45540004927425e-05 -0.01203904716537756
0.3674618273004187 -4.507862529628351e-05 -0.01218080733694703
0.369672287599519 -4.560926867430941e-05 -0.01232419380248091
0.3718960448845125 -4.614599582853917e-05 -0.01246922418029768
0.374133179143189 -4.668887255805601e-05 -0.01261591625013109
0.3763837708445035 -4.723796526320606e-05 -0.01276428795418363
0.3786479009414707 -4.779334098453908e-05 -0.01291435740764883
0.3809256508740766 -4.835506738120661e-05 -0.0130661428928741
0.3832171025722083 -4.89232127177799e-05 -0.01321966285579885
0.3855223384586003 -4.949784589616951e-05 -0.01337493591457951
0.3878414414518001 -5.007903646225159e-05 -0.01353198086138007
0.3901744949691499 -5.066685457683134e-05 -0.013690816654526
0.3925215829297878 -5.126137103067534e-05 -0.01385146242256622
0.3948827897576659 -5.186265727777061e-05 -0.01401393747326009
0.3972582003845871 -5.24707854021583e-05 -0.01417826128461545
0.3996479002532602 -5.308582811554095e-05 -0.01434445350424209
0.402051975320373 -5.370785879644922e-05 -0.01451253395993509
0.4044705120596843 -5.433695147573608e-05 -0.01468252265575517
0.4069035974651345 -5.497318081586943e-05 -0.01485443976643326
0.4093513190539743 -5.561662213790773e-05 -0.0150283056446597
0.4118137648699132 -5.626735143815978e-05 -0.01520414082558591
0.4142910234862858 -5.692544535375062e-05 -0.01538196601751983
0.4167831840092382 -5.759098117105622e-05 -0.01556180210420514
0.4192903360809331 -5.826403686406122e-05 -0.01574367015518595
0.4218125698827739 -5.894469106288423e-05 -0.01592759141730196
0.4243499761386489 -5.963302304418143e-05 -0.01611358731209539
0.4269026461181943 -6.032911276758222e-05 -0.01630167944565637
0.429470671640077 -6.103304087017541e-05 -0.016491889607133
0.4320541450752978 -6.174488863838604e-05 -0.01668423976113213
0.4346531593505136 -6.24647380282903e-05 -0.01687875205320874
0.43726780795138 -6.319267169114095e-05 -0.01707544881676317
0.4398981849259138 -6.392877293542662e-05 -0.01727435256278911
0.4425443848878763 -6.467312572824038e-05 -0.01747548598024341
0.4452065030201759 -6.542581473473048e-05 -0.01767887194670609
0.4478846350782926 -6.618692529173575e-05 -0.01788453352125641
0.4505788773937215 -6.695654339022946e-05 -0.0180924939397289
0.4532893268774382 -6.773475570627563e-05 -0.01830277662307814
0.4560160810233846 -6.852164960511544e-05 -0.01851540517848303
0.458759237911976 -6.931731310650774e-05 -0.01873040338998127
0.4615188962136283 -7.012183489714598e-05 -0.01894779522182463
0.464295155192308 -7.093530436222982e-05 -0.01916760482701001
0.4670881147091019 -7.175781154676262e-05 -0.01938985653682147
0.4698978752258099 -7.258944714932713e-05 -0.01961457485914838
0.4727245378085577 -7.343030255859045e-05 -0.01984178448834953
0.4755682041314329 -7.428046983439842e-05 -0.02007151030014459
0.4784289764801414 -7.514004168226574e-05 -0.020303777344721
0.4813069577556875 -7.600911147649553e-05 -0.0205386108529812
0.4842022514780743 -7.688777327271168e-05 -0.02077603623992899
0.487114961790028 -7.777612176841268e-05 -0.02101607909401072
0.4900451934607434 -7.867425230693504e-05 -0.02125876517818621
0.4929930518896525 -7.958226091045733e-05 -0.0215041204388469
0.4959586431102161 -8.050024424390454e-05 -0.02175217099606234
0.4989420737937372 -8.142829960066892e-05 -0.02200294313972176
0.5019434512531983 -8.236652493242877e-05 -0.0222564633375915
0.504962883447121 -8.331501883833528e-05 -0.02251275823239319
0.5080004789834501 -8.427388053254861e-05 -0.02277185463303152
0.5110563471234592 -8.524320985781464e-05 -0.02303377951826292
0.5141305977856812 -8.622310730315799e-05 -0.02329856004147639
0.5172233415498623 -8.721367396227589e-05 -0.02356622351945102
0.520334689660939 -8.821501152899137e-05 -0.02383679743112739
0.52346475403304 -8.922722232614337e-05 -0.02411030942541402
0.5266136472535116 -9.025040927484811e-05 -0.02438678731288142
0.5297814825869668 -9.128467587231416e-05 -0.02466625905976746
0.5329683739793606 -9.233012621181398e-05 -0.02494875279337391
0.5361744360620875 -9.338686497834605e-05 -0.02523429680089428
0.5393997841561053 -9.445499741124713e-05 -0.02552291951931124
0.5426445342760833 -9.553462930738006e-05 -0.02581464953625792
0.5459088031345746 -9.662586703862403e-05 -0.02610951559474409
0.5491927081462149 -9.77288175112047e-05 -0.02640754658216658
0.5524963674319456 -9.884358815284812e-05 -0.02670877152683815
0.5558198998232626 -9.997028693236282e-05 -0.02701321960327879
0.5591634248664905 -0.0001011090223347705 -0.02732092012549574
0.5625270628270829 -0.0001022599033326213 -0.02763190253923252
0.565910934693948 -0.0001034230393938292 -0.02794619642408612
0.5693151621838011 -0.0001045985404794991 -0.02826383149291989
0.5727398677455418 -0.0001057865170045605 -0.02858483758122627
0.5761851745646592 -0.0001069870798307472 -0.02890924464522976
0.5796512065676627 -0.0001082003402768257 -0.02923708276465084
0.5831380884265391 -0.0001094264100815276 -0.02956838213268977
0.5866459455632378 -0.0001106654013832545 -0.02990317305054263
0.5901749041541815 -0.000111917426726011 -0.03024148592900456
0.5937250911348052 -0.0001131825990378614 -0.03058335128264833
0.5972966342041217 -0.0001144610315985506 -0.03092879972107529
0.6008896618293151 -0.0001157528380341247 -0.03127786194746163
0.6045043032503616 -0.0001170581323097964 -0.03163056875663063
0.6081406884846782 -0.0001183770286920893 -0.03198695102482349
0.6117989483317994 -0.0001197096417326253 -0.0323470397053186
0.6154792143780822 -0.0001210560862637043 -0.03271086582723699
0.619181619001439 -0.0001224164773652315 -0.03307846048660577
0.6229062953760992 -0.0001237909303392454 -0.03344985483947521
0.6266533774773996 -0.0001251795606991045 -0.0338250800989969
0.6304230000866031 -0.0001265824841450822 -0.0342041675288292
0.6342152987957473 -0.0001279998165323617 -0.03458714843448892
0.6380304100125211 -0.0001294316738528225 -0.03497405415843007
0.6418684709651717 -0.0001308781722135473 -0.0353649160742359
0.6457296197074404 -0.0001323394278033011 -0.03575976557756128
0.6496139951235281 -0.0001338155568691445 -0.03615863407981323
0.6535217369330918 -0.0001353066756912371 -0.03656155300134261
0.6574529856962692 -0.0001368129005498793 -0.03696855376253826
0.6614078828187353 -0.0001383343476991056 -0.03737966777669166
0.6653865705567885 -0.0001398711333378397 -0.03779492644220273
0.6693891920224675 -0.0001414233735725261 -0.03821436113248222
0.673415891188699 -0.000142991184390275 -0.0386380031886954
0.6774668128944764 -0.000144574681629707 -0.03906588391188372
0.6815421028500694 -0.0001461739809348709 -0.03949803455051289
0.6856419076422656 -0.000147789197726177 -0.03993448629261879
0.6897663747396426 -0.0001494204471736439 -0.04037527025857824
0.693915652497873 -0.0001510678441467094 -0.04082041748754739
0.6980898901650602 -0.0001527315031724 -0.04126995892615869
0.702289237887107 -0.0001544115384141336 -0.04172392542279287
0.7065138467131162 -0.0001561080636257333 -0.04218234771515306
0.7107638686008243 -0.0001578211920876302 -0.04264525641302603
0.7150394564220665 -0.0001595510365893611 -0.04311268199355275
0.7193407639682761 -0.0001612977093928946 -0.04358465479131863
0.7236679459560159 -0.0001630613221531263 -0.04406120497687043
0.728021158032544 -0.0001648419858879238 -0.04454236254862196
0.7324005567814114 -0.0001666398109545551 -0.04502815732648479
0.736806299728095 -0.0001684549069729206 -0.04551861893112454
0.7412385453456634 -0.0001702873827603252 -0.04601377676633556
0.7456974530604773 -0.0001721373463228964 -0.04651366001672184
0.7501831832579239 -0.0001740049047957262 -0.04701829763152281
0.754695897288186 -0.0001758901643375696 -0.04752771829615937
0.7592357574720454 -0.0001777932301237817 -0.04804195043032555
0.7638029271067222 -0.0001797142063079091 -0.04856102217760993
0.7683975704717476 -0.0001816531959028187 -0.0490849613733752
0.7730198528348741 -0.0001836103007373528 -0.04961379553304582
0.7776699404580188 -0.0001855856214453891 -0.05014755184915193
0.7823480006032453 -0.0001875792573642373 -0.05068625716387477
0.7870542015387785 -0.0001895913064264168 -0.05122993793980372
0.7917887125450584 -0.0001916218651709647 -0.05177862026299183
0.7965517039208285 -0.0001936710286751422 -0.05233232982450206
0.8013433469892614 -0.0001957388903943646 -0.05289109187715439
0.8061638141041211 -0.0001978255421595086 -0.05345493123479813
0.8110132786559631 -0.0001999310741464192 -0.05402387226407239
0.8158919150783704 -0.000202055574715693 -0.05459793884111356
0.8207998988542287 -0.0002041991303355328 -0.05517715433070951
0.8257374065220374 -0.0002063618255951604 -0.055761541589924
0.8307046156822607 -0.0002085437430838868 -0.05635112293541997
0.8357017050037151 -0.0002107449632172395 -0.05694592009647689
0.8407288542299962 -0.0002129655642724188 -0.05754595422457155
0.8457862441859444 -0.000215205622319733 -0.0581512458748509
0.8508740567841485 -0.0002174652109992883 -0.05876181494579102
0.8559924750314897 -0.0002197444015062983 -0.05937768067522745
0.8611416830357236 -0.0002220432625827597 -0.05999886163810591
0.8663218660121029 -0.0002243618603189176 -0.06062537569283574
0.8715332102900397 -0.0002267002580144202 -0.06125723994377211
0.8767759033198074 -0.0002290585162284827 -0.06189447075477104
0.882050133679283 -0.0002314366926487962 -0.06253708371376689
0.8873560910807308 -0.000233834841830511 -0.06318509356224231
0.8926939663776258 -0.000236253015252175 -0.06383851421034366
0.8980639515715189 -0.0002386912612597792 -0.06449735872176125
0.9034662398189428 -0.0002411496247778762 -0.06516163923567009
0.9089010254383604 -0.0002436281472554362 -0.06583136695209936
0.9143685039171535 -0.0002461268666977368 -0.06650655214054958
0.9198688719186553 -0.0002486458174384067 -0.06718720407839579
0.9254023272892237 -0.0002511850299057878 -0.06787333098775594
0.9309690690653579 -0.0002537445307199387 -0.06856494006170216
0.9365692974808579 -0.0002563243425634408 -0.06926203742935114
0.9422032139740265 -0.0002589244838196639 -0.06996462805811886
0.9478710211949153 -0.0002615449686308803 -0.07067271576942392
0.9535729230126136 -0.0002641858068748624 -0.07138630323236368
0.9593091245225821 -0.0002668470038155803 -0.07210539186932861
0.9650798320540293 -0.0002695285599714873 -0.07282998182041127
0.9708852531773335 -0.0002722304712076472 -0.07356007196830025
0.9767255967115094 -0.0002749527284932389 -0.07429565987275499
0.9826010727317186 -0.0002776953175398656 -0.07503674167287223
0.9885118925768263 -0.0002804582189476887 -0.07578331212657345
0.9944582688570029 -0.0002832414080947921 -0.07653536458070946
1.000440415461372 -0.000286044854672223 -0.07729289084542289
1.006458547565703 -0.0002888685227092692 -0.07805588120097817
1.012512881640152 -0.0002917123706092051 -0.07882432440742081
1.018603635457047 -0.0002945763507534901 -0.07959820759762652
1.024731028098722 -0.0002974604092464573 -0.08037751620831336
1.030895279965397 -0.0003003644860862834 -0.08116223402623958
1.037096612783106 -0.0003032885149278824 -0.08195234312413457
1.043335249611672 -0.0003062324225683326 -0.08274782372165507
1.04961141485273 -0.0003091961291283783 -0.08354865423442889
1.055925334257799 -0.0003121795479851293 -0.08435481125586973
1.062277234936404 -0.000315182585213065 -0.08516626940612924
1.068667345364243 -0.0003182051395267977 -0.08598300131663121
1.075095895391404 -0.0003212471024062953 -0.08680497766390817
1.081563116250635 -0.000324308357677887 -0.08763216705638384
1.088069240565661 -0.0003273887810875444 -0.08846453591906857
1.094614502359551 -0.0003304882405623835 -0.08930204856422021
1.101199137063137 -0.0003336065960021267 -0.09014466713499471
1.107823381523478 -0.000336743698606709 -0.09099235142375675
1.114487474012384 -0.0003398993910539501 -0.09184505892008921
1.121191654234987 -0.0003430735075113896 -0.09270274481399093
1.127936163338358 -0.0003462658730052789 -0.09356536182537058
1.134721243920186 -0.000349476303220197 -0.09443286014990035
1.141547140037501 -0.0003527046047437439 -0.09530518752513506
1.148414097215454 -0.0003559505746560376 -0.09618228911958934
1.155322362456149 -0.0003592139998924026 -0.09706410736052781
1.162272184247527 -0.0003624946575910383 -0.09795058202790963
1.169263812572304 -0.0003657923149430486 -0.09884165021386462
1.176297498916961 -0.0003691067283786388 -0.09973724610279344
1.183373496280794 -0.0003724376436790898 -0.1006373010016243
1.19049205918501 -0.0003757847961108833 -0.1015417433760556
1.197653443681885 -0.0003791479097584428 -0.102450498670254
1.204857907363973 -0.000382526697116853 -0.1033634891968018
1.212105709373372 -0.0003859208594794189 -0.104280634241421
1.219397110411042 -0.0003893300865728156 -0.1052018499643856
1.22673237274619 -0.0003927540556936922 -0.1061270491672213
1.234111760225694 -0.0003961924321103762 -0.1070561414012515
1.241535538283603 -0.0003996448690131864 -0.1079890329541703
1.249003973950675 -0.0004031110065953213 -0.1089256266016882
1.256517335863991 -0.0004065904720231985 -0.1098658215995164
1.264075894276612 -0.0004100828797365203 -0.1108095137644492
1.271679921067302 -0.0004135878307932447 -0.111756595297366
1.279329689750306 -0.0004171049122016803 -0.112706954602756
1.287025475485191 -0.0004206336974587883 -0.1136604764341734
1.294767555086741 -0.0004241737462699599 -0.1146170418185181
1.302556207034913 -0.0004277246034840157 -0.1155765277682591
1.310391711484858 -0.0004312857994794606 -0.1165388073858054
1.318274350276994 -0.0004348568502703255 -0.1175037498921059
1.326204406947145 -0.0004384372565369635 -0.1184712203647583
1.334182166736741 -0.0004420265033755518 -0.1194410796703214
1.342207916603075 -0.000445624060800461 -0.1204131846000614
1.350281945229628 -0.0004492293831587503 -0.1213873877117417
1.358404543036452 -0.0004528419081760106 -0.1223635370717972
1.366576002190616 -0.0004564610576251323 -0.1233414764360441
1.374796616616712 -0.0004600862371773608 -0.1243210452094329
1.383066682007434 -0.0004637168351951349 -0.1253020781198587
1.391386495834208 -0.0004673522230110916 -0.1262844052935514
1.399756357357896 -0.0004709917552475902 -0.1272678523414155
1.408176567639557 -0.0004746347688700217 -0.1282522401032218
1.416647429551278 -0.0004782805826500855 -0.1292373845025787
1.425169247787069 -0.0004819284978894279 -0.1302230967424683
1.433742328873819 -0.0004855777979628274 -0.131209183181809
1.442366981182327 -0.0004892277471023376 -0.132195445006916
1.45104351493839 -0.0004928775911355153 -0.1331816784309798
1.459772242233963 -0.0004965265575265619 -0.1341676747051829
1.468553477038385 -0.0005001738541140228 -0.1351532197776106
1.477387535209671 -0.0005038186691892965 -0.136138094314465
1.486274734505876 -0.0005074601720778141 -0.137122073857107
1.495215394596523 -0.0005110975122992554 -0.1381049285951364
1.504209837074101 -0.0005147298187156637 -0.1390864231362016
1.513258385465633 -0.00051835620046628 -0.1400663167586036
1.522361365244312 -0.0005219757466939662 -0.1410443633373722
1.531519103841213 -0.0005255875251582401 -0.1420203109694904
1.540731930657063 -0.0005291905829394911 -0.142993902164183
1.550000177074097 -0.0005327839467377957 -0.1439648739236594
1.55932417646797 -0.0005363666216635968 -0.1449329574163406
1.568704264219756 -0.0005399375910441886 -0.1458978779245689
1.578140777728008 -0.0005434958172915612 -0.1468593550791104
1.587634056420891 -0.0005470402412554611 -0.1478171026843437
1.597184441768398 -0.0005505697810893686 -0.1487708284118328
1.606792277294626 -0.0005540833333446262 -0.1497202340959746
1.616457908590138 -0.0005575797729370455 -0.1506650157249753
1.626181683324388 -0.000561057951724817 -0.151604863056584
1.635963951258232 -0.0005645166990709332 -0.1525394597700665
1.645805064256506 -0.0005679548224536412 -0.1534684836311573
1.655705376300682 -0.0005713711064303222 -0.1543916062120866
1.665665243501602 -0.000574764312151007 -0.1553084927601264
1.675685024112287 -0.000578133178502114 -0.1562188025066426
1.685765078540822 -0.0005814764217263967 -0.1571221885644002
1.695905769363321 -0.0005847927341236866 -0.1580182975764877
1.70610746133697 -0.0005880807852065054 -0.1589067700285782
1.716370521413142 -0.0005913392219654376 -0.1597872403206359
1.726695318750602 -0.0005945666675730859 -0.1606593364167092
1.737082224728785 -0.0005977617217317872 -0.1615226799388876
1.747531612961148 -0.0006009229616153971 -0.1623768864217836
1.758043859308618 -0.0006040489411231423 -0.1632215651109145
1.768619341893104 -0.0006071381901596889 -0.1640563187681678
1.779258441111101 -0.0006101892159984638 -0.1648807440401875
1.789961539647373 -0.0006132005032205279 -0.1656944314418572
1.800729022488719 -0.0006161705124504922 -0.1664969650147284
1.811561276937818 -0.0006190976814514002 -0.1672879226228719
1.822458692627162 -0.0006219804257338686 -0.1680668761174747
1.83342166153307 -0.000624817137552484 -0.1688333910656545
1.844450577989788 -0.0006276061860380184 -0.1695870267861852
1.855545838703674 -0.000630345918440293 -0.1703273366853349
1.866707842767465 -0.0006330346597650338 -0.1710538681587393
1.877936991674634 -0.0006356707119817263 -0.1717661623773545
1.88923368933383 -0.000638252355503191 -0.1724637546872564
1.90059834208341 -0.0006407778494777294 -0.1731461746885826
1.912031358706049 -0.0006432454307934039 -0.173812945966476
1.923533150443451 -0.0006456533150358509 -0.1744635863498982
1.935104131011135 -0.0006479996974364556 -0.1750976081678378
1.946744716613318 -0.0006502827523095244 -0.1757145180972279
1.958455325957888 -0.0006525006330744637 -0.1763138171689383
1.970236380271462 -0.0006546514737108073 -0.176895001160943
1.982088303314539 -0.0006567333888267897 -0.1774575606168488
1.994011521396743 -0.0006587444730570924 -0.1780009806831593
2.006006463392153 -0.0006606828025309803 -0.1785247415059832
2.018073560754737 -0.0006625464355211095 -0.179028318406351
2.030213247533863 -0.0006643334119389364 -0.1795111817438674
2.042425960389917 -0.0006660417541808166 -0.1799727971453386
2.05471213861001 -0.0006676694683372459 -0.1804126258315235
2.067072224123773 -0.000669214544170662 -0.1808301246111362
2.079506661519261 -0.0006706749552585935 -0.181224745919526
2.092015898058938 -0.0006720486605188395 -0.1815959382308005
2.104600383695769 -0.0006733336047025848 -0.1819431461910713
2.117260571089404 -0.0006745277182975139 -0.1822658105922739
2.129996915622458 -0.0006756289188960498 -0.1825633687418833
2.142809875416892 -0.0006766351121415088 -0.1828352547185766
2.155699911350493 -0.0006775441918862303 -0.1830808994149619
2.16866748707345 -0.0006783540410905706 -0.1832997307804974
2.181713069025031 -0.0006790625331348398 -0.1834911741759933
2.194837126450363 -0.0006796675323603699 -0.1836546525198147
2.208040131417308 -0.0006801668946745542 -0.1837895864513717
2.221322558833443 -0.0006805584689828521 -0.183895394718064
2.234684886463145 -0.0006808400980393241 -0.1839714944051069
2.248127594944775 -0.0006810096191312376 -0.1840173011205197
2.261651167807962 -0.0006810648653921534 -0.1840322293499385
2.275256091491004 -0.0006810036668844577 -0.1840156927491293
2.288942855358358 -0.0006808238514994267 -0.1839671043871975
2.302711951718243 -0.0006805232462244274 -0.1838858770890009
2.316563875840352 -0.0006800996783325854 -0.1837714237566125
2.330499125973664 -0.0006795509764138731 -0.1836231576479342
2.344518203364364 -0.0006788749718257605 -0.18344049276868
2.358621612273878 -0.0006780694999200827 -0.1832228442038913
2.372809859997005 -0.0006771324010953492 -0.1829696284022839
2.387083456880169 -0.0006760615224314088 -0.1826802636179549
2.401442916339774 -0.0006748547191696455 -0.1823541703103502
2.415888754880671 -0.0006735098556640988 -0.1819907714012689
2.430421492114737 -0.00067202480697376 -0.1815894927051216
2.445041650779565 -0.0006703974609272355 -0.1811497634868287
2.459749756757268 -0.0006686257189440881 -0.1806710166837562
2.474546339093393 -0.0006667074973846815 -0.1801526892704613
2.489431930015952 -0.0006646407301472238 -0.1795942229604459
2.504407064954564 -0.0006624233697367632 -0.1789950644950119
2.519472282559719 -0.0006600533882381121 -0.1783546659061583
2.534628124722145 -0.0006575287799065677 -0.1776724852166259
2.549875136592308 -0.0006548475632108556 -0.1769479869919258
2.565213866600017 -0.0006520077813066897 -0.176180642468302
2.580644866474148 -0.0006490075041247486 -0.1753699301169279
2.596168691262497 -0.0006458448316737315 -0.1745153365364337
2.611785899351737 -0.0006425178943156255 -0.1736163565272868
2.627497052487508 -0.0006390248541531099 -0.1726724934666861
2.64330271579462 -0.0006353639088763162 -0.1716832603480043
2.659203457797384 -0.0006315332929420577 -0.1706481800994306
2.675199850440056 -0.0006275312780595216 -0.1695667857152104
2.691292469107416 -0.0006233561765439761 -0.1684386211618594
2.707481892645458 -0.0006190063444218362 -0.167263242217191
2.723768703382218 -0.000614480181068449 -0.1660402163724409
2.740153487148712 -0.0006097761314631823 -0.1647691234416208
2.756636833300016 -0.0006048926910108774 -0.1634495568643347
2.77321933473646 -0.0005998284052898157 -0.1620811236376766
2.789901587924954 -0.0005945818710588426 -0.1606634445883678
2.806684192920446 -0.0005891517411985519 -0.1591961557079268
2.823567753387507 -0.0005835367264590113 -0.1576789086249262
2.840552876622036 -0.0005777355949780258 -0.1561113704748219
2.857640173573115 -0.0005717471760025318 -0.1544932249055198
2.874830258864976 -0.000565570364513226 -0.1528241733270086
2.892123750819116 -0.0005592041197638503 -0.1511039345166564
2.909521271476531 -0.0005526474672745328 -0.1493322451578357
2.927023446620097 -0.000545899505111415 -0.1475088615367579
2.944630905797074 -0.0005389594034181055 -0.1456335594158658
2.962344282341753 -0.0005318264044930951 -0.1437061340547519
2.980164213398238 -0.0005244998283949748 -0.1417264017247592
2.998091339943359 -0.0005169790757916947 -0.1396942004788851
3.016126306809736 -0.0005092636260591308 -0.1376093896379917
3.034269762708964 -0.0005013530408187717 -0.1354718507467325
3.052522360254954 -0.0004932469702862316 -0.1332814892889993
3.070884755987404 -0.0004849451506863207 -0.1310382339894429
3.089357610395416 -0.0004764474054544153 -0.1287420371380976
3.107941587941251 -0.0004677536525358857 -0.1263928765627781
3.126637357084233 -0.0004588639042215873 -0.1239907555846269
3.14544559030479 -0.0004497782657169471 -0.1215357026314639
3.164366964128648 -0.0004404969407421162 -0.1190277727510172
3.183402159151157 -0.0004310202358937455 -0.1164670487895296
3.202551860061779 -0.0004213485570324144 -0.1138536404155965
3.221816755668715 -0.0004114824120270582 -0.1111876848617449
3.241197538923678 -0.0004014224185482437 -0.1084693490302729
3.260694906946819 -0.0003911693006930021 -0.1056988285812386
3.280309561051807 -0.0003807238887857865 -0.1028763478786753
3.300042206771049 -0.000370087126925727 -0.1000021620299544
3.319893553881069 -0.0003592600736745736 -0.09707655707167628
3.339864316428041 -0.000348243898658364 -0.09409984905139863
3.359955212753471 -0.0003370398873609608 -0.09107238532290959
3.380166965520037 -0.0003256494470452732 -0.08799454614621616
3.400500301737581 -0.0003140741014414607 -0.08486674325223036
3.42095595278926 -0.0003023154921191992 -0.08168942021357274
3.441534654457853 -0.0002903753868903162 -0.0784630547150692
3.46223714695223 -0.0002782556762805931 -0.07518815760038808
3.483064174933973 -0.0002659583713596148 -0.07186527228563834
3.504016487544163 -0.0002534856105554943 -0.06849497660079316
3.525094838430328 -0.0002408396615134465 -0.06507788329189997
3.546299985773546 -0.0002280229155606088 -0.06161463852540568
3.567632692315724 -0.0002150378909282313 -0.05810592275883277
3.589093725387028 -0.0002018872396959932 -0.05455245261722035
3.610683856933487 -0.0001885737412027157 -0.05095497911261646
3.632403863544755 -0.0001751003015321923 -0.0473142875051429
3.654254526482051 -0.0001614699613437622 -0.04363119941891411
3.676236631706256 -0.0001476858928341684 -0.03990657202109318
3.698350969906183 -0.0001337513952255861 -0.03614129680270085
3.720598336527025 -0.0001196698998537193 -0.03233630095348267
3.742979531798957 -0.0001054449734479702 -0.02849254824825176
3.765495360765927 -9.108030989297562e-05 -0.02461103682075312
3.788146633314612 -7.657973133088319e-05 -0.02069279946151239
3.810934164203546 -6.194719626611791e-05 -0.01673890580784496
3.833858773092431 -4.718679153596775e-05 -0.01275046017420795
3.856921284571616 -3.230272938293704e-05 -0.008728600761113576
3.880122528191761 -1.729935363986038e-05 -0.004674501326424108
3.903463338493672 -2.18113758477574e-06 -0.0005893706057118306
3.926944555038322 1.304732269876155e-05 0.003525549481867027
3.950567022437048 2.838130580877153e-05 0.007668983154553368
3.974331590381932 4.381596188394572e-05 0.01183961991927378
3.998239113676364 5.934632126010427e-05 0.01603611691072335
4.02229045226579 7.496729570302225e-05 0.02025709922449068
4.046486471268643 9.067367327003988e-05 0.02450115852860087
4.070828041007458 0.0001064601251337137 0.02876685490735118
4.095316037040186 0.0001223212104569742 0.03305271817863961
4.119951340191675 0.0001382513731854022 0.03735724702719776
4.144734836585366 0.0001542449440221371 0.04167890953823587
4.169667417675155 0.0001702961484472853 0.04601614536438696
4.194749980277468 0.0001863991069458864 0.05036736578730622
4.219983426603512 0.0002025478330362852 0.05473095318491249
4.24536866429173 0.0002187362421253782 0.05910526342418639
4.270906606440451 0.0002349581549237176 0.06348862678397407
4.296598171640729 0.0002512072953157885 0.06787934737950956
4.322444284009386 0.0002674772965412299 0.07227570483265781
4.348445873222255 0.0002837617076086804 0.07667595600501592
4.374603874547618 0.00030005399345231 0.08107833504020986
4.400919228879844 0.0003163475373947833 0.08548105402941804
4.42739288277324 0.0003326356495079547 0.08988230527053541
4.454025788476091 0.0003489115693995091 0.0942802620211587
4.480818903964917 0.0003651684669053428 0.09867307868567622
4.50777319297893 0.0003813994501932702 0.1030588930049907
4.534889625054696 0.0003975975707114577 0.1074358273936478
4.562169175561013 0.0004137558247816505 0.111801989370346
4.589612825733993 0.0004298671595580216 0.1161554731680919
4.617221562712357 0.0004459244797150806 0.1204943615413569
4.644996379572944 0.0004619206507103996 0.124816726647706
4.672938275366425 0.0004778485031992494 0.129120631240688
4.701048255153248 0.0004937008403369098 0.133404130643011
4.729327330039782 0.000509470442295286 0.1376652739669881
4.757776517214689 0.0005251500707878223 0.1419021053372259
4.786396839985513 0.0005407324759225466 0.1461126657424026
4.815189327815487 0.0005562104014539698 0.150294994454397
4.844155016360561 0.0005715765900199425 0.1544471304433518
4.873294947506656 0.000586823789866253 0.1585671141947452
4.902610169407141 0.0006019447602072129 0.1626529891578867
4.932101736520533 0.0006169322766267162 0.1667028032053517
4.961770709648425 0.0006317791387442182 0.1707146107044242
4.991618155973645 0.0006464781753546207 0.1746864739059581
5.021645149098641 0.000661022249373139 0.178616464280542
5.051852769084097 0.0006754042662635034 0.1825026647959044
5.082242102487784 0.0006896171801033045 0.1863431715558459
5.112814242403641 0.0007036539974260555 0.190136094838412
5.1435702885011 0.0007175077850381658 0.1938795612081377
5.174511347064628 0.0007311716787850362 0.1975717158847548
5.205638531033534 0.0007446388860301254 0.2012107234130676
5.23695296004199 0.0007579026916806006 0.2047947692911585
5.26845576045931 0.0007709564696051013 0.2083220630556102
5.300148065430462 0.0007837936852735063 0.2117908389948039
5.332031014916829 0.000796407899432812 0.2151993571421876
5.364105755737212 0.0008087927794234302 0.2185459063340807
5.39637344160908 0.0008209421054970088 0.2218288059168284
5.42883523319007 0.0008328497714723374 0.2250464059240353
5.461492298119737 0.0008445097933748888 0.2281970894110774
5.494345811061548 0.0008559163211281702 0.2312792756142516
5.52739695374514 0.0008670636371653971 0.2342914195756317
5.560646915008824 0.0008779461613380209 0.2372320134694151
5.594096890842349 0.0008885584652898566 0.2400995904859904
5.627748084429916 0.0008988952732680148 0.242892725051062
5.661601706193463 0.0009089514626942955 0.2456100329800478
5.695658973836199 0.0009187220764623742 0.248250174800932
5.729921112386407 0.0009282023306195844 0.2508118578299792
5.764389354241504 0.0009373876105240653 0.2532938351333474
5.799064939212376 0.0009462734782736583 0.2556949075344684
5.833949114567966 0.0009548556871662393 0.2580139275214107
5.869043135080146 0.0009631301764950904 0.2602497978405233
5.904348263068843 0.0009710930736219582 0.2624014720566025
5.939865768447451 0.000978740709380073 0.2644679587149794
5.975596928768503 0.0009860696183215296 0.266448321408366
6.01154302926963 0.0009930765347405236 0.2683416777022833
6.047705362919785 0.0009997584036422317 0.2701472020989901
6.084085230465758 0.001006112390298228 0.2718641286194756
6.120683940478954 0.001012135871541078 0.2734917484511506
6.15750280940247 0.001017826440225657 0.2750294111533499
6.194543161598441 0.001023181920892122 0.2764765288896651
6.231806329395683 0.001028200361983027 0.2778325743249097
6.269293653137611 0.001032880033685407 0.2790970800420252
6.307006481230453 0.001037219441884562 0.280269642312566
6.344946170191752 0.001041217328999876 0.2813499213225502
6.383114084699157 0.001044872664939393 0.2823376387282702
6.421511597639515 0.001048184654674779 0.2832325797031452
6.460140090158249 0.001051152749064228 0.2840345958622034
6.499000951709037 0.001053776632139134 0.2847436018267829
6.538095580103793 0.001056056221467615 0.2853595753227598
6.577425381562945 0.001057991682501214 0.2858825610572069
6.616991770766014 0.001059583420034206 0.2863126684105907
6.656796170902505 0.00106083207122451 0.2866500695509353
6.696840013723089 0.001061738515813894 0.2868950021954502
6.737124739591115 0.001062303877925951 0.2870477700963635
6.777651797534409 0.001062529512660493 0.2871087394185627
6.818422645297399 0.001062417009052124 0.2870783395390353
6.859438749393552 0.001061968200370571 0.28695706583015
6.900701585158119 0.001061185149334035 0.2867454756641155
6.942212636801205 0.001060070144037079 0.286444187312649
6.983973397461158 0.001058625708513716 0.2860538828012516
7.025985369258271 0.001056854594864596 0.2855753057818776
7.068250063348816 0.001054759772084694 0.2850092585140356
7.110768999979402 0.001052344431142866 0.2843566032373479
7.153543708541653 0.001049611987019929 0.2836182627222656
7.196575727627224 0.001046566062811113 0.2827952159743518
7.239866605083138 0.001043210488013227 0.2818884977714536
7.28341789806747 0.001039549305856138 0.2808992006447588
7.327231173105349 0.001035586758879408 0.2798284709814226
7.37130800614531 0.001031327280993147 0.2786775068793116
7.41564998261598 0.001026775502607629 0.2774475595330901
7.460258697483103 0.001021936243985113 0.2761399314377988
7.505135755306914 0.001016814501660758 0.2747559727196168
7.550282770299852 0.001011415448238989 0.2732970810808367
7.59570136638462 0.001005744433114455 0.2717647019946767
7.641393177252606 0.0009998069666008076 0.2701603244166791
7.687359846422636 0.000993608714548237 0.2684854793303001
7.733603027300095 0.000987155500896868 0.2667417404368703
7.780124383236402 0.0009804532951373044 0.2649307207672764
7.826925587588838 0.0009735082022822176 0.2630540699721601
7.874008323780734 0.0009663264625365763 0.2611134742328095
7.921374285362025 0.0009589144449679801 0.2591106545508042
7.969025176070168 0.0009512786341660854 0.257047363143226
8.016962709891423 0.0009434256260208176 0.2549253823018788
8.065188611122505 0.0009353621253487172 0.2527465237518978
8.113704614432605 0.0009270949324469209 0.2505126250184673
8.162512464925786 0.0009186309358009817 0.2482255474563826
8.211613918203758 0.0009099771094086129 0.2458871755268925
8.26101074042902 0.0009011405025501286 0.2434994140335442
8.310704708388393 0.0008921282300842759 0.2410641854999963
8.360697609556926 0.0008829474677956212 0.2385834289128244
8.410991242162195 0.0008736054452514152 0.2360590977913567
8.461587415248985 0.0008641094352293 0.2334931573309088
8.512487948744354 0.0008544667475020902 0.2308875827233537
8.563694673523104 0.0008446847225192935 0.2282443574497899
8.615209431473632 0.0008347707217155486 0.2255654706617602
8.667034075564182 0.0008247321205545341 0.2228529153016293
8.719170469909495 0.0008145763017192623 0.2201086862625156
8.771620489837867 0.0008043106464401333 0.2173347780450241
8.824386021958594 0.0007939425276338401 0.2145331829032918
8.877468964229841 0.0007834793031201907 0.2117058890120894
8.930871226026907 0.000772928306604246 0.2088548780300815
8.984594728210904 0.0007622968416108612 0.2059821234608646
9.038641403197854 0.0007515921755698343 0.2030895890546999
9.09301319502819 0.000740821530194694 0.200179226208742
9.147712059436689 0.0007299920752757101 0.1972529722898326
9.202739963922818 0.0007191109245230568 0.1943127495112716
9.258098887821502 0.0007081851267969455 0.1913604625630894
9.313790822374321 0.0006972216566527167 0.1883979960572124
9.369817770801134 0.0006862274144676882 0.1854272145617392
9.426181748372137 0.0006752092200254379 0.1824499608673339
9.482884782480346 0.0006641737968017509 0.1794680517410925
9.539928912714528 0.0006531277747174897 0.1764832786704031
9.597316190932558 0.0006420776879795254 0.1734974072795381
9.655048681335227 0.0006310299628198908 0.1705121740166208
9.713128460540494 0.0006199909028275262 0.1675292821900797
9.771557617658175 0.0006089667168269853 0.164550409501823
9.830338254365088 0.000597963513525163 0.1615772066007175
9.889472484980656 0.00058698717354685 0.1586112625049981
9.948962436542953 0.0005760435125293552 0.1556541486724706
10.00881024888521 0.0005651382930788342 0.1527074222312613
10.06901807471279 0.0005542770357772879 0.1497725749115483
10.12958807968063 0.0005434651344677656 0.1468510641970627
10.1905224424711 0.0005327078646295782 0.1439443155881756
10.25182335487242 0.0005220103408178289 0.1410537111015285
10.31349302185747 0.0005113775256714868 0.1381805917041266
10.3755336616631 0.0005008142341054023 0.135326258446074
10.43794750586993 0.0004903251258803656 0.1324919704529108
10.50073679948262 0.000479914697419037 0.1296789427141752
10.56390380101059 0.0004695872888314437 0.1268883479817804
10.62745078254932 0.0004593470829721982 0.1241213165152635
10.69138002986203 0.0004491980947059338 0.1213789331811715
10.7556938424619 0.0004391441750741036 0.1186622385789834
10.82039453369479 0.0004291890155817444 0.1159722301994465
10.88548443082247 0.0004193361406133093 0.1133098603752401
10.95096587510631 0.0004095889045923929 0.1106760355134974
11.01684122189147 0.0003999505007067526 0.1080716184534158
11.08311284069168 0.0003904239585150617 0.1054974278195712
11.14978311527443 0.0003810121355780562 0.1029542357605495
11.21685444374672 0.0003717177268981032 0.1004427704996359
11.28432923864131 0.0003625432675371286 0.09796371704221173
11.35220992700354 0.0003534911245223586 0.09551771498858445
11.42049895047856 0.0003445635010962223 0.09310535968236471
11.48919876539923 0.0003357624444201722 0.09072720429213464
11.55831184287442 0.0003270898415903252 0.08838375873482443
11.62784066887791 0.0003185474168078691 0.08607548891112068
11.69778774433782 0.0003101367423004618 0.08380281965656497
11.76815558522656 0.0003018592392344806 0.08156613498805497
11.83894672265132 0.0002937161713459886 0.07936577638285193
11.91016370294514 0.0002857086544004171 0.07720204533470511
11.98180908775847 0.0002778376616321566 0.07507520482369712
12.05388545415131 0.0002701040191525237 0.07298547807541929
12.12639539468595 0.0002625084094306828 0.07093304950156006
12.19934151752018 0.0002550513807306897 0.06891806724991209
12.27272644650111 0.0002477333466083321 0.06694064306841223
12.34655282125957 0.000240554584095338 0.06500085181449199
12.42082329730504 0.0002335152431025884 0.06309873399594293
12.49554054612116 0.0002266153518936936 0.06123429724994549
12.57070725526186 0.0002198548171114643 0.05940751635022153
12.64632612844798 0.0002132334071938301 0.0576183287258087
12.72239988566455 0.0002067508111936321 0.05586665035490271
12.79893126325863 0.0002004066575132329 0.05415238082718273
12.87592301403773 0.000194200260464426 0.0524753348611349
12.95337790736882 0.0001881309419340045 0.05083532922210489
13.03129872927796 0.0001821981109776327 0.04923220422955553
13.10968828255048 0.0001764008677536119 0.04766571673502579
13.18854938683184 0.0001707382398703656 0.046135603986172
13.26788487872902 0.0001652092211451868 0.04464159409986503
13.34769761191256 0.0001598126965299291 0.04318338577617494
13.42799045721921 0.0001545474726927388 0.04176065656193684
13.50876630275517 0.0001494122848126757 0.04037306468674203
13.59002805400002 0.0001444057938226633 0.03902024831794895
13.67177863391118 0.0001395265904931723 0.03770182666414532
13.7540209830291 0.0001347732029648965 0.03641740201057123
13.83675805958297 0.0001301440995518692 0.03516656047655626
13.91999283959716 0.0001256376895642438 0.03394887223784496
14.00372831699829 0.0001212523299345791 0.03276389331710187
14.08796750372286 0.0001169863295919084 0.03161116676583976
14.17271342982564 0.0001128379506845385 0.03049022299483498
14.25796914358864 0.000108805412857022 0.02940058092981887
14.34373771163077 0.0001048868984925991 0.02834174942805103
14.43002221901811 0.0001010805548822399 0.02731322786442146
14.51682576937491 9.738449675892371e-05 0.02631450681624467
14.60415148499523 9.379681148022441e-05 0.02534506946365886
14.69200250695523 9.031556189441521e-05 0.02440439236408314
14.78038199522615 8.693878834227906e-05 0.02349194599313181
14.86929312878798 8.366451281449417e-05 0.02260719586799176
14.95873910574384 8.04907422029741e-05 0.02174960342597517
15.04872314343496 7.741547046357847e-05 0.02091862660891096
15.13924847855642 7.443668170830765e-05 0.02011372069869435
15.2303183672736 7.155235338784271e-05 0.01933433917724898
15.3219360853393 6.876045850114004e-05 0.01857993432358685
15.41410492821153 6.605896825980635e-05 0.01784995793375579
15.50682821117208 6.344585480893579e-05 0.01714386205604358
15.60010926944577 6.091909322750461e-05 0.01646109953150958
15.69395145832038 5.847666404228828e-05 0.0158011246732765
15.7883581532674 5.611655562734015e-05 0.01516339391489952
15.88333275006339 5.383676576304974e-05 0.01454736623164327
15.97887866491215 5.163530376498811e-05 0.01395250371572245
16.07499933456759 4.951019304109685e-05 0.01337827226728621
16.17169821645737 4.745947209042868e-05 0.01282414186429033
16.26897878880723 4.548119600099503e-05 0.01228958696723434
16.36684455076612 4.357343918461576e-05 0.01177408725815206
16.46529902253208 4.173429620448977e-05 0.0112771278642315
16.56434574547881 3.996188250878359e-05 0.01079819955603965
16.66398828228309 3.825433677326118e-05 0.01033679938053033
16.76423021705294 3.660982233562813e-05 0.009892431048621871
16.86507515545651 3.502652706348478e-05 0.009464604899516407
16.96652672485178 3.350266484252275e-05 0.009052838302829149
17.06858857441703 3.20364778591415e-05 0.008656656275379902
17.17126437528214 3.062623594128841e-05 0.008275591303079796
17.27455782066058 2.927023708509129e-05 0.007909183483233981
17.37847262598229 2.796680987799923e-05 0.007556981179304532
17.48301252902732 2.671431331098134e-05 0.007218540970164208
17.58818129006027 2.551113626743446e-05 0.00689342751199293
17.69398269196554 2.435569923524735e-05 0.006581214000898895
17.80042054038342 2.324645535117091e-05 0.006281482455120458
17.90749866384694 2.218188899621592e-05 0.005993823335485066
18.01522091391964 2.116051644457576e-05 0.005717835720756264
18.12359116533404 2.018088785675281e-05 0.005453127846201343
18.23261331613107 1.924158574119444e-05 0.00519931668790618
18.34229128780023 1.834122457134449e-05 0.004956027859297767
18.45262902542071 1.747845261039221e-05 0.00472289610421414
18.56363049780323 1.665195142603437e-05 0.004499565165787066
18.67529969763284 1.586043445703148e-05 0.004285687399107628
18.78764064161249 1.510264794973424e-05 0.004080924024287351
18.90065737060757 1.437737187936e-05 0.003884945375398626
19.0143539497912 1.368341787781967e-05 0.003697430340547663
19.12873446879051 1.301962914895919e-05 0.003518066338971662
19.24380304183367 1.238488203755345e-05 0.003346549745000586
19.35956380789796 1.177808433535259e-05 0.0031825854303297
19.47602093085858 1.119817423278582e-05 0.003025886480756866
19.59317859963845 1.064412145924098e-05 0.002876174504300315
19.71104102835891 1.011492690439724e-05 0.002733179528878015
19.82961245649123 9.60962071361721e-06 0.002596639487658845
19.94889714900919 9.127262548124235e-06 0.002466300289365734
20.06889939654243 8.666942418509335e-06 0.002341916043499659
20.18962351553079 8.227778519264635e-06 0.002223248475203535
20.31107384837959 7.808916644224989e-06 0.002110066767307245
20.4332547636158 7.409531261403522e-06 0.00200214785076162
20.55617065604522 7.028824108861488e-06 0.001899276025224949
20.67982594691049 6.666022802028264e-06 0.001801242582743453
20.80422508405019 6.320381374203552e-06 0.001707845953801727
20.92937254205879 5.991180126996652e-06 0.001618891666909564
21.05527282244758 5.677723674477218e-06 0.001534191820107073
21.18193045380665 5.379340747083182e-06 0.001453565027978151
21.30934999196772 5.095384870012021e-06 0.001376836604960274
21.43753602016806 4.825232508185374e-06 0.001303838064090775
21.5664931492153 4.568282223945447e-06 0.001234406889405899
21.69622601765332 4.323955297202788e-06 0.001168386703512474
21.82673929192908 4.09169476607156e-06 0.001105627008355582
21.95803766656046 3.870963985389065e-06 0.001045982795712544
22.09012586430514 3.661246740296668e-06 0.0009893145778838964
22.22300863633048 3.462047281518916e-06 0.000935488397226254
22.35669076238438 3.272888611585637e-06 0.0008843753630681251
22.49117705096725 3.093312057838644e-06 0.0008358515363309915
22.62647233950495 2.922877740014588e-06 0.0007897980558760322
22.76258149452277 2.761163207137923e-06 0.0007461007701755865
22.89950941182054 2.607762534204695e-06 0.0007046499932258349
23.03726101664865 2.462286597331999e-06 0.0006653405788956188
23.17584126388527 2.324362522050835e-06 0.0006280717718482807
23.31525513821456 2.19363239951488e-06 0.0005927468606452493
23.45550765430593 2.06975315574761e-06 0.0005592731424149772
23.59660385699449 1.952396672458263e-06 0.0005275619554989235
23.73854882146243 1.841248459346317e-06 0.0004975283206916492
23.88134765342164 1.736007158987632e-06 0.0004690908074548689
24.02500548929732 1.63638481417486e-06 0.0004421716061561702
24.16952749641275 1.542105985035919e-06 0.0004166962895034002
24.31491887317515 1.45290692295945e-06 0.0003925935893290134
24.46118484926266 1.368535625815824e-06 0.0003697954115114757
24.60833068581249 1.288751575608009e-06 0.0003482367650852542
24.7563616756101 1.213324715143481e-06 0.0003278554857247908
24.90528314327963 1.142035217709885e-06 0.0003085921735079917
25.05510044547539 1.074673608360279e-06 0.0002903902256890131
25.20581897107455 1.011039842088386e-06 0.000273195587609707
25.357444141371 9.509428361397101e-07 0.0002569566263242454
25.5099814102703 8.942005874154525e-07 0.0002416241623231239
25.66343626448592 8.406396622485219e-07 0.0002271513316642705
25.81781422373652 7.900945207603148e-07 0.0002134934034058118
25.97312084094457 7.424074577401967e-07 0.0002006077636309716
26.12936170243603 6.974285072897916e-07 0.0001884538896817666
26.28654242814131 6.550146988367168e-07 0.0001769931491246301
26.44466867179741 6.150298169981066e-07 0.0001661887348625373
26.6037461211513 5.773444819026932e-07 0.000156005686839035
26.76378049816449 5.41835571529116e-07 0.0001464107359468408
26.92477755921884 5.083858281214829e-07 0.0001373721976764139
27.08674309532363 4.76883883011871e-07 0.0001288599788233048
27.24968293232387 4.472239932443397e-07 0.0001208455063206757
27.41360293110984 4.193055356244627e-07 0.0001133015905251672
27.57850898782788 3.930329060466051e-07 0.000106202398013872
27.74440703409252 3.683155003263356e-07 9.95234464050132e-05
27.91130303719981 3.450672169036561e-07 9.324146998214867e-05
28.07920300034196 3.232062484010321e-07 8.733436337054833e-05
28.24811296282329 3.026551188971386e-07 8.178119160902584e-05
28.41803900027744 2.833403537115336e-07 7.656210092163473e-05
28.58898722488593 2.651921761623656e-07 7.165823677781515e-05
28.76096378559799 2.481444859078945e-07 6.705173804000245e-05
28.93397486835177 2.321347385398654e-07 6.272570442825354e-05
29.1080266962968 2.171035942184979e-07 5.866410157703444e-05
29.28312553001787 2.029948169659919e-07 5.485173382306824e-05
29.4592776677602 1.89755278432241e-07 5.127424522287789e-05
29.63648944565603 1.773346520449334e-07 4.791803690832516e-05
29.81476723795246 1.656852490234435e-07 4.477022277551672e-05
29.99411745724076 1.547620259228106e-07 4.181863152328152e-05
30.17454655468706 1.445224115843052e-07 3.905175989305332e-05
30.35606102026435 1.349260902083854e-07 3.645871405247526e-05
30.53866738298595 1.259349635554683e-07 3.402919938157641e-05
30.72237221114033 1.175131030118969e-07 3.175350752039765e-05
30.90718211252742 1.096265219360491e-07 2.962245485406811e-05
31.09310373469621 1.022430926559701e-07 2.76273600845293e-05
31.28014376518396 9.533255051110801e-08 2.576004532266237e-05
31.46830893175665 8.8866320656932e-08 2.401278928873388e-05
31.65760600265105 8.281739779001555e-08 2.237829481261157e-05
31.84804178681812 7.716033832954572e-08 2.084968672111067e-05
32.03962313416796 7.187117728019877e-08 1.942048937330487e-05
32.23235693581619 6.692728298098602e-08 1.808458741185117e-05
32.42625012433181 6.230731973142822e-08 1.683621566411558e-05
32.62130967398656 5.799123132112412e-08 1.566995469165689e-05
32.81754260100581 5.39601033543186e-08 1.458069358860624e-05
33.01495596382091 5.019610143878501e-08 1.356361327953137e-05
33.21355686332307 4.668247075986493e-08 1.261418640433692e-05
33.4133524431188 4.340344523836057e-08 1.172815277159281e-05
33.61434988978685 4.034416478818603e-08 1.09014970005186e-05
33.81655643313671 3.749066229964075e-08 1.01304450037015e-05
34.01997934646867 3.48298271160278e-08 9.411454118022663e-06
34.22462594683541 3.234931361872771e-08 8.741188403202825e-06
34.43050359530524 3.003751123530798e-08 8.116510537619106e-06
34.63761969722685 2.788353896291752e-08 7.534480338457791e-06
34.84598170249565 2.587716796035917e-08 6.992333845125942e-06
35.0555971058218 2.400877842858776e-08 6.48747166782364e-06
35.26647344699975 2.226935609341763e-08 6.017458037127661e-06
35.47861831117944 2.065044795537368e-08 5.580008847048769e-06
35.69203932913916 1.914410871646575e-08 5.172977178877346e-06
35.90674417756002 1.774288819029002e-08 4.794349899235583e-06
36.12274057930207 1.643981660865991e-08 4.442243689745743e-06
36.34003630368208 1.522835051413931e-08 4.114890426517112e-06
36.55863916675303 1.41023513552591e-08 3.810631396306292e-06
36.77855703158521 1.305608289569242e-08 3.527916596443998e-06
36.9997978085491 1.208417081397195e-08 3.265293818174313e-06
37.22236945559986 1.118157422384054e-08 3.021400951097851e-06
37.4462799785636 1.034358123407874e-08 2.794964783381747e-06
37.67153743142533 9.565788922798464e-09 2.584795590563773e-06
37.89814991661868 8.844070625382829e-09 2.389778296345307e-06
38.12612558531732 8.174566057490569e-09 2.208869803703808e-06
38.35547263772817 7.553675753569861e-09 2.041097492109822e-06
38.58619932338635 6.978031031517007e-09 1.885551101602782e-06
38.81831394145193 6.444479797352657e-09 1.741378897037305e-06
39.05182484100842 5.950084615569885e-09 1.607787146667151e-06
39.2867404213631 5.492103053521869e-09 1.48403481095338e-06
39.52306913234914 5.067969892567226e-09 1.369428735793746e-06
39.76081947462954 4.675293144088487e-09 1.263322576001143e-06
40.00000000000288 4.311845619016303e-09 1.165114517283801e-06
