##########################################################################################
#
# SZ signal computed with SZpack v1.1.1
# Runmode: CNSN-basis
#
# General parameters:
# xmin= 0.1 xmax= 40 np= 1000
# Dtau= 0.01
# Te= 23keV (The ~ 0.0450099)
# betac= 0 muc= 1
# betao= 0 muo= 1
#
# Runmode specific parameters:
# eps= 0
# Te_order= 20 beta_order= 2
#
##########################################################################################
#
# Output format: x = (h nu/k T0) | x^3 Dn(x) | DI(x) in MJy/sr 
# Here a CMB temperature of T0 = 2.726 K is assumed.
#
##########################################################################################
0.1 -8.347403207409604e-06 -0.00225557255938887
0.1006015482792701 -8.44792857557144e-06 -0.002282735768870237
0.1012067151618632 -8.549662049341272e-06 -0.00231022542356942
0.1018155224154252 -8.652618090934577e-06 -0.002338045431357593
0.1024279919385451 -8.756811329966505e-06 -0.002366199745339413
0.1030441457615424 -8.862256566402295e-06 -0.002394692364650257
0.1036640060472596 -8.9689687825067e-06 -0.002423527337685106
0.1042875950918594 -9.076963136792943e-06 -0.00245270876046348
0.1049149353256267 -9.186254962272918e-06 -0.002482240776156615
0.1055460493137754 -9.296859777589244e-06 -0.002512127578095491
0.10618095975726 -9.408793288544988e-06 -0.002542373410184171
0.1068196894935924 -9.522071381550142e-06 -0.002572982565128972
0.1074622614976628 -9.63671013029075e-06 -0.002603959386240532
0.1081086988825668 -9.75272580588654e-06 -0.002635308270178538
0.1087590249004362 -9.870134868203271e-06 -0.002667033664604211
0.1094132629432757 -9.988953967348833e-06 -0.00269914006858457
0.1100714365438043 -1.010919995726244e-05 -0.002731632036264402
0.1107335693763015 -1.023088989154978e-05 -0.00276451417574087
0.1113996852574591 -1.035404101941948e-05 -0.002797791147965491
0.1120698081472377 -1.047867079639586e-05 -0.00283146766963886
0.1127439621497288 -1.060479688990182e-05 -0.002865548514719213
0.1134221715140214 -1.073243717049052e-05 -0.002900038512053114
0.1141044606350749 -1.086160971713316e-05 -0.002934942546804294
0.1147908540545956 -1.099233283083095e-05 -0.002970265564131751
0.1154813764619206 -1.112462502556507e-05 -0.003006012566744341
0.1161760526949047 -1.125850502802836e-05 -0.00304218861482826
0.1168749077408149 -1.139399179230297e-05 -0.003078798830013136
0.1175779667372284 -1.153110449826948e-05 -0.003115848394942155
0.118285254972937 -1.166986254521809e-05 -0.003153342551545715
0.118996797888857 -1.181028556202467e-05 -0.003191286603791133
0.119712621078944 -1.195239341669603e-05 -0.003229685920261892
0.1204327502911136 -1.209620620547875e-05 -0.003268545931214704
0.1211572114281675 -1.224174425707126e-05 -0.003307872129717683
0.1218860305487253 -1.238902815033889e-05 -0.003347670076437154
0.1226192338681618 -1.253807870168614e-05 -0.003387945396225495
0.12335684775955 -1.268891696533508e-05 -0.003428703778196358
0.1240988987546095 -1.284156425321922e-05 -0.003469950981100246
0.124845413544661 -1.299604212947303e-05 -0.00351169283183551
0.1255964189815867 -1.315237240361971e-05 -0.003553935223607601
0.1263519420787953 -1.331057714163407e-05 -0.00359668411891839
0.1271120100121947 -1.347067867827339e-05 -0.003639945552898133
0.1278766501211688 -1.36326996054826e-05 -0.003683725630172396
0.128645889909561 -1.379666277438223e-05 -0.003728030525399234
0.1294197570466637 -1.396259131368054e-05 -0.003772866488244365
0.1301982793682135 -1.41305086239223e-05 -0.003818239841827129
0.1309814848773924 -1.430043837198078e-05 -0.003864156981232153
0.1317694017458348 -1.447240450570977e-05 -0.003910624377468506
0.1325620583146414 -1.464643126126357e-05 -0.003957648579447656
0.1333594830953982 -1.482254315120888e-05 -0.004005236210771151
0.1341617047712022 -1.500076497159741e-05 -0.004053393971641725
0.1349687521976928 -1.518112182046324e-05 -0.004102128643861525
0.1357806544040905 -1.536363908560344e-05 -0.004151447087530269
0.13659744059424 -1.554834244396932e-05 -0.004201356240880768
0.1374191401476617 -1.573525788145354e-05 -0.004251863125625635
0.1382457826206078 -1.592441169100503e-05 -0.004302974846447925
0.1390773977471256 -1.611583046372492e-05 -0.004354698588595139
0.1399140154401271 -1.630954110240634e-05 -0.004407041621537846
0.140755665792465 -1.650557083461028e-05 -0.004460011302502949
0.1416023790780148 -1.670394719826506e-05 -0.004513615072582472
0.1424541857527642 -1.690469804655127e-05 -0.004567860458053546
0.1433111164559082 -1.710785157014329e-05 -0.004622755076388334
0.1441732020109516 -1.731343628633223e-05 -0.004678306633314912
0.1450404734268171 -1.752148103520295e-05 -0.004734522921784265
0.1459129618989614 -1.773201499977018e-05 -0.004791411827411308
0.1467906988104967 -1.794506770948995e-05 -0.004848981329423716
0.1476737157333199 -1.816066902766022e-05 -0.004907239497257428
0.148562044429248 -1.83788491631098e-05 -0.004966194493715128
0.1494557168511607 -1.859963868941039e-05 -0.005025854580157581
0.1503547651441497 -1.882306852872104e-05 -0.005086228112138212
0.151259221646675 -1.904916995399832e-05 -0.005147323540000311
0.152169118891728 -1.927797461393553e-05 -0.005209149415615924
0.1530844896080017 -1.950951452540837e-05 -0.005271714390344578
0.1540053667210681 -1.974382206567783e-05 -0.005335027212926406
0.1549317833545624 -1.99809299918925e-05 -0.005399096734751909
0.1558637728313743 -2.022087145132755e-05 -0.005463931912628665
0.156801368674847 -2.046367996506964e-05 -0.005529541804372787
0.1577446046099826 -2.07093894372141e-05 -0.005595935571294098
0.1586935145646554 -2.095803417996529e-05 -0.00566312248497859
0.1596481326708324 -2.120964889712858e-05 -0.005731111922827733
0.1606084932658007 -2.146426868297975e-05 -0.005799913367752975
0.1615746308934029 -2.172192904883608e-05 -0.005869536415355581
0.1625465803052792 -2.19826659205743e-05 -0.00593999077325596
0.1635243764621181 -2.224651562638863e-05 -0.006011286257785731
0.1645080545349132 -2.251351491478539e-05 -0.006083432798850086
0.1654976499062288 -2.278370097235356e-05 -0.006156440444729617
0.1664931981714723 -2.305711140419499e-05 -0.006230319356792326
0.1674947351401746 -2.333378424012627e-05 -0.006305079811169437
0.1685022968372784 -2.361375796455583e-05 -0.006380732206828564
0.1695159195044337 -2.389707150203336e-05 -0.006457287061668984
0.1705356396013016 -2.41837642116617e-05 -0.006534755011011664
0.1715614938068656 -2.447387591382145e-05 -0.006613146814820575
0.172593519020751 -2.476744689528781e-05 -0.006692473359085337
0.1736317523645521 -2.506451789190299e-05 -0.006772745651139073
0.1746762311831677 -2.536513010381003e-05 -0.006853974823774803
0.1757269930461439 -2.566932522148686e-05 -0.00693617214228014
0.1767840757490262 -2.597714540392844e-05 -0.007019348998541859
0.1778475173147181 -2.62886332811511e-05 -0.007103516911722578
0.1789173559948495 -2.660383198743342e-05 -0.007188687537242883
0.1799936302711521 -2.692278515148694e-05 -0.00727487266412531
0.1810763788568441 -2.724553688548992e-05 -0.007362084212031144
0.1821656406980222 -2.757213181074527e-05 -0.007450334238193498
0.1832614549750625 -2.790261507179159e-05 -0.007539634941230311
0.1843638611040305 -2.823703231417197e-05 -0.007629998655137185
0.1854728987380978 -2.857542969620774e-05 -0.007721437852468804
0.1865886077689693 -2.891785392262697e-05 -0.007813965153425776
0.1877110283283176 -2.926435222257078e-05 -0.007907593319911661
0.1888402007892269 -2.961497234744331e-05 -0.008002335254952005
0.1899761657676448 -2.996976260588343e-05 -0.008098204012144143
0.1911189641238435 -3.032877186121912e-05 -0.008195212794969323
0.1922686369638894 -3.069204951436136e-05 -0.008293374952170439
0.1934252256411219 -3.105964552703824e-05 -0.008392703984030159
0.1945887717576404 -3.143161044606342e-05 -0.00849321354892859
0.1957593171658014 -3.180799537683594e-05 -0.008594917456182573
0.1969369039697233 -3.218885199097819e-05 -0.008697829668109568
0.1981215745268011 -3.257423256599332e-05 -0.008801964310743584
0.19931337144923 -3.296418996617898e-05 -0.008907335668677826
0.2005123376055381 -3.335877763451857e-05 -0.009013958182873615
0.2017185161221286 -3.375804962767277e-05 -0.009121846460115537
0.2029319503848305 -3.41620606232026e-05 -0.009231015274963197
0.2041526840404598 -3.457086589592968e-05 -0.009341479563363472
0.205380760998389 -3.498452133746613e-05 -0.009453254427927736
0.2066162254321268 -3.540308349096369e-05 -0.009566355147321497
0.2078591217809067 -3.582660952189603e-05 -0.009680797168369419
0.2091094947512857 -3.625515722067935e-05 -0.009796596106763443
0.2103673893187526 -3.668878504632714e-05 -0.009913767758858842
0.2116328507293451 -3.712755211371214e-05 -0.01003232809823225
0.2129059245012778 -3.75715181782645e-05 -0.0101522932715469
0.2141866564265795 -3.802074366918762e-05 -0.01027367960752798
0.2154750925727398 -3.847528970850792e-05 -0.01039650362211011
0.2167712792843669 -3.893521808105812e-05 -0.01052078201032643
0.2180752631848539 -3.940059124922537e-05 -0.01064653165029376
0.2193870911780562 -3.987147239728025e-05 -0.01077376961519084
0.2207068104499787 -4.034792540223363e-05 -0.01090251316538346
0.2220344684704725 -4.08300148301515e-05 -0.01103277974742873
0.2233701129949433 -4.131780598159043e-05 -0.01116458700635229
0.2247137920660681 -4.181136488858957e-05 -0.01129795278483548
0.2260655540155243 -4.231075829128561e-05 -0.01143289511689644
0.2274254474657272 -4.281605366755431e-05 -0.01156943223589964
0.2287935213315797 -4.332731926508254e-05 -0.01170758258322209
0.2301698248222314 -4.384462406611681e-05 -0.01184736479872802
0.2315544074428487 -4.436803779657706e-05 -0.01198879772323148
0.2329473189963953 -4.489763097748056e-05 -0.01213190041239176
0.2343486095854241 -4.543347489994215e-05 -0.0122766921299581
0.2357583296138787 -4.59756416136449e-05 -0.01242319234465439
0.237176529788907 -4.652420397188207e-05 -0.01257142074234998
0.2386032611226849 -4.707923564112459e-05 -0.01272139722864502
0.2400385749342508 -4.764081106918063e-05 -0.01287314192026671
0.2414825228513524 -4.820900550966407e-05 -0.01302667515168102
0.2429351568123028 -4.878389506734395e-05 -0.01318201748734667
0.2443965290678495 -4.936555665947975e-05 -0.01333918971126744
0.2458666921830531 -4.995406801815575e-05 -0.01349821282762295
0.2473456990391787 -5.054950774638704e-05 -0.01365910807592919
0.2488336028355976 -5.115195530156742e-05 -0.01382189692656595
0.250330457091701 -5.176149097458122e-05 -0.01398660107513255
0.2518363156488252 -5.237819593177415e-05 -0.01415324245378894
0.2533512326721881 -5.300215223846594e-05 -0.01432184323760903
0.2548752626528374 -5.363344282334109e-05 -0.0144924258349587
0.2564084604096108 -5.427215149230537e-05 -0.01466501289123997
0.2579508810911079 -5.491836296964697e-05 -0.01483962730001323
0.2595025801776736 -5.557216293343101e-05 -0.01501629221256133
0.261063613483394 -5.623363788851869e-05 -0.01519503100357772
0.2626340371581039 -5.690287508036636e-05 -0.01537586724787393
0.2642139076894062 -5.757996328682866e-05 -0.01555882493433462
0.2658032819047042 -5.826499202328697e-05 -0.01574392825113339
0.2674022169732455 -5.895805107274324e-05 -0.01593120145875825
0.2690107704081783 -5.965923181716635e-05 -0.01612066924975806
0.2706290000686201 -6.036862660898123e-05 -0.016312356578911
0.2722569641617388 -6.108632856393492e-05 -0.01650628860725442
0.2738947212448469 -6.181243188412888e-05 -0.01670249078937219
0.2755423302275071 -6.254703175809033e-05 -0.01690098884639275
0.2771998503736515 -6.329022433584188e-05 -0.01710180875925258
0.2788673413037137 -6.40421067993434e-05 -0.0173049767877305
0.2805448629967726 -6.480277736943292e-05 -0.0175105194723232
0.2822324757927104 -6.557233526388861e-05 -0.01771846362291299
0.283930240394383 -6.6350880727527e-05 -0.01792883632690082
0.285638217869803 -6.713851508910781e-05 -0.01814166496458259
0.2873564696543368 -6.79353407111236e-05 -0.01835697719558174
0.2890850575529139 -6.874146099101894e-05 -0.01857480095917864
0.2908240437422505 -6.955698043088373e-05 -0.01879516449314264
0.2925734907730859 -7.038200461628624e-05 -0.01901809632801246
0.294333461572432 -7.121664018758425e-05 -0.01924362527934412
0.2961040194458372 -7.206099489104091e-05 -0.01947178046152308
0.2978852280796634 -7.291517761003118e-05 -0.0197025912961966
0.2996771515433765 -7.377929831280951e-05 -0.01993608749815993
0.3014798542918515 -7.465346807296695e-05 -0.02017229908088405
0.3032934011676903 -7.553779913998668e-05 -0.02041125637558071
0.3051178574035545 -7.643240489026632e-05 -0.02065299001796798
0.3069532886245115 -7.733739981728951e-05 -0.02089753094561452
0.3087997608503953 -7.825289960166001e-05 -0.02114491041686367
0.3106573404981812 -7.917902110590637e-05 -0.02139516000942963
0.3125260943843745 -8.011588233272637e-05 -0.02164831160911453
0.3144060897274139 -8.106360246839033e-05 -0.02190439742153658
0.3162973941500897 -8.202230193340651e-05 -0.0221634499858205
0.3182000756819758 -8.299210232250269e-05 -0.02242550215837978
0.3201142027618771 -8.397312641492455e-05 -0.02269058711569944
0.3220398442402905 -8.496549825346122e-05 -0.0229587383756897
0.3239770693818822 -8.596934310325109e-05 -0.02322998978655481
0.3259259478679787 -8.698478742864592e-05 -0.02350437552054148
0.3278865497990735 -8.801195895948079e-05 -0.02378193009184576
0.3298589456973481 -8.905098670555859e-05 -0.02406268836052703
0.3318432065092091 -9.010200090193006e-05 -0.02434668551772189
0.3338394036078401 -9.116513304208223e-05 -0.02463395709461218
0.3358476087957689 -9.224051594651214e-05 -0.02492453898095438
0.3378678943074497 -9.332828369897844e-05 -0.02521846740785404
0.3399003328118625 -9.442857164502603e-05 -0.02551577894736711
0.3419449974151257 -9.554151647410979e-05 -0.02581651053469079
0.3440019616631268 -9.666725619236081e-05 -0.02612069946080463
0.3460712995441669 -9.780593008450554e-05 -0.02642838336218062
0.3481530854916227 -9.8957678772414e-05 -0.0267396002366036
0.3502473943866234 -0.0001001226442512058 -0.02705438845292766
0.3523543015607447 -0.0001013009698230102 -0.02737278673317712
0.3544738827987177 -0.0001024928001181716 -0.02769483415827673
0.3566062143411555 -0.0001036982811772673 -0.02802057019021366
0.3587513728872951 -0.0001049175603898521 -0.02835003465548575
0.3609094355977566 -0.0001061507864790473 -0.02868326774093704
0.3630804800973185 -0.0001073981095813293 -0.02902031001531786
0.3652645844777097 -0.0001086596812382296 -0.02936120242704192
0.3674618273004187 -0.0001099356543427737 -0.0297059862897135
0.369672287599519 -0.0001112261831867735 -0.03005470329490646
0.3718960448845125 -0.0001125314235180212 -0.0304073955276186
0.374133179143189 -0.0001138515324657 -0.03076410544611695
0.3763837708445035 -0.0001151866685483572 -0.03112487588409202
0.3786479009414707 -0.0001165369917625214 -0.03148975007460327
0.3809256508740766 -0.0001179026635313935 -0.03185877163621487
0.3832171025722083 -0.0001192838466732882 -0.03223198456446815
0.3855223384586003 -0.0001206807054738735 -0.03260943325140161
0.3878414414518001 -0.000122093405699811 -0.03299116248923676
0.3901744949691499 -0.0001235221145306153 -0.03337721745196557
0.3925215829297878 -0.0001249670005919082 -0.03376764370433621
0.3948827897576659 -0.0001264282340300589 -0.03416248722202188
0.3972582003845871 -0.0001279059864345045 -0.03456179437063065
0.3996479002532602 -0.0001294004308309365 -0.03496561190386451
0.402051975320373 -0.000130911741769239 -0.03537398698728126
0.4044705120596843 -0.0001324400952884067 -0.0357869671888151
0.4069035974651345 -0.000133985668867775 -0.0362046004655981
0.4093513190539743 -0.0001355486414869264 -0.03662693518014799
0.4118137648699132 -0.0001371291936614959 -0.03705402011004294
0.4142910234862858 -0.0001387275073630484 -0.03748590442627159
0.4167831840092382 -0.0001403437660366348 -0.03792263769797694
0.4192903360809331 -0.0001419781546856542 -0.03836426991538709
0.4218125698827739 -0.0001436308597983688 -0.03881085146995866
0.4243499761386489 -0.0001453020693244273 -0.0392624331480332
0.4269026461181943 -0.0001469919727551027 -0.03971906615251837
0.429470671640077 -0.0001487007611083635 -0.04018080209885402
0.4320541450752978 -0.0001504286268634439 -0.04064769299733217
0.4346531593505136 -0.000152175764004506 -0.04111979126489529
0.43726780795138 -0.0001539423680753073 -0.04159714973990786
0.4398981849259138 -0.0001557286360916161 -0.04207982165849013
0.4425443848878763 -0.0001575347665421777 -0.04256786065477908
0.4452065030201759 -0.0001593609594741926 -0.04306132078402577
0.4478846350782926 -0.0001612074164315515 -0.04356025650590567
0.4505788773937215 -0.0001630743404133587 -0.04406472267331106
0.4532893268774382 -0.0001649619359401186 -0.04457477455023556
0.4560160810233846 -0.0001668704090595157 -0.04509046781333588
0.458759237911976 -0.0001687999672668037 -0.04561185853042012
0.4615188962136283 -0.0001707508195296386 -0.04613900316715769
0.464295155192308 -0.0001727231763542369 -0.0466719586049564
0.4670881147091019 -0.0001747172496967595 -0.04721078211701706
0.4698978752258099 -0.0001767332529468366 -0.0477555313638818
0.4727245378085577 -0.0001787714010040883 -0.04830626441411087
0.4755682041314329 -0.000180831910232772 -0.04886303973202781
0.4784289764801414 -0.0001829149984029036 -0.0494259161618097
0.4813069577556875 -0.000185020884737142 -0.0499949529401558
0.4842022514780743 -0.0001871497899334184 -0.05057020970240239
0.487114961790028 -0.0001893019360758073 -0.05115174645843906
0.4900451934607434 -0.0001914775466396278 -0.05173962359408696
0.4929930518896525 -0.0001936768465575795 -0.05233390188896969
0.4959586431102161 -0.0001959000621375004 -0.05293464249429042
0.4989420737937372 -0.0001981474210280761 -0.05354190692356604
0.5019434512531983 -0.0002004191522779529 -0.05415575706860035
0.504962883447121 -0.0002027154863069513 -0.05477625519170552
0.5080004789834501 -0.0002050366548327153 -0.05540346390588181
0.5110563471234592 -0.0002073828908947838 -0.056037446181322
0.5141305977856812 -0.0002097544288856074 -0.05667826535379251
0.5172233415498623 -0.0002121515044577662 -0.05732598509956249
0.520334689660939 -0.0002145743545096094 -0.05798066943152341
0.52346475403304 -0.0002170232172387824 -0.05864238271365285
0.5266136472535116 -0.0002194983320718286 -0.0593111896419919
0.5297814825869668 -0.0002219999396129651 -0.0599871552308039
0.5329683739793606 -0.0002245282816784375 -0.06067034482185734
0.5361744360620875 -0.0002270836012796305 -0.06136082407986217
0.5393997841561053 -0.0002296661425405575 -0.06205865897017462
0.5426445342760833 -0.0002322761506976549 -0.06276391575874142
0.5459088031345746 -0.0002349138721257036 -0.06347666101910425
0.5491927081462149 -0.0002375795542485725 -0.06419696160828144
0.5524963674319456 -0.0002402734455066458 -0.06492488465796641
0.5558198998232626 -0.0002429957953855699 -0.06566049758229553
0.5591634248664905 -0.0002457468543574551 -0.06640386806195998
0.5625270628270829 -0.0002485268738170833 -0.0671550640269684
0.565910934693948 -0.0002513361060870289 -0.06791415365803047
0.5693151621838011 -0.0002541748044008209 -0.06868120538200724
0.5727398677455418 -0.0002570432228187099 -0.06945628784915023
0.5761851745646592 -0.0002599416162043723 -0.07023946992680655
0.5796512065676627 -0.000262870240228845 -0.07103082070048239
0.5831380884265391 -0.0002658293512901227 -0.07183040945211683
0.5866459455632378 -0.0002688192064654012 -0.07263830564717769
0.5901749041541815 -0.000271840063505503 -0.07345457893315505
0.5937250911348052 -0.0002748921807799716 -0.07427929912472521
0.5972966342041217 -0.0002779758172082172 -0.07511253618514524
0.6008896618293151 -0.0002810912322338458 -0.07595436021931648
0.6045043032503616 -0.0002842386857900233 -0.07680484146442552
0.6081406884846782 -0.0002874184382216009 -0.0776640502689014
0.6117989483317994 -0.0002906307502420104 -0.07853205708076823
0.6154792143780822 -0.0002938758828985572 -0.07940893243826702
0.619181619001439 -0.0002971540974998738 -0.08029474695025252
0.6229062953760992 -0.0003004656555596025 -0.0811895712809757
0.6266533774773996 -0.0003038108187504441 -0.08209347613766725
0.6304230000866031 -0.0003071898488367353 -0.08300653225231885
0.6342152987957473 -0.0003106030076108087 -0.08392881036448717
0.6380304100125211 -0.0003140505568386558 -0.08486038120661105
0.6418684709651717 -0.0003175327581850368 -0.08580131548377547
0.6457296197074404 -0.0003210498731475078 -0.08675168385588475
0.6496139951235281 -0.0003246021629995967 -0.08771155692230796
0.6535217369330918 -0.0003281898887047127 -0.08868100519861628
0.6574529856962692 -0.0003318133108395414 -0.08966009909588331
0.6614078828187353 -0.0003354726895406286 -0.09064890890625135
0.6653865705567885 -0.0003391682844167578 -0.09164750477925483
0.6693891920224675 -0.0003429003544436051 -0.09265595669335455
0.673415891188699 -0.0003466691579169782 -0.09367433444330245
0.6774668128944764 -0.000350474952375441 -0.09470270761923377
0.6815421028500694 -0.0003543179944616255 -0.09574114556919165
0.6856419076422656 -0.0003581985398673879 -0.09678971738430785
0.6897663747396426 -0.0003621168432734687 -0.097848491882498
0.693915652497873 -0.0003660731582028819 -0.09891753756884553
0.6980898901650602 -0.0003700677369183595 -0.09999692260789003
0.702289237887107 -0.0003741008303870903 -0.1010867148140991
0.7065138467131162 -0.000378172688154901 -0.1021869816178706
0.7107638686008243 -0.0003822835581710814 -0.103297790018198
0.7150394564220665 -0.0003864336867678085 -0.1044192065771111
0.7193407639682761 -0.0003906233185692254 -0.1055512973951071
0.7236679459560159 -0.0003948526962705916 -0.1066941280514751
0.728021158032544 -0.0003991220605786667 -0.1078477635881868
0.7324005567814114 -0.0004034316501653091 -0.1090122684973578
0.736806299728095 -0.0004077817014597883 -0.1101877066651286
0.7412385453456634 -0.0004121724484835454 -0.1113741413270141
0.7456974530604773 -0.00041660412285129 -0.1125716350682004
0.7501831832579239 -0.0004210769536168714 -0.1137802497818973
0.754695897288186 -0.0004255911669936362 -0.1150000465937751
0.7592357574720454 -0.000430146986361291 -0.1162310858638193
0.7638029271067222 -0.0004347446321765658 -0.1174734271621908
0.7683975704717476 -0.0004393843216588276 -0.1187271291842742
0.7730198528348741 -0.0004440662686948112 -0.1199922497249355
0.7776699404580188 -0.000448790683829423 -0.1212688456760372
0.7823480006032453 -0.0004535577740033063 -0.1225569729555244
0.7870542015387785 -0.0004583677422791107 -0.1238566864334603
0.7917887125450584 -0.0004632207878957467 -0.1251680399466858
0.7965517039208285 -0.0004681171061003871 -0.1264910862534246
0.8013433469892614 -0.0004730568877364212 -0.1278258769219431
0.8061638141041211 -0.0004780403192609808 -0.129172462335286
0.8110132786559631 -0.0004830675826814564 -0.1305308916741227
0.8158919150783704 -0.0004881388551467217 -0.1319012128062903
0.8207998988542287 -0.0004932543087692655 -0.133283472238732
0.8257374065220374 -0.0004984141106739912 -0.1346777151306832
0.8307046156822607 -0.0005036184226983878 -0.1360839852126539
0.8357017050037151 -0.0005088674009878974 -0.137502324677092
0.8407288542299962 -0.000514161196061801 -0.1389327741961862
0.8457862441859444 -0.0005194999526625693 -0.1403753728811593
0.8508740567841485 -0.0005248838092612477 -0.1418301581486164
0.8559924750314897 -0.0005303128979581794 -0.1432971656937195
0.8611416830357236 -0.0005357873445042827 -0.1447764294959365
0.8663218660121029 -0.0005413072678535979 -0.1462679816981344
0.8715332102900397 -0.0005468727797888885 -0.1477718525054113
0.8767759033198074 -0.0005524839850802678 -0.1492880702279598
0.882050133679283 -0.000558140981176764 -0.150816661197724
0.8873560910807308 -0.0005638438575623593 -0.152357649594393
0.8926939663776258 -0.0005695926959231328 -0.1539110574905651
0.8980639515715189 -0.0005753875700256028 -0.1554769048188746
0.9034662398189428 -0.0005812285450110084 -0.1570552091812975
0.9089010254383604 -0.0005871156772855315 -0.1586459858194884
0.9143685039171535 -0.0005930490146222009 -0.1602492476423161
0.9198688719186553 -0.0005990285956117116 -0.1618650050774681
0.9254023272892237 -0.0006050544491064901 -0.1634932659212303
0.9309690690653579 -0.0006111265944874154 -0.1651340354105581
0.9365692974808579 -0.0006172450413637834 -0.1667873161420033
0.9422032139740265 -0.0006234097887035039 -0.1684531078366822
0.9478710211949153 -0.0006296208250052821 -0.1701314073868014
0.9535729230126136 -0.0006358781282629284 -0.1718222088460137
0.9593091245225821 -0.0006421816651308422 -0.1735255032039215
0.9650798320540293 -0.0006485313906336091 -0.1752412783076064
0.9708852531773335 -0.000654927248412874 -0.1769695189283372
0.9767255967115094 -0.0006613691701575059 -0.1787102066075935
0.9826010727317186 -0.0006678570747629601 -0.1804633194299147
0.9885118925768263 -0.0006743908687076861 -0.1822288321246104
0.9944582688570029 -0.0006809704458072564 -0.1840067159993226
1.000440415461372 -0.000687595686123536 -0.1857969386452697
1.006458547565703 -0.000694266456056835 -0.1875994639621479
1.012512881640152 -0.000700982608458502 -0.1894142521885543
1.018603635457047 -0.000707743981707174 -0.1912412596523789
1.024731028098722 -0.00071455039913103 -0.1930804386146899
1.030895279965397 -0.0007214016694483349 -0.1949317373887747
1.037096612783106 -0.0007282975862278091 -0.1967951001943242
1.043335249611672 -0.0007352379266964746 -0.1986704668352985
1.04961141485273 -0.0007422224522076132 -0.200557772826375
1.055925334257799 -0.0007492509081094087 -0.2024569493574539
1.062277234936404 -0.0007563230224535297 -0.2043679229447008
1.068667345364243 -0.0007634385058994284 -0.2062906154046874
1.075095895391404 -0.0007705970520425159 -0.2082249439430686
1.081563116250635 -0.0007777983364589753 -0.2101708208964788
1.088069240565661 -0.000785042015743757 -0.2121281534725863
1.094614502359551 -0.0007923277281624689 -0.2140968439262424
1.101199137063137 -0.000799655093194912 -0.2160767894361386
1.107823381523478 -0.0008070237100042374 -0.2180678816911543
1.114487474012384 -0.0008144331578952553 -0.2200700070141969
1.121191654234987 -0.0008218829963767466 -0.2220830463790397
1.127936163338358 -0.0008293727637341479 -0.2241068750246435
1.134721243920186 -0.0008369019766124671 -0.2261413623424551
1.141547140037501 -0.0008444701306230678 -0.2281863720403677
1.148414097215454 -0.0008520766994328135 -0.230241761896597
1.155322362456149 -0.0008597211333435563 -0.2323073833758408
1.162272184247527 -0.0008674028601395359 -0.2343830818582566
1.169263812572304 -0.0008751212847813366 -0.2364686965567659
1.176297498916961 -0.0008828757875881799 -0.2385640600258857
1.183373496280794 -0.000890665724547607 -0.2406689982454096
1.19049205918501 -0.0008984904276646089 -0.2427833307147466
1.197653443681885 -0.0009063492034863575 -0.2449068700542852
1.204857907363973 -0.0009142413322331726 -0.2470394217705697
1.212105709373372 -0.0009221660687284952 -0.2491807845075908
1.219397110411042 -0.0009301226416164729 -0.2513307498353672
1.22673237274619 -0.0009381102514674897 -0.2534891017380361
1.234111760225694 -0.0009461280717431733 -0.2556556168746107
1.241535538283603 -0.0009541752487310102 -0.2578300645613115
1.249003973950675 -0.0009622508995336856 -0.2600122062282615
1.256517335863991 -0.0009703541120678732 -0.2622017954191593
1.264075894276612 -0.0009784839457891114 -0.2643985779871491
1.271679921067302 -0.0009866394302806209 -0.266602291713502
1.279329689750306 -0.0009948195638321089 -0.2688126659235909
1.287025475485191 -0.001003023314700311 -0.2710294218275052
1.294767555086741 -0.001011249620538953 -0.2732522723660192
1.302556207034913 -0.001019497386105202 -0.275480921590845
1.310391711484858 -0.001027765484185883 -0.2777150649149109
1.318274350276994 -0.001036052755888099 -0.2799543891908875
1.326204406947145 -0.001044358008567601 -0.2821985721514097
1.334182166736741 -0.001052680015356028 -0.284447282281329
1.342207916603075 -0.001061017516329275 -0.2867001791334234
1.350281945229628 -0.00106936921728646 -0.2889569129984564
1.358404543036452 -0.001077733787744603 -0.2912171243633173
1.366576002190616 -0.001086109862474269 -0.2934804443259679
1.374796616616712 -0.001094496041237905 -0.2957464945247408
1.383066682007434 -0.001102890886245528 -0.2980148864508321
1.391386495834208 -0.00111129292284626 -0.3002852216351645
1.399756357357896 -0.001119700640289093 -0.3025570918539552
1.408176567639557 -0.001128112489752932 -0.3048300785964073
1.416647429551278 -0.001136526883282809 -0.3071037527772642
1.425169247787069 -0.001144942195426873 -0.3093776751791429
1.433742328873819 -0.001153356762327825 -0.3116513962070288
1.442366981182327 -0.00116176887921273 -0.3139244552099915
1.45104351493839 -0.001170176802064325 -0.3161963809327939
1.459772242233963 -0.001178578747783438 -0.3184666915597784
1.468553477038385 -0.001186972891593334 -0.3207348940134898
1.477387535209671 -0.001195357367310247 -0.3230004840277764
1.486274734505876 -0.001203730268658486 -0.3252629465031477
1.495215394596523 -0.001212089647580505 -0.3275217550501343
1.504209837074101 -0.001220433512549933 -0.3297763715334475
1.513258385465633 -0.001228759830636068 -0.3320262466298318
1.522361365244312 -0.001237066527012956 -0.3342708196954114
1.531519103841213 -0.001245351482162969 -0.336509518010062
1.540731930657063 -0.001253612533460138 -0.3387417572052477
1.550000177074097 -0.001261847475882148 -0.3409669414564103
1.55932417646797 -0.001270054059597673 -0.343184462831038
1.568704264219756 -0.001278229989687373 -0.3453937012132738
1.578140777728008 -0.001286372928042104 -0.3475940248168377
1.587634056420891 -0.001294480492123698 -0.3497847898501713
1.597184441768398 -0.001302550252754983 -0.3519653399192761
1.606792277294626 -0.001310579736488453 -0.3541350066677563
1.616457908590138 -0.001318566425633176 -0.3562931097840901
1.626181683324388 -0.001326507755465712 -0.3584389562479851
1.635963951258232 -0.001334401115522619 -0.3605718406796288
1.645805064256506 -0.001342243850942682 -0.3626910457023763
1.655705376300682 -0.001350033260472741 -0.3647958414039002
1.665665243501602 -0.001357766595636592 -0.3668854851116172
1.675685024112287 -0.001365441063165634 -0.3689592220494785
1.685765078540822 -0.001373053824343014 -0.3710162851607509
1.695905769363321 -0.001380601992539142 -0.3730558944420812
1.70610746133697 -0.001388082635665516 -0.3750772576065504
1.716370521413142 -0.001395492776824699 -0.3770795702593063
1.726695318750602 -0.001402829391879982 -0.3790620152408553
1.737082224728785 -0.001410089410286275 -0.3810237628515801
1.747531612961148 -0.001417269717086706 -0.3829639713912455
1.758043859308618 -0.001424367151579632 -0.3848817867988075
1.768619341893104 -0.001431378506068666 -0.3867763423146564
1.779258441111101 -0.001438300528684242 -0.3886467592430378
1.789961539647373 -0.001445129923394016 -0.3904921469548627
1.800729022488719 -0.001451863347712382 -0.3923116022687915
1.811561276937818 -0.001458497414997419 -0.3941042100718967
1.822458692627162 -0.001465028695767135 -0.3958690436753292
1.83342166153307 -0.001471453715929105 -0.3976051643359432
1.844450577989788 -0.00147776895722771 -0.3993116213771473
1.855545838703674 -0.001483970859779705 -0.400987452874045
1.866707842767465 -0.001490055821537985 -0.4026316855085396
1.877936991674634 -0.001496020196995182 -0.4042433342190278
1.88923368933383 -0.001501860300165966 -0.4058214030062558
1.90059834208341 -0.001507572405295161 -0.4073648851246613
1.912031358706049 -0.001513152745200615 -0.4088727626345952
1.923533150443451 -0.001518597513276499 -0.4103440069436396
1.935104131011135 -0.001523902865429509 -0.4117775793297924
1.946744716613318 -0.001529064919240882 -0.4131724307150335
1.958455325957888 -0.001534079754255834 -0.4145275017435358
1.970236380271462 -0.001538943414849964 -0.4158417235562024
1.982088303314539 -0.001543651910551541 -0.4171140178777524
1.994011521396743 -0.001548201215224992 -0.4183432967960905
2.006006463392153 -0.001552587269957434 -0.4195284635422821
2.018073560754737 -0.001556805984426973 -0.4206684128602858
2.030213247533863 -0.001560853236287452 -0.4217620308407048
2.042425960389917 -0.001564724872962514 -0.4228081954055652
2.05471213861001 -0.001568416714000297 -0.423805776944583
2.067072224123773 -0.001571924551313808 -0.4247536383801171
2.079506661519261 -0.001575244149794305 -0.4256506353329121
2.092015898058938 -0.001578371250203603 -0.4264956169036364
2.104600383695769 -0.001581301570292153 -0.4272874259750002
2.117260571089404 -0.001584030805057399 -0.4280248992815677
2.129996915622458 -0.001586554629386151 -0.4287068681237577
2.142809875416892 -0.001588868699912834 -0.4293321588699676
2.155699911350493 -0.001590968655723238 -0.4298995931467344
2.16866748707345 -0.001592850120299218 -0.4304079883642165
2.181713069025031 -0.001594508703941562 -0.4308561583708841
2.194837126450363 -0.001595940005072466 -0.4312429138054633
2.208040131417308 -0.001597139611838286 -0.43156706253002
2.221322558833443 -0.001598103104701875 -0.4318274103304413
2.234684886463145 -0.001598826058176664 -0.4320227613850065
2.248127594944775 -0.001599304042647498 -0.4321519187563996
2.261651167807962 -0.001599532626875748 -0.4322136850686214
2.275256091491004 -0.001599507379993184 -0.432206863045759
2.288942855358358 -0.001599223873618712 -0.4321302560839551
2.302711951718243 -0.001598677684567515 -0.4319826689834515
2.316563875840352 -0.001597864396888508 -0.4317629084991333
2.330499125973664 -0.001596779604030616 -0.4314697839258878
2.344518203364364 -0.001595418912132854 -0.4311021079876209
2.358621612273878 -0.001593777942125565 -0.4306586974050419
2.372809859997005 -0.001591852331729488 -0.430138373435833
2.387083456880169 -0.001589637739080648 -0.4295399628541429
2.401442916339774 -0.001587129845567107 -0.4288622987171104
2.415888754880671 -0.001584324357407964 -0.4281042207915303
2.430421492114737 -0.001581217009005944 -0.4272645764597654
2.445041650779565 -0.001577803567239507 -0.4263422218795273
2.459749756757268 -0.001574079832646462 -0.4253360223037044
2.474546339093393 -0.00157004164207479 -0.4242448527966461
2.489431930015952 -0.001565684874156887 -0.4230675997133728
2.504407064954564 -0.001561005451052841 -0.4218031611706309
2.519472282559719 -0.001555999340139274 -0.4204504475032383
2.534628124722145 -0.001550662559363289 -0.4190083827107888
2.549875136592308 -0.001544991181177946 -0.4174759055210659
2.565213866600017 -0.001538981333043475 -0.4158519695254769
2.580644866474148 -0.001532629201577217 -0.4141355443004194
2.596168691262497 -0.001525931039212222 -0.4123256172065176
2.611785899351737 -0.001518883164231114 -0.410421193397772
2.627497052487508 -0.001511481963330595 -0.4084212965145215
2.64330271579462 -0.001503723899368986 -0.4063249707769246
2.659203457797384 -0.001495605513318592 -0.4041312815125149
2.675199850440056 -0.001487123424855947 -0.40183931531569
2.691292469107416 -0.001478274338991574 -0.399448181839157
2.707481892645458 -0.001469055052041078 -0.3969570154073964
2.723768703382218 -0.001459462450400127 -0.3943649746856458
2.740153487148712 -0.001449493514831142 -0.3916712438382177
2.756636833300016 -0.001439145329928904 -0.3888750350862251
2.77321933473646 -0.001428415083106184 -0.385975588433485
2.789901587924954 -0.001417300066272633 -0.3829721721201759
2.806684192920446 -0.001405797685471353 -0.3798640852267597
2.823567753387507 -0.001393905463923885 -0.3766506584967759
2.840552876622036 -0.001381621040650821 -0.3733312539641129
2.857640173573115 -0.001368942177587678 -0.3699052668758065
2.874830258864976 -0.001355866768385867 -0.3663721280701709
2.892123750819116 -0.001342392835048558 -0.3627313030677688
2.909521271476531 -0.001328518531549823 -0.3589822930493475
2.927023446620097 -0.001314242155877883 -0.3551246381100759
2.944630905797074 -0.001299562148638376 -0.3511579168821292
2.962344282341753 -0.001284477092843342 -0.3470817464776703
2.980164213398238 -0.001268985724568095 -0.3428957853684696
2.998091339943359 -0.001253086938080409 -0.3385997347718751
3.016126306809736 -0.001236779781718485 -0.3341933375369877
3.034269762708964 -0.001220063464458785 -0.3296763799193721
3.052522360254954 -0.001202937367852495 -0.3250486948064377
3.070884755987404 -0.001185401040567981 -0.3203101602427423
3.089357610395416 -0.00116745420038758 -0.3154606999695501
3.107941587941251 -0.001149096747945278 -0.3105002871369235
3.126637357084233 -0.001130328765964498 -0.3054289440977642
3.14544559030479 -0.001111150516149761 -0.3002467415679013
3.164366964128648 -0.001091562449613597 -0.2949538014435718
3.183402159151157 -0.00107156521481968 -0.2895502989477564
3.202551860061779 -0.001051159650282381 -0.2840364606575064
3.221816755668715 -0.001030346789502278 -0.2784125658375807
3.241197538923678 -0.001009127875450694 -0.2726789503543486
3.260694906946819 -0.0009875043537393995 -0.2668360048301585
3.280309561051807 -0.000965477871936906 -0.2608841744585907
3.300042206771049 -0.000943050293560064 -0.2548239627851635
3.319893553881069 -0.0009202236989829801 -0.2486559319529326
3.339864316428041 -0.0008970003786870217 -0.242380700878559
3.359955212753471 -0.000873382842028508 -0.2359989476214481
3.380166965520037 -0.000849373828049981 -0.2295114123050902
3.400500301737581 -0.0008249762951298143 -0.2229188943202555
3.42095595278926 -0.0008001934233151908 -0.216222252955394
3.441534654457853 -0.0007750286298232329 -0.2094224115852343
3.46223714695223 -0.0007494855619378483 -0.2025203557514225
3.483064174933973 -0.0007235680929847371 -0.1955171320749192
3.504016487544163 -0.0006972803350581139 -0.1884138516949184
3.525094838430328 -0.0006706266408830752 -0.1812116907720825
3.546299985773546 -0.0006436115941354639 -0.173911887872849
3.567632692315724 -0.000616240015826687 -0.1665157456946877
3.589093725387028 -0.000588516976455811 -0.1590246343497489
3.610683856933487 -0.0005604477833587144 -0.1514399879464459
3.632403863544755 -0.0005320379795537295 -0.1437633042775339
3.654254526482051 -0.0005032933581778828 -0.1359961487209614
3.676236631706256 -0.0004742199570973218 -0.128140152783541
3.698350969906183 -0.0004448240492719573 -0.1201970114973549
3.720598336527025 -0.0004151121522055837 -0.1121684859732961
3.742979531798957 -0.0003850910408444023 -0.1040564068864094
3.765495360765927 -0.0003547677168178418 -0.09586266616437805
3.788146633314612 -0.0003241494121910348 -0.08758921800148924
3.810934164203546 -0.0002932436337754093 -0.07923809083190923
3.833858773092431 -0.0002620581166257093 -0.07081137476399774
3.856921284571616 -0.0002306008196499131 -0.06231122039405313
3.880122528191761 -0.0001988799526034589 -0.05373984610048909
3.903463338493672 -0.000166903963658714 -0.04509953468495002
3.926944555038322 -0.0001346815277096637 -0.03639263021209209
3.950567022437048 -0.0001022215523285356 -0.02762153961913732
3.974331590381932 -6.953318203832284e-05 -0.01878873387036282
3.998239113676364 -3.66257835533363e-05 -0.009896743968913661
4.02229045226579 -3.508943798557969e-06 -0.0009481604216074776
4.046486471268643 2.980752126386651e-05 0.00805436437603708
4.070828041007458 6.331357868928144e-05 0.01710811939711823
4.095316037040186 9.699898741768841e-05 0.0262103373793704
4.119951340191675 0.0001308532922169141 0.03535819318853251
4.144734836585366 0.0001648658269961544 0.04454880471370902
4.169667417675155 0.0001990257292526984 0.05377923677105504
4.194749980277468 0.000233321940279449 0.06304650115985105
4.219983426603512 0.0002677432017395733 0.07234755573693064
4.24536866429173 0.00030227807092271 0.08167930853909827
4.270906606440451 0.000336914926700984 0.09103861939251863
4.296598171640729 0.0003716419655232301 0.1004222988303061
4.322444284009386 0.0004064472126031399 0.1098271111157014
4.348445873222255 0.0004413185328690111 0.1192497772008309
4.374603874547618 0.0004762436302291296 0.1286869745282036
4.400919228879844 0.0005112100528504005 0.1381353384570628
4.42739288277324 0.0005462052076019789 0.1475914661662361
4.454025788476091 0.0005812163643213119 0.1570519178068723
4.480818903964917 0.000616230656502021 0.1665132166883169
4.50777319297893 0.0006512350957757151 0.175971853191278
4.534889625054696 0.0006862165806142656 0.1854242871192897
4.562169175561013 0.0007211618982004729 0.19486694820419
4.589612825733993 0.0007560577346802799 0.2042962388763965
4.617221562712357 0.0007908906872828963 0.2137085375399153
4.644996379572944 0.0008256472693722849 0.2231001999373161
4.672938275366425 0.0008603139172724505 0.2324675609940099
4.701048255153248 0.0008948770036468419 0.2418069384335307
4.729327330039782 0.0009293228451428008 0.251114634843161
4.757776517214689 0.0009636377090416662 0.2603869394708734
4.786396839985513 0.0009978078255336433 0.2696201315421525
4.815189327815487 0.001031819397080243 0.278810482789844
4.844155016360561 0.001065658606484458 0.2879542596348165
4.873294947506656 0.001099311628134934 0.2970477262242769
4.902610169407141 0.001132764637977488 0.3060871471261992
4.932101736520533 0.001166003822337619 0.3150687897132769
4.961770709648425 0.001199015390037714 0.3239889274371436
4.991618155973645 0.001231785582082423 0.3328438424454828
5.021645149098641 0.001264300680185905 0.3416298278861946
5.051852769084097 0.001296547020058865 0.3503431914977203
5.082242102487784 0.001328511002131451 0.3589802585065028
5.112814242403641 0.001360179098716689 0.3675373735626359
5.1435702885011 0.001391537866628099 0.3760109041493021
5.174511347064628 0.001422573961650805 0.3843972444930466
5.205638531033534 0.001453274143764187 0.3926928169750034
5.23695296004199 0.001483625287245726 0.4008940748610806
5.26845576045931 0.001513614399122103 0.408997507287677
5.300148065430462 0.001543228624570629 0.4169996407212171
5.332031014916829 0.001572455253548255 0.4248970407493907
5.364105755737212 0.001601281739199336 0.432686317055162
5.39637344160908 0.001629695708830985 0.4403641263824466
5.42883523319007 0.001657684965928532 0.4479271730807142
5.461492298119737 0.001685237504491446 0.4553722129787328
5.494345811061548 0.001712341528420839 0.462696058623315
5.52739695374514 0.001738985450330685 0.4698955789580944
5.560646915008824 0.001765157900070566 0.4769677016264781
5.594096890842349 0.001790847748439425 0.4839094193793984
5.627748084429916 0.001816044109477807 0.4907177906947053
5.661601706193463 0.001840736342129254 0.4973899402260965
5.695658973836199 0.001864914070731827 0.5039230643401811
5.729921112386407 0.001888567198451889 0.5103144347464572
5.764389354241504 0.001911685901675373 0.5165613969817615
5.799064939212376 0.00193426064272179 0.5226613738457532
5.833949114567966 0.001956282194710921 0.5286118721202042
5.869043135080146 0.001977741633509442 0.5344104803928781
5.904348263068843 0.001998630341827047 0.5400548701643516
5.939865768447451 0.002018940035546567 0.545542802962743
5.975596928768503 0.002038662764758691 0.5508721306233066
6.01154302926963 0.002057790908222854 0.5560407937916941
6.047705362919785 0.002076317192417835 0.5610468270716663
6.084085230465758 0.002094234707945038 0.5658883634574622
6.120683940478954 0.002111536896207063 0.5705636307341839
6.15750280940247 0.002128217557675818 0.5750709537119433
6.194543161598441 0.002144270878894099 0.5794087615220259
6.231806329395683 0.002159691420591819 0.583575584405748
6.269293653137611 0.002174474114943842 0.5875700529734886
6.307006481230453 0.002188614289961783 0.5913909047956593
6.344946170191752 0.002202107672115016 0.5950369851109318
6.383114084699157 0.002214950372107243 0.5985072429828912
6.421511597639515 0.002227138898666842 0.6018007350263581
6.460140090158249 0.002238670178198166 0.6049166307174169
6.499000951709037 0.002249541534414543 0.6078542068899964
6.538095580103793 0.002259750689998197 0.6106128481844029
6.577425381562945 0.002269295792471473 0.6131920540380468
6.616991770766014 0.002278175401025615 0.6155914351264145
6.656796170902505 0.002286388475713429 0.6178107104427907
6.696840013723089 0.00229393439642646 0.6198497124261296
6.737124739591115 0.002300812967689941 0.6217083882567083
6.777651797534409 0.002307024396830234 0.6233867939566985
6.818422645297399 0.002312569300489644 0.6248850961505497
6.859438749393552 0.002317448724473484 0.626203577427913
6.900701585158119 0.002321664119560038 0.6273426298071935
6.942212636801205 0.002325217335795016 0.6283027531938388
6.983973397461158 0.002328110643071142 0.6290845609412011
7.025985369258271 0.00233034671925538 0.6296887766423658
7.068250063348816 0.002331928631965699 0.630116229206006
7.110768999979402 0.002332859849562467 0.6303678558263931
7.153543708541653 0.002333144247268608 0.6304447036371417
7.196575727627224 0.00233278608046585 0.6303479224955204
7.239866605083138 0.002331789983515555 0.6300787646638274
7.28341789806747 0.002330160985873156 0.6296385891637096
7.327231173105349 0.002327904487981653 0.6290288552622881
7.37130800614531 0.002325026248784508 0.628251119097983
7.41564998261598 0.002321532398143778 0.6273070370360506
7.460258697483103 0.002317429427262513 0.6261983630805936
7.505135755306914 0.002312724165615221 0.6249269426408864
7.550282770299852 0.002307423783333261 0.6234947131759379
7.59570136638462 0.002301535796200727 0.62190370554444
7.641393177252606 0.002295068038043707 0.6201560365440031
7.687359846422636 0.002288028653051575 0.6182539068362715
7.733603027300095 0.002280426104799332 0.6161996033848739
7.780124383236402 0.002272269155190898 0.6139954937656369
7.826925587588838 0.002263566847472156 0.6116440215764979
7.874008323780734 0.002254328509636748 0.6091477073577943
7.921374285362025 0.002244563746309848 0.6065091463991559
7.969025176070168 0.002234282414739147 0.6037310022519717
8.016962709891423 0.002223494619991641 0.6008160054315
8.065188611122505 0.002212210715797634 0.5977669536449297
8.113704614432605 0.002200441280044882 0.5945867051695916
8.162512464925786 0.002188197103016168 0.5912781756746042
8.211613918203758 0.002175489187960488 0.5878443383752159
8.26101074042902 0.002162328734013816 0.5842882194177819
8.310704708388393 0.002148727118353789 0.5806128930577378
8.360697609556926 0.002134695891910898 0.5768214805007086
8.410991242162195 0.002120246770671638 0.5729171475525137
8.461587415248985 0.002105391614868689 0.5689030989960914
8.512487948744354 0.002090142419889519 0.564782576134891
8.563694673523104 0.002074511310924039 0.5605588553466037
8.615209431473632 0.00205851052411826 0.5562352429906424
8.667034075564182 0.002042152394016485 0.551815072014868
8.719170469909495 0.002025449346718081 0.5473017001064628
8.771620489837867 0.002008413885750977 0.5426985058747726
8.824386021958594 0.001991058577390752 0.5380088848843421
8.877468964229841 0.001973396041686305 0.5332362472299379
8.930871226026907 0.001955438941083187 0.5283840144624318
8.984594728210904 0.001937199965956743 0.5234556156796745
9.038641403197854 0.001918691824672153 0.5184544848405942
9.09301319502819 0.001899927232220371 0.5133840576944866
9.147712059436689 0.00188091889720681 0.5082477682651944
9.202739963922818 0.001861679512113546 0.5030490462198326
9.258098887821502 0.001842221741884733 0.4977913137844273
9.313790822374321 0.001822558210802521 0.4924779821976224
9.369817770801134 0.001802701494172835 0.4871124494640743
9.426181748372137 0.001782664108328111 0.4816980976530669
9.482884782480346 0.001762458495708489 0.4762382888672633
9.539928912714528 0.001742097017876549 0.4707363633551996
9.597316190932558 0.001721591947979652 0.4651956374745166
9.655048681335227 0.00170095545561186 0.4596193996014602
9.713128460540494 0.001680199598051975 0.4540109077632913
9.771557617658175 0.001659336316084684 0.4483733885091067
9.830338254365088 0.001638377421709962 0.4427100335887659
9.889472484980656 0.001617334585731148 0.4370239965990343
9.948962436542953 0.001596219334471051 0.4313183920962352
10.00881024888521 0.00157504304213654 0.4255962935330651
10.06901807471279 0.001553816917508297 0.4198607296619999
10.12958807968063 0.001532551999928875 0.4141146834512175
10.1905224424711 0.001511259156595135 0.4083610913529802
10.25182335487242 0.001489949067979057 0.4026028393641578
10.31349302185747 0.001468632220462802 0.3968427610361261
10.3755336616631 0.001447318909546615 0.3910836383415855
10.43794750586993 0.001426019229963176 0.3853281990033329
10.50073679948262 0.0014047430612899 0.3795791126065272
10.56390380101059 0.001383500073356513 0.3738389920598829
10.62745078254932 0.001362299723094067 0.3681103927442347
10.69138002986203 0.001341151238746711 0.3623958082463613
10.7556938424619 0.001320063621264544 0.3566976707353515
10.82039453369479 0.00129904564805452 0.3510183519761452
10.88548443082247 0.00127810586035314 0.3453601599174777
10.95096587510631 0.001257252556155803 0.3397253367813015
11.01684122189147 0.001236493800314191 0.3341160617912265
11.08311284069168 0.00121583741896258 0.3285344496664393
11.14978311527443 0.001195290984539805 0.3229825465744505
11.21685444374672 0.001174861827102861 0.3174623331881721
11.28432923864131 0.001154557036130907 0.3119757251733811
11.35220992700354 0.001134383445815015 0.3065245692138263
11.42049895047856 0.001114347638929848 0.3011106440574035
11.48919876539923 0.001094455956145857 0.2957356630324291
11.55831184287442 0.001074714487413317 0.2904012717194965
11.62784066887791 0.00105512906530288 0.2851090461520126
11.69778774433782 0.00103570527946287 0.2798604967227382
11.76815558522656 0.001016448475827158 0.2746570679697465
11.83894672265132 0.0009973637437389433 0.2695001350971071
11.91016370294514 0.0009784559284292103 0.2643910073467224
11.98180908775847 0.0009597296377628228 0.2593309298212053
12.05388545415131 0.0009411892320667875 0.254321080735349
12.12639539468595 0.000922838826960486 0.2493625721808919
12.19934151752018 0.0009046823070084904 0.244456453815678
12.27272644650111 0.0008867233223120066 0.2396037119426226
12.34655282125957 0.0008689652815461235 0.2348052676282902
12.42082329730504 0.0008514113684669294 0.2300619811633233
12.49554054612116 0.0008340645453552922 0.2253746529929948
12.57070725526186 0.0008169275434023667 0.2207440211192521
12.64632612844798 0.0008000028749952151 0.2161707644204454
12.72239988566455 0.0007832928417842396 0.2116555048312481
12.79893126325863 0.0007667995292735111 0.2071988058808964
12.87592301403773 0.0007505248225046948 0.2028011769311821
12.95337790736882 0.000734470395243073 0.1984630702543805
13.03129872927796 0.0007186377082407841 0.1941848805639561
13.10968828255048 0.0007030280471044611 0.1899669552468712
13.18854938683184 0.000687642505808377 0.1858095899086319
13.26788487872902 0.000672481989205471 0.1817130290517991
13.34769761191256 0.0006575472192010089 0.1776774677441883
13.42799045721921 0.0006428387395963087 0.1737030529277046
13.50876630275517 0.0006283569274954071 0.1697898865005666
13.59002805400002 0.000614101992751472 0.1659380251677202
13.67177863391118 0.0006000739787098608 0.1621474806416221
13.7540209830291 0.0005862727761810929 0.1584182234179116
13.83675805958297 0.000572698126930243 0.1547501837182877
13.91999283959716 0.0005593496207716976 0.1511432507054769
14.00372831699829 0.0005462267075794352 0.1475972757285602
14.08796750372286 0.0005333287048152139 0.1441120743571833
14.17271342982564 0.0005206547958981801 0.1406874259410052
14.25796914358864 0.0005082040361535481 0.137323075217105
14.34373771163077 0.0004959753636029863 0.1340187352256793
14.43002221901811 0.0004839676006326879 0.1307740877607755
14.51682576937491 0.0004721794546442742 0.1275887835461745
14.60415148499523 0.0004606095295159153 0.1244624453323279
14.69200250695523 0.0004492563302116728 0.1213946691418605
14.78038199522615 0.0004381182621577586 0.1183850241010274
14.86929312878798 0.0004271936396451466 0.1154330547102046
14.95873910574384 0.0004164806929422766 0.1125382827658303
15.04872314343496 0.0004059775691972627 0.1097002076041932
15.13924847855642 0.0003956823364122031 0.1069183071753403
15.2303183672736 0.0003855929920090715 0.1041920403576877
15.3219360853393 0.0003757074657105997 0.1015208477364714
15.41410492821153 0.0003660236208140733 0.09890415194794235
15.50682821117208 0.0003565392621213261 0.09634135982215013
15.60010926944577 0.0003472521402932989 0.09383186355959929
15.69395145832038 0.000338159953045831 0.09137504105436677
15.7883581532674 0.0003292603505147234 0.08897025734380926
15.88333275006339 0.0003205509407166586 0.08661686608417177
15.97887866491215 0.0003120292916340032 0.08431421011392738
16.07499933456759 0.000303692934216199 0.08206162226479052
16.17169821645737 0.0002955393680108593 0.07985842688330951
16.26897878880723 0.0002875660639859587 0.07770394059345752
16.36684455076612 0.0002797704665788345 0.07559747285029826
16.46529902253208 0.0002721499983677788 0.07353832720230857
16.56434574547881 0.0002647020632859499 0.07152580215981742
16.66398828228309 0.0002574240487134763 0.06955919176031834
16.76423021705294 0.0002503133289355716 0.06763778650289543
16.86507515545651 0.0002433672683066797 0.0657608742032149
16.96652672485178 0.000236583223389532 0.06392774057152482
17.06858857441703 0.0002299585457728682 0.06213766997403882
17.17126437528214 0.0002234905848498807 0.06038994618370602
17.27455782066058 0.0002171766898401817 0.05868385292657211
17.37847262598229 0.0002110142122785503 0.0570186745542698
17.48301252902732 0.0002050005083771166 0.05539369668231038
17.58818129006027 0.0001991329407138058 0.0538082066463225
17.69398269196554 0.0001934088804039455 0.05226149408884745
17.80042054038342 0.0001878257094511601 0.05075285159458034
17.90749866384694 0.0001823808218972414 0.04928157500107932
18.01522091391964 0.0001770716254450121 0.04784696383728371
18.12359116533404 0.0001718955440313956 0.04644832201878946
18.23261331613107 0.0001668500186291846 0.04508495806449709
18.34229128780023 0.0001619325082101098 0.04375618535684493
18.45262902542071 0.0001571404921231271 0.04246132278445192
18.56363049780323 0.0001524714712480215 0.04119969505383578
18.67529969763284 0.0001479229681673245 0.03997063273586735
18.78764064161249 0.0001434925288706045 0.03877347272629105
18.90065737060757 0.0001391777247179174 0.03760755877627374
19.0143539497912 0.0001349761519713401 0.03647224136581924
19.12873446879051 0.0001308854326230506 0.03536687792752592
19.24380304183367 0.0001269032167982548 0.03429083349588753
19.35956380789796 0.0001230271824017852 0.03324348061179973
19.47602093085858 0.0001192550350271888 0.03222419929799451
19.59317859963845 0.0001155845099268825 0.03123237759140078
19.71104102835891 0.0001120133727051932 0.03026741173041247
19.82961245649123 0.0001085394183071946 0.02932870588165959
19.94889714900919 0.0001051604720586185 0.02841567242100527
20.06889939654243 0.0001018743915097333 0.02752773243178468
20.18962351553079 9.867906499176342e-05 0.02666431531473171
20.31107384837959 9.557241168492514e-05 0.02582485880636284
20.4332547636158 9.255238370969915e-05 0.02500880954406534
20.55617065604522 8.961696537548892e-05 0.0242156228630752
20.67982594691049 8.676417223203367e-05 0.02344476254015722
20.80422508405019 8.399205246610873e-05 0.02269570117101076
20.92937254205879 8.129868761177617e-05 0.0219679203621884
21.05527282244758 7.868219079663384e-05 0.02126091025721051
21.18193045380665 7.614070711174181e-05 0.02057416963652402
21.30934999196772 7.367241530089009e-05 0.01990720637396357
21.43753602016806 7.127552610391438e-05 0.01925953698909487
21.5664931492153 6.894828167270688e-05 0.0186306864894134
21.69622601765332 6.668895710645519e-05 0.01802018878518523
21.82673929192908 6.449585991971374e-05 0.01742758654571319
21.95803766656046 6.236732852205042e-05 0.01685243078851851
22.09012586430514 6.030173300640904e-05 0.01629428109236609
22.22300863633048 5.82974760032907e-05 0.01575270582807505
22.35669076238438 5.635299062516824e-05 0.01522728160307383
22.49117705096725 5.446674034080153e-05 0.01471759322743859
22.62647233950495 5.263722048806297e-05 0.01422323412267757
22.76258149452277 5.086295666565979e-05 0.01374380588715438
22.89950941182054 4.914250373585851e-05 0.01327891802661167
23.03726101664865 4.747444696054799e-05 0.0128281882611496
23.17584126388527 4.585740171732045e-05 0.01239124244850732
23.31525513821456 4.429001172274744e-05 0.01196771410397002
23.45550765430593 4.277094934487884e-05 0.01155724448481002
23.59660385699449 4.129891654280094e-05 0.0111594828441671
23.73854882146243 3.98726428820491e-05 0.01077408589478824
23.88134765342164 3.849088504814071e-05 0.01040071767757814
24.02500548929732 3.71524280377959e-05 0.01003904988348194
24.16952749641275 3.585608396900235e-05 0.009688761531949839
24.31491887317515 3.460069081597195e-05 0.00934953862910665
24.46118484926266 3.33851130859252e-05 0.00902107435062734
24.60833068581249 3.220824190115489e-05 0.008703069063911696
24.7563616756101 3.106899318757777e-05 0.008395229838608353
24.90528314327963 2.996630761978944e-05 0.008097270431767944
25.05510044547539 2.889915154800334e-05 0.00780891153831359
25.20581897107455 2.786651530918154e-05 0.007529880334687357
25.357444141371 2.686741250521635e-05 0.007259910283805906
25.5099814102703 2.590088086370615e-05 0.006998741367652875
25.66343626448592 2.496598151251259e-05 0.006746119891255183
25.81781422373652 2.406179760524697e-05 0.006501798111272277
25.97312084094457 2.318743462668728e-05 0.006265534318523635
26.12936170243603 2.234202074947648e-05 0.006037092934373103
26.28654242814131 2.152470515838099e-05 0.005816244057922607
26.44466867179741 2.073465775512464e-05 0.005602763386254604
26.6037461211513 1.997106995787697e-05 0.005396432430463802
26.76378049816449 1.923315343333527e-05 0.005197038173049899
26.92477755921884 1.852013923260744e-05 0.005004372834422348
27.08674309532363 1.783127833388537e-05 0.00481823401953747
27.24968293232387 1.716584134256922e-05 0.004638424636868296
27.41360293110984 1.652311714024045e-05 0.004464752533340216
27.57850898782788 1.59024129160257e-05 0.004297030502805881
27.74440703409252 1.530305464169282e-05 0.004135076414422095
27.91130303719981 1.47243856620686e-05 0.003978712831763077
28.07920300034196 1.416576626066184e-05 0.003827766895446395
28.24811296282329 1.362657426698038e-05 0.00368207048723761
28.41803900027744 1.310620420248666e-05 0.003541459999276804
28.58898722488593 1.260406638496928e-05 0.0034057760920686
28.76096378559799 1.211958722416706e-05 0.00327486377436347
28.93397486835177 1.165220917148585e-05 0.003148572389570583
29.1080266962968 1.120138952028978e-05 0.003026755291581534
29.28312553001787 1.076660027738121e-05 0.002909269810042616
29.4592776677602 1.034732861902802e-05 0.002795977373579085
29.63648944565603 9.943075801913343e-06 0.00268674321552019
29.81476723795246 9.553356656530577e-06 0.00258143623700817
29.99411745724076 9.177700001320321e-06 0.002479929118903232
30.17454655468706 8.815648137721127e-06 0.002382098185339959
30.35606102026435 8.46675598886258e-06 0.002287823170991423
30.53866738298595 8.130591203945098e-06 0.002196987249273915
30.72237221114033 7.806734276105977e-06 0.002109477064195819
30.90718211252742 7.494777530256869e-06 0.002025182456858665
31.09310373469621 7.194324895557283e-06 0.001943996403976624
31.28014376518396 6.90499228177555e-06 0.001865815119573944
31.46830893175665 6.626406810860855e-06 0.001790537847346116
31.65760600265105 6.358206285619435e-06 0.001718066717089554
31.84804178681812 6.100039433495513e-06 0.001648306810574241
32.03962313416796 5.851565666918362e-06 0.001581166096786517
32.23235693581619 5.612454305204014e-06 0.001516555221677207
32.42625012433181 5.382384547364307e-06 0.001454387500814287
32.62130967398656 5.16104566711748e-06 0.001394578972077177
32.81754260100581 4.948136208975025e-06 0.001337048178429376
33.01495596382091 4.743363711623099e-06 0.001281716093172664
33.21355686332307 4.546444981901312e-06 0.001228506193979594
33.4133524431188 4.357105600239464e-06 0.001177344329256319
33.61434988978685 4.175079407189642e-06 0.001128158579397159
33.81655643313671 4.000108615239956e-06 0.001080879286998065
34.01997934646867 3.831943742337604e-06 0.001035439038893725
34.22462594683541 3.670342951988754e-06 0.0009917724878443076
34.43050359530524 3.515071949784602e-06 0.0009498163245755181
34.63761969722685 3.365904176951662e-06 0.0009095093300782985
34.84598170249565 3.222620221779837e-06 0.0008707922165693458
35.0555971058218 3.085007528134237e-06 0.0008336075487273662
35.26647344699975 2.95286056782615e-06 0.0007978997902698625
35.47861831117944 2.825980556441163e-06 0.0007636152271663468
35.69203932913916 2.704174990871963e-06 0.0007307018426739273
35.90674417756002 2.587257669885276e-06 0.0006991093228947529
36.12274057930207 2.475048722195748e-06 0.000668789064361927
36.34003630368208 2.367374078949264e-06 0.0006396940314979132
36.55863916675303 2.264065334837983e-06 0.0006117787190860853
36.77855703158521 2.164959902277084e-06 0.0005849991939312084
36.9997978085491 2.069900614035722e-06 0.0005593129874853608
37.22236945559986 1.978735440298139e-06 0.000534679019394316
37.4462799785636 1.891317579018715e-06 0.0005110576219126052
37.67153743142533 1.807505319271226e-06 0.000488410502978779
37.89814991661868 1.727161646674139e-06 0.0004667006395963978
38.12612558531732 1.650154207417508e-06 0.0004458922681136495
38.35547263772817 1.576355377407635e-06 0.0004259509029071006
38.58619932338635 1.505641864326971e-06 0.0004068432288533121
38.81831394145193 1.437894558842043e-06 0.000388537061123365
39.05182484100842 1.372998640563548e-06 0.0003710013738146001
39.2867404213631 1.310843323991207e-06 0.0003542062313017459
39.52306913234914 1.251321614915635e-06 0.0003381227224136624
39.76081947462954 1.194330349439255e-06 0.00032272297097728
40.00000000000288 1.139770111585851e-06 0.0003079801135546711
