##########################################################################################
#
# SZ signal computed with SZpack v1.1.1
# Runmode: CNSN-basis
#
# General parameters:
# xmin= 0.1 xmax= 40 np= 1000
# Dtau= 0.01
# Te= 8keV (The ~ 0.0156556)
# betac= 0 muc= 1
# betao= 0 muo= 1
#
# Runmode specific parameters:
# eps= 0
# Te_order= 20 beta_order= 2
#
##########################################################################################
#
# Output format: x = (h nu/k T0) | x^3 Dn(x) | DI(x) in MJy/sr 
# Here a CMB temperature of T0 = 2.726 K is assumed.
#
##########################################################################################
0.1 -3.044646887693601e-06 -0.0008227015997998661
0.1006015482792701 -3.081320964687775e-06 -0.0008326113932594111
0.1012067151618632 -3.118435988170948e-06 -0.0008426403359652587
0.1018155224154252 -3.155997241579696e-06 -0.0008527898555679321
0.1024279919385451 -3.194010069616605e-06 -0.0008630613962727962
0.1030441457615424 -3.232479879323251e-06 -0.0008734564191299883
0.1036640060472596 -3.271412144479267e-06 -0.0008839764032231028
0.1042875950918594 -3.310812403382573e-06 -0.0008946228450693799
0.1049149353256267 -3.350686258210212e-06 -0.000905397258446997
0.1055460493137754 -3.391039379098554e-06 -0.0009163011754975898
0.10618095975726 -3.431877504706504e-06 -0.0009273361468784382
0.1068196894935924 -3.473206439818799e-06 -0.0009385037411148482
0.1074622614976628 -3.515032057791124e-06 -0.0009498055452608505
0.1081086988825668 -3.557360304275437e-06 -0.0009612431659058335
0.1087590249004362 -3.600197194034556e-06 -0.000972818228313801
0.1094132629432757 -3.643548811503435e-06 -0.0009845323765750389
0.1100714365438043 -3.687421315791738e-06 -0.0009963872749578708
0.1107335693763015 -3.731820939073941e-06 -0.001008384607473646
0.1113996852574591 -3.776753985173109e-06 -0.001020526077494056
0.1120698081472377 -3.82222683356818e-06 -0.001032813408833955
0.1127439621497288 -3.868245941292841e-06 -0.001045248346264456
0.1134221715140214 -3.914817839781654e-06 -0.00105783265466072
0.1141044606350749 -3.961949136845998e-06 -0.001070568119535878
0.1147908540545956 -4.009646521633498e-06 -0.001083456548381126
0.1154813764619206 -4.05791676132509e-06 -0.001096499769773239
0.1161760526949047 -4.10676670104243e-06 -0.001109699633349546
0.1168749077408149 -4.15620326922792e-06 -0.001123058011261681
0.1175779667372284 -4.206233477064801e-06 -0.001136576798018888
0.118285254972937 -4.256864416148733e-06 -0.001150257909858847
0.118996797888857 -4.308103262220431e-06 -0.001164103285756286
0.119712621078944 -4.359957278627463e-06 -0.001178114888358396
0.1204327502911136 -4.412433812475258e-06 -0.001192294702944789
0.1211572114281675 -4.465540296025226e-06 -0.001206644737805284
0.1218860305487253 -4.519284252711202e-06 -0.001221167025865632
0.1226192338681618 -4.573673294160392e-06 -0.001235863623882529
0.12335684775955 -4.628715119246243e-06 -0.001250736612187698
0.1240988987546095 -4.684417519603484e-06 -0.001265788096178115
0.124845413544661 -4.740788380495457e-06 -0.00128102020655038
0.1255964189815867 -4.797835677480693e-06 -0.001296435098399978
0.1263519420787953 -4.855567479669557e-06 -0.001312034952101268
0.1271120100121947 -4.9139919548761e-06 -0.001327821974699577
0.1278766501211688 -4.97311736526482e-06 -0.001343798398734901
0.128645889909561 -5.032952068039689e-06 -0.001359966482428089
0.1294197570466637 -5.0935045222442e-06 -0.001376328511518299
0.1301982793682135 -5.154783286648586e-06 -0.001392886798692099
0.1309814848773924 -5.216797017734891e-06 -0.001409643683039009
0.1317694017458348 -5.279554475082089e-06 -0.001426601531506627
0.1325620583146414 -5.343064524059862e-06 -0.001443762739628519
0.1333594830953982 -5.407336131474326e-06 -0.001461129730347645
0.1341617047712022 -5.472378368170597e-06 -0.001478704954719598
0.1349687521976928 -5.538200415830636e-06 -0.001496490893749473
0.1357806544040905 -5.604811562497622e-06 -0.001514490057182493
0.13659744059424 -5.672221202359967e-06 -0.001532704983445648
0.1374191401476617 -5.740438843024076e-06 -0.001551138241612886
0.1382457826206078 -5.809474104832921e-06 -0.001569792431220983
0.1390773977471256 -5.879336717605582e-06 -0.001588670181388526
0.1399140154401271 -5.95003652561729e-06 -0.001607774152161583
0.140755665792465 -6.021583492412724e-06 -0.001627107035814314
0.1416023790780148 -6.093987695527643e-06 -0.001646671555422695
0.1424541857527642 -6.167259328291872e-06 -0.001666470465351703
0.1433111164559082 -6.241408708010301e-06 -0.001686506553465925
0.1441732020109516 -6.316446271979289e-06 -0.00170678264005314
0.1450404734268171 -6.392382576091907e-06 -0.001727301577447442
0.1459129618989614 -6.469228302247303e-06 -0.001748066252031337
0.1467906988104967 -6.546994259654312e-06 -0.001769079584588
0.1476737157333199 -6.625691380212955e-06 -0.001790344529053295
0.148562044429248 -6.70533072282101e-06 -0.001811864073679466
0.1494557168511607 -6.785923480449505e-06 -0.001833641242947024
0.1503547651441497 -6.867480974217715e-06 -0.001855679095963734
0.151259221646675 -6.950014654216975e-06 -0.001877980726687222
0.152169118891728 -7.03353610869369e-06 -0.001900549266406341
0.1530844896080017 -7.118057061287297e-06 -0.00192338788299483
0.1540053667210681 -7.20358936817566e-06 -0.001946499780139964
0.1549317833545624 -7.290145025261184e-06 -0.001969888199284338
0.1558637728313743 -7.377736171953145e-06 -0.001993556420647889
0.156801368674847 -7.466375085182699e-06 -0.002017507761610689
0.1577446046099826 -7.556074182798787e-06 -0.00204174557763055
0.1586935145646554 -7.646846032815754e-06 -0.002066273264741853
0.1596481326708324 -7.738703347378467e-06 -0.002091094257924846
0.1606084932658007 -7.831658982337841e-06 -0.002116212030990944
0.1615746308934029 -7.925725947007319e-06 -0.002141630099219054
0.1625465803052792 -8.020917403374841e-06 -0.002167352019142636
0.1635243764621181 -8.11724666156005e-06 -0.002193381387322189
0.1645080545349132 -8.214727186405055e-06 -0.00221972184212615
0.1654976499062288 -8.313372604102493e-06 -0.002246377065521888
0.1664931981714723 -8.413196694993361e-06 -0.002273350781129577
0.1674947351401746 -8.514213395859987e-06 -0.002300646754841797
0.1685022968372784 -8.616436810959669e-06 -0.002328268797804954
0.1695159195044337 -8.719881206721659e-06 -0.00235622076498634
0.1705356396013016 -8.82456100970693e-06 -0.002384506554622837
0.1715614938068656 -8.930490816478669e-06 -0.002413130110888049
0.172593519020751 -9.037685395510062e-06 -0.002442095424407807
0.1736317523645521 -9.14615968082219e-06 -0.002471406530541049
0.1746762311831677 -9.255928777622382e-06 -0.002501067510903378
0.1757269930461439 -9.367007971924892e-06 -0.002531082495966681
0.1767840757490262 -9.47941272253355e-06 -0.002561455662892748
0.1778475173147181 -9.593158661987311e-06 -0.002592191235788768
0.1789173559948495 -9.708261608847301e-06 -0.002623293489027444
0.1799936302711521 -9.82473756410053e-06 -0.002654766746275229
0.1810763788568441 -9.942602707137669e-06 -0.002686615379405474
0.1821656406980222 -1.006187340524726e-05 -0.00271884381106388
0.1832614549750625 -1.018256621885585e-05 -0.002751456516084444
0.1843638611040305 -1.030469789335053e-05 -0.002784458019279818
0.1854728987380978 -1.042828536345107e-05 -0.002817852896622707
0.1865886077689693 -1.055334576565956e-05 -0.00285164577860991
0.1877110283283176 -1.067989643017302e-05 -0.002885841348077026
0.1888402007892269 -1.08079548801163e-05 -0.00292044433999115
0.1899761657676448 -1.093753884449297e-05 -0.002955459544950387
0.1911189641238435 -1.106866625728349e-05 -0.002990891808940153
0.1922686369638894 -1.120135525115523e-05 -0.003026746031633547
0.1934252256411219 -1.133562416608135e-05 -0.003063027168720282
0.1945887717576404 -1.147149155835279e-05 -0.003099740234341835
0.1957593171658014 -1.16089761908179e-05 -0.003136890298454072
0.1969369039697233 -1.174809703573861e-05 -0.003174482487599028
0.1981215745268011 -1.188887328949932e-05 -0.003212521988879421
0.19931337144923 -1.203132436559025e-05 -0.003251014048062678
0.2005123376055381 -1.217546989164231e-05 -0.003289963968779709
0.2017185161221286 -1.232132972241569e-05 -0.003329377116034594
0.2029319503848305 -1.246892394252243e-05 -0.003369258916940252
0.2041526840404598 -1.2618272857716e-05 -0.003409614858364777
0.205380760998389 -1.276939700216116e-05 -0.003450450488895846
0.2066162254321268 -1.292231715135481e-05 -0.003491771422332089
0.2078591217809067 -1.307705431135182e-05 -0.003533583334771781
0.2091094947512857 -1.323362971977626e-05 -0.003575891964886087
0.2103673893187526 -1.339206486204898e-05 -0.003618703118303955
0.2116328507293451 -1.355238146672288e-05 -0.003662022666351649
0.2129059245012778 -1.3714601499856e-05 -0.003705856544532282
0.2141866564265795 -1.387874717737636e-05 -0.003750210755866959
0.2154750925727398 -1.404484097220874e-05 -0.003795091372820521
0.2167712792843669 -1.421290560319401e-05 -0.003840504534307402
0.2180752631848539 -1.43829640406094e-05 -0.003886456447183277
0.2193870911780562 -1.455503952268337e-05 -0.003932953390707599
0.2207068104499787 -1.472915554484155e-05 -0.003980001713637697
0.2220344684704725 -1.490533585838976e-05 -0.004027607833872924
0.2233701129949433 -1.508360448744928e-05 -0.004075778243030782
0.2247137920660681 -1.526398572791443e-05 -0.004124519506165232
0.2260655540155243 -1.544650413881791e-05 -0.004173838259433521
0.2274254474657272 -1.563118455340815e-05 -0.004223741213089402
0.2287935213315797 -1.581805209118266e-05 -0.004274235154734703
0.2301698248222314 -1.600713214478616e-05 -0.004325326945779044
0.2315544074428487 -1.619845038345752e-05 -0.004377023522371233
0.2329473189963953 -1.639203277231194e-05 -0.004429331900609556
0.2343486095854241 -1.658790556312689e-05 -0.004482259174052025
0.2357583296138787 -1.678609529006997e-05 -0.004535812512561993
0.237176529788907 -1.698662878649042e-05 -0.004589999166845419
0.2386032611226849 -1.718953318865872e-05 -0.004644826469461371
0.2400385749342508 -1.739483592396891e-05 -0.004700301831634134
0.2414825228513524 -1.760256472011195e-05 -0.004756432745731972
0.2429351568123028 -1.781274762208407e-05 -0.004813226789862995
0.2443965290678495 -1.802541297786567e-05 -0.004870691624005409
0.2458666921830531 -1.824058943936424e-05 -0.004928834990262324
0.2473456990391787 -1.845830598343519e-05 -0.004987664718541831
0.2488336028355976 -1.867859190585248e-05 -0.0050471887249278
0.250330457091701 -1.890147681351371e-05 -0.005107415009573586
0.2518363156488252 -1.912699064020501e-05 -0.005168351660961908
0.2533512326721881 -1.935516365603928e-05 -0.005230006858455176
0.2548752626528374 -1.95860264526194e-05 -0.005292388868286408
0.2564084604096108 -1.981960994980319e-05 -0.005355506045387209
0.2579508810911079 -2.005594541713465e-05 -0.005419366839178745
0.2595025801776736 -2.029506445970771e-05 -0.005483979789751969
0.261063613483394 -2.053699901598118e-05 -0.005549353527277187
0.2626340371581039 -2.078178137942884e-05 -0.005615496777854179
0.2642139076894062 -2.102944419727658e-05 -0.005682418363170967
0.2658032819047042 -2.128002045879305e-05 -0.00575012719733979
0.2674022169732455 -2.153354350916023e-05 -0.005818632290645116
0.2690107704081783 -2.17900470651146e-05 -0.005887942753770077
0.2706290000686201 -2.20495651975991e-05 -0.005958067793108811
0.2722569641617388 -2.231213233571468e-05 -0.006029016711834226
0.2738947212448469 -2.25777832913716e-05 -0.006100798916559083
0.2755423302275071 -2.284655324731277e-05 -0.006173423914099747
0.2771998503736515 -2.311847775102422e-05 -0.006246901309830737
0.2788673413037137 -2.339359273586877e-05 -0.0063212408133953
0.2805448629967726 -2.367193452596349e-05 -0.006396452240023348
0.2822324757927104 -2.395353982043439e-05 -0.0064725455062769
0.283930240394383 -2.423844570460942e-05 -0.006549530633074559
0.285638217869803 -2.452668967175711e-05 -0.006627417751565566
0.2873564696543368 -2.481830960434015e-05 -0.006706217098064281
0.2890850575529139 -2.511334377461065e-05 -0.006785939014211028
0.2908240437422505 -2.541183087105509e-05 -0.006866593954117861
0.2925734907730859 -2.571380999061909e-05 -0.006948192482267593
0.294333461572432 -2.601932062805831e-05 -0.007030745270636272
0.2961040194458372 -2.632840269539437e-05 -0.007114263103950417
0.2978852280796634 -2.66410965339161e-05 -0.007198756882929909
0.2996771515433765 -2.695744289465652e-05 -0.00728423761901263
0.3014798542918515 -2.727748294629495e-05 -0.007370716436489695
0.3032934011676903 -2.760125830205028e-05 -0.007458204579772367
0.3051178574035545 -2.792881100139668e-05 -0.007546713408451407
0.3069532886245115 -2.8260183506534e-05 -0.007636254396343334
0.3087997608503953 -2.859541872911766e-05 -0.007726839138713169
0.3106573404981812 -2.893456002855642e-05 -0.007818479351814477
0.3125260943843745 -2.927765119641132e-05 -0.007911186868673762
0.3144060897274139 -2.96247364730645e-05 -0.0080049736435946
0.3162973941500897 -2.99758605672199e-05 -0.008099851757426958
0.3182000756819758 -3.033106863338784e-05 -0.008195833411483252
0.3201142027618771 -3.069040627601473e-05 -0.008292930928654249
0.3220398442402905 -3.105391957979206e-05 -0.008391156761598935
0.3239770693818822 -3.142165509430193e-05 -0.008490523488595532
0.3259259478679787 -3.17936598254618e-05 -0.008591043811229791
0.3278865497990735 -3.216998126102247e-05 -0.008692730561284825
0.3298589456973481 -3.255066737642274e-05 -0.008795596702323156
0.3318432065092091 -3.293576661422723e-05 -0.008899655324130515
0.3338394036078401 -3.332532789705074e-05 -0.009004919646208195
0.3358476087957689 -3.371940065407842e-05 -0.009111403024939124
0.3378678943074497 -3.411803479707139e-05 -0.009219118947104274
0.3399003328118625 -3.452128072008448e-05 -0.009328081029806397
0.3419449974151257 -3.492918933121647e-05 -0.009438303029049354
0.3440019616631268 -3.53418120425879e-05 -0.009549798837029957
0.3460712995441669 -3.575920075608393e-05 -0.009662582478285553
0.3481530854916227 -3.618140788612556e-05 -0.009776668115847051
0.3502473943866234 -3.660848637394643e-05 -0.00989207005509673
0.3523543015607447 -3.704048966256211e-05 -0.0100088027370046
0.3544738827987177 -3.747747170525085e-05 -0.01012688074042002
0.3566062143411555 -3.791948699751644e-05 -0.01024631879070847
0.3587513728872951 -3.836659055398603e-05 -0.01036713175350902
0.3609094355977566 -3.881883790284538e-05 -0.01048933463323071
0.3630804800973185 -3.927628511700869e-05 -0.01061294258147499
0.3652645844777097 -3.973898881143516e-05 -0.01073797089631065
0.3674618273004187 -4.020700612289126e-05 -0.0108644350168053
0.369672287599519 -4.0680394728636e-05 -0.01099235052807442
0.3718960448845125 -4.115921286908009e-05 -0.01112173316740405
0.374133179143189 -4.164351931944425e-05 -0.01125259881659262
0.3763837708445035 -4.213337339327811e-05 -0.01138496350290174
0.3786479009414707 -4.262883497736367e-05 -0.01151884340848755
0.3809256508740766 -4.312996451241235e-05 -0.01165425486518486
0.3832171025722083 -4.363682298129345e-05 -0.01179121435132628
0.3855223384586003 -4.414947193765514e-05 -0.01192973849947601
0.3878414414518001 -4.466797351190364e-05 -0.01206984409804548
0.3901744949691499 -4.519239038523509e-05 -0.01221154808427643
0.3925215829297878 -4.572278580313553e-05 -0.01235486754788876
0.3948827897576659 -4.625922360522052e-05 -0.01249981973914362
0.3972582003845871 -4.680176819557125e-05 -0.01264642206082777
0.3996479002532602 -4.735048454062651e-05 -0.01279469206768405
0.402051975320373 -4.790543820431568e-05 -0.01294464747590472
0.4044705120596843 -4.846669533512996e-05 -0.01309630615963792
0.4069035974651345 -4.903432264759946e-05 -0.01324968614598258
0.4093513190539743 -4.960838744650393e-05 -0.01340480562153045
0.4118137648699132 -5.018895764188392e-05 -0.01356168293642231
0.4142910234862858 -5.077610171821651e-05 -0.01372033659601886
0.4167831840092382 -5.13698887420173e-05 -0.01388078526295487
0.4192903360809331 -5.197038839629712e-05 -0.01404304776644982
0.4218125698827739 -5.257767095240091e-05 -0.01420714309469842
0.4243499761386489 -5.319180726145207e-05 -0.01437309039255873
0.4269026461181943 -5.381286878708712e-05 -0.01454090897039755
0.429470671640077 -5.444092760058035e-05 -0.01471061830277294
0.4320541450752978 -5.507605635567794e-05 -0.01488223802163416
0.4346531593505136 -5.571832830687955e-05 -0.01505578792126158
0.43726780795138 -5.636781733241377e-05 -0.01523128796447487
0.4398981849259138 -5.702459790026789e-05 -0.01540875827345391
0.4425443848878763 -5.768874506947544e-05 -0.01558821913008662
0.4452065030201759 -5.836033452559884e-05 -0.01576969098555685
0.4478846350782926 -5.903944255714983e-05 -0.01595319445397292
0.4505788773937215 -5.972614603989723e-05 -0.01613875030812728
0.4532893268774382 -6.042052246473532e-05 -0.01632637948702703
0.4560160810233846 -6.11226499414478e-05 -0.01651610309691086
0.458759237911976 -6.183260716766361e-05 -0.01670794240286062
0.4615188962136283 -6.255047344008521e-05 -0.01690191883183527
0.464295155192308 -6.327632868294919e-05 -0.01709805398036138
0.4670881147091019 -6.40102534133541e-05 -0.01729636960516416
0.4698978752258099 -6.47523287357479e-05 -0.017496887621678
0.4727245378085577 -6.550263637483636e-05 -0.0176996301129387
0.4755682041314329 -6.626125865870808e-05 -0.01790461932502362
0.4784289764801414 -6.702827849599086e-05 -0.01811187766087904
0.4813069577556875 -6.780377939673724e-05 -0.01832142768596376
0.4842022514780743 -6.858784548383718e-05 -0.01853329213133285
0.487114961790028 -6.938056145764173e-05 -0.01874749388407862
0.4900451934607434 -7.018201259962764e-05 -0.01896405598832076
0.4929930518896525 -7.099228480223845e-05 -0.01918300165326986
0.4959586431102161 -7.181146453653448e-05 -0.01940435424448595
0.4989420737937372 -7.263963883945034e-05 -0.01962813728043536
0.5019434512531983 -7.347689534078289e-05 -0.01985437443978324
0.504962883447121 -7.432332225361405e-05 -0.02008308955880558
0.5080004789834501 -7.517900834520116e-05 -0.02031430662352355
0.5110563471234592 -7.604404294934809e-05 -0.02054804977304622
0.5141305977856812 -7.69185159825318e-05 -0.02078434330392825
0.5172233415498623 -7.780251790655984e-05 -0.02102321166007938
0.520334689660939 -7.869613972461333e-05 -0.02126467943169528
0.52346475403304 -7.959947300749885e-05 -0.02150877136235111
0.5266136472535116 -8.05126098661146e-05 -0.0217555123415615
0.5297814825869668 -8.14356429315889e-05 -0.02200492739941379
0.5329683739793606 -8.236866537350827e-05 -0.02225704171149341
0.5361744360620875 -8.331177089623772e-05 -0.02251188059788965
0.5393997841561053 -8.426505370533831e-05 -0.0227694695141212
0.5426445342760833 -8.522860851064609e-05 -0.02302983405196818
0.5459088031345746 -8.620253054235858e-05 -0.02329299994381883
0.5491927081462149 -8.718691551449076e-05 -0.02355899305279495
0.5524963674319456 -8.818185961346261e-05 -0.02382783936966805
0.5558198998232626 -8.918745951611949e-05 -0.02409956501772871
0.5591634248664905 -9.020381236751137e-05 -0.02437419624678222
0.5625270628270829 -9.123101575514435e-05 -0.02465175942619107
0.565910934693948 -9.226916771638103e-05 -0.02493228104687457
0.5693151621838011 -9.331836673685648e-05 -0.02521578772088085
0.5727398677455418 -9.43787117150285e-05 -0.02550230617180792
0.5761851745646592 -9.545030195610865e-05 -0.0257918632331637
0.5796512065676627 -9.653323718183307e-05 -0.02608448585100626
0.5831380884265391 -9.762761749710215e-05 -0.02638020107492945
0.5866459455632378 -9.873354337184478e-05 -0.02667903605316236
0.5901749041541815 -9.985111564692023e-05 -0.02698101803416412
0.5937250911348052 -0.0001009804355149854 -0.02728617436145395
0.5972966342041217 -0.0001021216044913387 -0.02759453246573283
0.6008896618293151 -0.0001032747244095052 -0.02790611986369062
0.6045043032503616 -0.0001044398974153987 -0.02822096415642841
0.6081406884846782 -0.0001056172259331556 -0.02853909302022657
0.6117989483317994 -0.000106806812650797 -0.02886053420267043
0.6154792143780822 -0.000108008760517011 -0.02918531552178076
0.619181619001439 -0.0001092231727114427 -0.02951346485798582
0.6229062953760992 -0.0001104501526218222 -0.02984501014794099
0.6266533774773996 -0.0001116898038349237 -0.0301799793820859
0.6304230000866031 -0.0001129422301150598 -0.03051840059883329
0.6342152987957473 -0.0001142075353751317 -0.03086030187674632
0.6380304100125211 -0.0001154858236607035 -0.03120571133023535
0.6418684709651717 -0.0001167771991315377 -0.03155465710456861
0.6457296197074404 -0.0001180817660312434 -0.03190716736767069
0.6496139951235281 -0.000119399628666441 -0.03226327030449267
0.6535217369330918 -0.000120730891385078 -0.03262299411115262
0.6574529856962692 -0.0001220756585469323 -0.03298636698696549
0.6614078828187353 -0.0001234340344997622 -0.03335341712799823
0.6653865705567885 -0.0001248061235541404 -0.03372417272026985
0.6693891920224675 -0.0001261920299505923 -0.03409866193087172
0.673415891188699 -0.0001275918578351093 -0.03447691290135093
0.6774668128944764 -0.0001290057112333675 -0.03485895374074385
0.6815421028500694 -0.0001304336940104765 -0.0352448125146998
0.6856419076422656 -0.0001318759098446042 -0.03563451723835411
0.6897663747396426 -0.0001333324622029988 -0.03602809586984895
0.693915652497873 -0.0001348034542980171 -0.0364255762984517
0.6980898901650602 -0.000136288989049884 -0.03682698633449205
0.702289237887107 -0.0001377891690673149 -0.03723235370412588
0.7065138467131162 -0.0001393040966069728 -0.03764170603838016
0.7107638686008243 -0.0001408338735172367 -0.03805507085795844
0.7150394564220665 -0.0001423786012219468 -0.03847247556884854
0.7193407639682761 -0.0001439383806877865 -0.03889394745350881
0.7236679459560159 -0.0001455133123542947 -0.03931951365195666
0.728021158032544 -0.0001471034961067693 -0.03974920115444652
0.7324005567814114 -0.0001487090312549462 -0.0401830367957089
0.736806299728095 -0.000150330016465255 -0.04062104723664484
0.7412385453456634 -0.0001519665497029077 -0.04106325894867772
0.7456974530604773 -0.0001536187282235936 -0.04150969821150893
0.7501831832579239 -0.0001552866485204198 -0.04196039109878067
0.754695897288186 -0.0001569704062308204 -0.04241536345292164
0.7592357574720454 -0.0001586700961295449 -0.04287464088325235
0.7638029271067222 -0.0001603858120943241 -0.04333824875670767
0.7683975704717476 -0.0001621176470007466 -0.04380621216943117
0.7730198528348741 -0.0001638656926833475 -0.04427855593626072
0.7776699404580188 -0.000165630039925343 -0.04475530458795469
0.7823480006032453 -0.0001674107783685899 -0.04523648234686194
0.7870542015387785 -0.0001692079964175094 -0.04572211310096076
0.7917887125450584 -0.0001710217812483574 -0.04621222040636382
0.7965517039208285 -0.0001728522187484539 -0.04670682747089728
0.8013433469892614 -0.0001746993933742909 -0.04720595711575966
0.8061638141041211 -0.0001765633881484191 -0.04770963177468061
0.8110132786559631 -0.0001784442846319614 -0.04821787348649383
0.8158919150783704 -0.0001803421627824745 -0.04873070385672935
0.8207998988542287 -0.0001822571008850372 -0.04924814403899282
0.8257374065220374 -0.0001841891755634869 -0.04977021473800171
0.8307046156822607 -0.000186138461672919 -0.05029693618053728
0.8357017050037151 -0.0001881050321451522 -0.05082832807368749
0.8407288542299962 -0.0001900889580194218 -0.05136440961314062
0.8457862441859444 -0.000192090308381133 -0.05190519946663565
0.8508740567841485 -0.0001941091501634517 -0.05245071572034957
0.8559924750314897 -0.0001961455481335532 -0.05300097587518178
0.8611416830357236 -0.0001981995648846623 -0.05355599684460306
0.8663218660121029 -0.0002002712606594798 -0.05411579490694326
0.8715332102900397 -0.000202360693226331 -0.05468038567192506
0.8767759033198074 -0.0002044679179229915 -0.05524978409250633
0.882050133679283 -0.0002065929875398331 -0.05582400443330455
0.8873560910807308 -0.0002087359520874918 -0.05640306020781794
0.8926939663776258 -0.0002108968588457729 -0.05698696419164015
0.8980639515715189 -0.0002130757523133899 -0.05757572840887914
0.9034662398189428 -0.0002152726739507741 -0.058169364062661
0.9089010254383604 -0.0002174876621311803 -0.05876788152191827
0.9143685039171535 -0.0002197207521683649 -0.05937129032886884
0.9198688719186553 -0.0002219719761133947 -0.05997959914411105
0.9254023272892237 -0.0002242413625461848 -0.06059281569029479
0.9309690690653579 -0.000226528936660969 -0.06121094677521653
0.9365692974808579 -0.0002288347201508094 -0.06183399826061255
0.9422032139740265 -0.0002311587308851004 -0.06246197497501625
0.9478710211949153 -0.0002335009829604103 -0.06309488072749637
0.9535729230126136 -0.000235861486678985 -0.0637327183018484
0.9593091245225821 -0.000238240248237175 -0.06437548937240359
0.9650798320540293 -0.0002406372696072855 -0.0650231944721034
0.9708852531773335 -0.0002430525486188143 -0.06567583301445111
0.9767255967115094 -0.000245486078741827 -0.06633340323497686
0.9826010727317186 -0.0002479378487639256 -0.06699590210395073
0.9885118925768263 -0.0002504078429195076 -0.06766332536131016
0.9944582688570029 -0.0002528960407904755 -0.06833566748983022
1.000440415461372 -0.0002554024168910399 -0.06901292160293247
1.006458547565703 -0.0002579269406892333 -0.06969507945049813
1.012512881640152 -0.0002604695766379552 -0.07038213142725686
1.018603635457047 -0.0002630302838212573 -0.07107406647720857
1.024731028098722 -0.000265609015725609 -0.07177087203181663
1.030895279965397 -0.0002682057203914144 -0.0724725340509496
1.037096612783106 -0.0002708203402006839 -0.07317903696550726
1.043335249611672 -0.0002734528114168782 -0.07389036355308103
1.04961141485273 -0.000276103064345745 -0.07460649498141379
1.055925334257799 -0.0002787710232743705 -0.07532741079193109
1.062277234936404 -0.0002814566059711762 -0.07605308876463369
1.068667345364243 -0.0002841597236335815 -0.07678350490395576
1.075095895391404 -0.0002868802809987918 -0.07751863346870086
1.081563116250635 -0.0002896181759686182 -0.0782584468706637
1.088069240565661 -0.0002923732992270316 -0.0790029155712885
1.094614502359551 -0.0002951455344725633 -0.07975200814446641
1.101199137063137 -0.0002979347582309679 -0.08050569122591482
1.107823381523478 -0.0003007408392530577 -0.08126392935046466
1.114487474012384 -0.0003035636386720996 -0.08202668499459098
1.121191654234987 -0.0003064030100132862 -0.08279391857897213
1.127936163338358 -0.0003092587986283216 -0.0835655883157079
1.134721243920186 -0.0003121308415147037 -0.08434165015948719
1.141547140037501 -0.0003150189675332607 -0.08512205786636923
1.148414097215454 -0.0003179229970397422 -0.08590676289423477
1.155322362456149 -0.0003208427413130591 -0.08669571424828945
1.162272184247527 -0.0003237780028648301 -0.08748885856470714
1.169263812572304 -0.0003267285753039127 -0.08828614007402448
1.176297498916961 -0.0003296942426064112 -0.08908750040388787
1.183373496280794 -0.0003326747792141512 -0.08989287860566261
1.19049205918501 -0.0003356699501533602 -0.09070221118650189
1.197653443681885 -0.000338679510435621 -0.09151543194747681
1.204857907363973 -0.0003417032046911495 -0.09233247188448354
1.212105709373372 -0.0003447407675143163 -0.09315325928160763
1.219397110411042 -0.0003477919231352702 -0.09397771962239239
1.22673237274619 -0.0003508563846442757 -0.09480577538024539
1.234111760225694 -0.0003539338543497768 -0.09563734611519172
1.241535538283603 -0.0003570240237322752 -0.09647234846141117
1.249003973950675 -0.0003601265726183877 -0.0973106959040585
1.256517335863991 -0.0003632411691520297 -0.09815229877147656
1.264075894276612 -0.0003663674700617027 -0.09899706430742089
1.271679921067302 -0.0003695051200711059 -0.09984489651179963
1.279329689750306 -0.0003726537512975407 -0.1006956959781148
1.287025475485191 -0.0003758129837327776 -0.1015493600233985
1.294767555086741 -0.0003789824249897288 -0.1024057826197609
1.302556207034913 -0.0003821616693440982 -0.1032648541354321
1.310391711484858 -0.0003853502980786364 -0.1041264614277837
1.318274350276994 -0.0003885478795761655 -0.1049904878684658
1.326204406947145 -0.000391753968446863 -0.1058568131075878
1.334182166736741 -0.0003949681053004537 -0.1067253130121623
1.342207916603075 -0.000398189817195197 -0.1075958597874264
1.350281945229628 -0.000401418617109555 -0.1084683218340804
1.358404543036452 -0.0004046540030817515 -0.1093425635157857
1.366576002190616 -0.0004078954588081418 -0.1102184453208518
1.374796616616712 -0.0004111424535070212 -0.1110958238254353
1.383066682007434 -0.0004143944408302525 -0.111974551399449
1.391386495834208 -0.000417650859111013 -0.1128544762735052
1.399756357357896 -0.0004209111316486596 -0.1137354426158902
1.408176567639557 -0.0004241746658542277 -0.1146172903016678
1.416647429551278 -0.0004274408527639807 -0.1154998547812337
1.425169247787069 -0.0004307090676877098 -0.1163829672554945
1.433742328873819 -0.0004339786697947994 -0.1172664545640176
1.442366981182327 -0.000437249001015939 -0.1181501388882596
1.45104351493839 -0.0004405193867044019 -0.1190338379302523
1.459772242233963 -0.0004437891356702609 -0.1199173649218483
1.468553477038385 -0.0004470575390397119 -0.1208005283164959
1.477387535209671 -0.0004503238703218255 -0.1216831318072761
1.486274734505876 -0.0004535873859291014 -0.1225649744675629
1.495215394596523 -0.0004568473244171403 -0.1234458505455735
1.504209837074101 -0.0004601029057122944 -0.1243255492556695
1.513258385465633 -0.0004633533319508852 -0.125203855005124
1.522361365244312 -0.0004665977872291582 -0.1260805473265565
1.531519103841213 -0.0004698354363476733 -0.1269554005386512
1.540731930657063 -0.0004730654254423387 -0.1278281839166706
1.550000177074097 -0.0004762868822505539 -0.1286986617643702
1.55932417646797 -0.0004794989150153532 -0.1295665931178848
1.568704264219756 -0.0004827006123057239 -0.1304317316971761
1.578140777728008 -0.000485891043796298 -0.131293826116715
1.587634056420891 -0.0004890692596789843 -0.1321526197264974
1.597184441768398 -0.0004922342896330952 -0.1330078503337598
1.606792277294626 -0.0004953851438093641 -0.1338592504688724
1.616457908590138 -0.0004985208127957383 -0.1347065473760967
1.626181683324388 -0.0005016402663263909 -0.1355494626647439
1.635963951258232 -0.0005047424537848216 -0.1363877124451194
1.645805064256506 -0.0005078263047516394 -0.13722100747654
1.655705376300682 -0.0005108907280621359 -0.138049052912679
1.665665243501602 -0.0005139346113598715 -0.1388715481809393
1.675685024112287 -0.0005169568221269148 -0.1396881872608368
1.685765078540822 -0.0005199562073349482 -0.1404986585897252
1.695905769363321 -0.0005229315922621222 -0.1413026447430951
1.70610746133697 -0.0005258817815339641 -0.1420998227158404
1.716370521413142 -0.000528805559358908 -0.1428898639859014
1.726695318750602 -0.0005317016883472802 -0.1436724341951402
1.737082224728785 -0.0005345689098196409 -0.1444471932326581
1.747531612961148 -0.0005374059446553676 -0.1452137954640941
1.758043859308618 -0.0005402114926098398 -0.1459718895471186
1.768619341893104 -0.0005429842316535118 -0.1467211182528437
1.779258441111101 -0.0005457228192029696 -0.1474611187984694
1.789961539647373 -0.0005484258920596075 -0.1481915228307137
1.800729022488719 -0.0005510920652536042 -0.1489119561134404
1.811561276937818 -0.0005537199330311251 -0.1496220387944132
1.822458692627162 -0.0005563080694017381 -0.1503213855532146
1.83342166153307 -0.0005588550272183105 -0.1510096053526227
1.844450577989788 -0.000561359338288486 -0.1516863014687331
1.855545838703674 -0.0005638195144983796 -0.1523510717945958
1.866707842767465 -0.0005662340474748034 -0.1530035087489443
1.877936991674634 -0.0005686014078542899 -0.1536431990786764
1.88923368933383 -0.0005709200466223599 -0.1542697242207411
1.90059834208341 -0.0005731883953724094 -0.1548826603720934
1.912031358706049 -0.0005754048653880778 -0.1554815782417385
1.923533150443451 -0.0005775678485066516 -0.156066043284034
1.935104131011135 -0.0005796757179760805 -0.1566356159302669
1.946744716613318 -0.0005817268279316039 -0.1571898514472312
1.958455325957888 -0.0005837195134040983 -0.1577282999394834
1.970236380271462 -0.000585652091640039 -0.158250506706013
1.982088303314539 -0.0005875228621547518 -0.1587560122546313
1.994011521396743 -0.000589330106168301 -0.1592443521495418
2.006006463392153 -0.0005910720879375167 -0.15971505737127
2.018073560754737 -0.0005927470553401341 -0.1601676544745058
2.030213247533863 -0.0005943532393987414 -0.1606016654594677
2.042425960389917 -0.0005958888550420317 -0.1610166079776031
2.05471213861001 -0.0005973521022028809 -0.1614119956283021
2.067072224123773 -0.0005987411657843506 -0.1617873379497115
2.079506661519261 -0.0006000542157733212 -0.1621421404494397
2.092015898058938 -0.0006012894086291718 -0.1624759049797953
2.104600383695769 -0.0006024448877237276 -0.1627881298566665
2.117260571089404 -0.0006035187832312195 -0.1630783098297867
2.129996915622458 -0.0006045092133719414 -0.1633459364187864
2.142809875416892 -0.0006054142852703238 -0.1635904981450551
2.155699911350493 -0.000606232095078695 -0.1638114805651835
2.16866748707345 -0.0006069607287842146 -0.1640083664890068
2.181713069025031 -0.0006075982634063176 -0.1641806363031688
2.194837126450363 -0.0006081427674755153 -0.1643277681005004
2.208040131417308 -0.0006085923015616798 -0.1644492378227684
2.221322558833443 -0.0006089449195837131 -0.1645445196145642
2.234684886463145 -0.000609198669577767 -0.1646130860308869
2.248127594944775 -0.0006093515942944995 -0.1646544081985292
2.261651167807962 -0.0006094017323936147 -0.1646679561388568
2.275256091491004 -0.0006093471194321639 -0.1646531990348599
2.288942855358358 -0.0006091857886634936 -0.1646096054470391
2.302711951718243 -0.0006089157721755262 -0.1645366436209827
2.316563875840352 -0.0006085351019844883 -0.1644337817829059
2.330499125973664 -0.0006080418109629827 -0.1643004883904275
2.344518203364364 -0.0006074339341336898 -0.164136232482144
2.358621612273878 -0.0006067095097972759 -0.1639404839824048
2.372809859997005 -0.0006058665804900857 -0.1637127139600923
2.387083456880169 -0.0006049031944460749 -0.1634523950236547
2.401442916339774 -0.0006038174069426827 -0.1631590016847771
2.415888754880671 -0.0006026072811777485 -0.1628320105953361
2.430421492114737 -0.0006012708897024248 -0.1624709009345896
2.445041650779565 -0.0005998063162820002 -0.1620751549119957
2.459749756757268 -0.0005982116566620295 -0.1616442579742297
2.474546339093393 -0.0005964850197926481 -0.1611776991360093
2.489431930015952 -0.0005946245301656709 -0.1606749716116084
2.504407064954564 -0.0005926283288016098 -0.1601355730815608
2.519472282559719 -0.0005904945741432804 -0.1595590059341247
2.534628124722145 -0.0005882214443926197 -0.158944777896719
2.549875136592308 -0.0005858071393674315 -0.1582924025376402
2.565213866600017 -0.0005832498809524301 -0.1576013993879393
2.580644866474148 -0.0005805479149908121 -0.1568712944525483
2.596168691262497 -0.0005776995142719138 -0.1561016210175827
2.611785899351737 -0.0005747029788064106 -0.1552919197247033
2.627497052487508 -0.0005715566370929987 -0.1544417389133903
2.64330271579462 -0.0005682588495983909 -0.1535506355612807
2.659203457797384 -0.0005648080098455399 -0.1526181755782204
2.675199850440056 -0.0005612025448726917 -0.1516439339303058
2.691292469107416 -0.0005574409182738019 -0.1506274954614426
2.707481892645458 -0.0005535216330223007 -0.1495684556563621
2.723768703382218 -0.0005494432311685309 -0.1484664205588651
2.740153487148712 -0.0005452042958930425 -0.1473210073266482
2.756636833300016 -0.0005408034558815999 -0.1461318454134846
2.77321933473646 -0.0005362393851231654 -0.1448985765146377
2.789901587924954 -0.0005315108038391892 -0.1436208548179657
2.806684192920446 -0.0005266164829705987 -0.1422983482163632
2.823567753387507 -0.0005215552457838373 -0.1409307387417323
2.840552876622036 -0.0005163259674564324 -0.1395177224529982
2.857640173573115 -0.000510927578463896 -0.1380590103512916
2.874830258864976 -0.0005053590687910027 -0.1365543295178894
2.892123750819116 -0.000499619486632572 -0.1350034227631489
2.909521271476531 -0.0004937079402179887 -0.1334060491195166
2.927023446620097 -0.0004876236035249624 -0.1317619853854573
2.944630905797074 -0.0004813657158799604 -0.1300710260174857
2.962344282341753 -0.0004749335820480367 -0.1283329831544399
2.980164213398238 -0.0004683265773382402 -0.126547687997026
2.998091339943359 -0.0004615441502145475 -0.1247149915133247
3.016126306809736 -0.000454585820591641 -0.1228347639782897
3.034269762708964 -0.0004474511830660267 -0.1209068958468358
3.052522360254954 -0.0004401399127062684 -0.1189312993184321
3.070884755987404 -0.0004326517627285111 -0.1169079077090002
3.089357610395416 -0.0004249865656068921 -0.1148366757509604
3.107941587941251 -0.0004171442397307443 -0.1127175813920917
3.126637357084233 -0.0004091247892801324 -0.1105506257618997
3.14544559030479 -0.0004009283029444058 -0.1083358328253539
3.164366964128648 -0.0003925549590363487 -0.1060732507647947
3.183402159151157 -0.0003840050294857791 -0.1037629530590537
3.202551860061779 -0.0003752788765736074 -0.101405037600956
3.221816755668715 -0.0003663769554484431 -0.09899962737733801
3.241197538923678 -0.0003572998212457254 -0.096546872392726
3.260694906946819 -0.0003480481260374426 -0.09404694884511194
3.280309561051807 -0.0003386226186690158 -0.0915000590818776
3.300042206771049 -0.0003290241516562918 -0.08890643346344794
3.319893553881069 -0.0003192536818365362 -0.0862663305391977
3.339864316428041 -0.0003093122672901748 -0.08358003621566754
3.359955212753471 -0.0002992010717289633 -0.08084786494230206
3.380166965520037 -0.0002889213699182336 -0.07807016117660875
3.400500301737581 -0.0002784745428531674 -0.07524729808072669
3.42095595278926 -0.0002678620790272165 -0.07237967786416952
3.441534654457853 -0.0002570855821187661 -0.069467733860858
3.46223714695223 -0.0002461467677924944 -0.06651192966480732
3.483064174933973 -0.0002350474617365841 -0.06351275859975712
3.504016487544163 -0.0002237896059016191 -0.06047074540499939
3.525094838430328 -0.0002123752602117942 -0.05738644669776861
3.546299985773546 -0.000200806597533697 -0.05426044961374376
3.567632692315724 -0.0001890859066365305 -0.05109337260693749
3.589093725387028 -0.0001772155985471184 -0.04788586716689799
3.610683856933487 -0.0001651982005508445 -0.04463861619768764
3.632403863544755 -0.0001530363557351093 -0.04135233389451964
3.654254526482051 -0.0001407328301583184 -0.03802776768090784
3.676236631706256 -0.0001282905100985207 -0.03466569746521469
3.698350969906183 -0.0001157123979245899 -0.03126693452499275
3.720598336527025 -0.0001030016167613972 -0.02783232276757276
3.742979531798957 -9.016141361427204e-05 -0.0243627395743318
3.765495360765927 -7.719515162489387e-05 -0.02085909370813862
3.788146633314612 -6.410631108938457e-05 -0.01732232558845495
3.810934164203546 -5.089849724815528e-05 -0.01375340939624932
3.833858773092431 -3.757543268900007e-05 -0.01015335102121817
3.856921284571616 -2.414095462187363e-05 -0.0065231873253967
3.880122528191761 -1.059902059201548e-05 -0.002863987686916416
3.903463338493672 3.046293420381624e-06 0.0008231465134882266
3.926944555038322 1.67907990841883e-05 0.004537083536457052
3.950567022437048 3.063019343167285e-05 0.008276660666388767
3.974331590381932 4.45600559724035e-05 0.01204068343158131
3.998239113676364 5.857585661214293e-05 0.01582792774401601
4.02229045226579 7.267295677689892e-05 0.01963714020309013
4.046486471268643 8.684660470402565e-05 0.02346703682321362
4.070828041007458 0.0001010919417068492 0.02731630472658913
4.095316037040186 0.0001154040066230544 0.03118360334522176
4.119951340191675 0.0001297777328642933 0.03506756362368627
4.144734836585366 0.0001442079502607773 0.03896678851755908
4.169667417675155 0.0001586893923927551 0.04287985497447502
4.194749980277468 0.0001732166967976785 0.04680531399010615
4.219983426603512 0.0001877844031842902 0.05074169012558601
4.24536866429173 0.0002023869615422486 0.05468748369883149
4.270906606440451 0.0002170187352759753 0.05864117163134751
4.296598171640729 0.0002316739992734503 0.06260120692639136
4.322444284009386 0.0002463469455764359 0.06656602020113804
4.348445873222255 0.0002610316892608478 0.07053402127562998
4.374603874547618 0.0002757222686002802 0.07450359921696335
4.400919228879844 0.0002904126473424589 0.07847312295441446
4.42739288277324 0.0003050967223791516 0.08244094335194493
4.454025788476091 0.0003197683263134925 0.08640539390192507
4.480818903964917 0.0003344212281113812 0.09036479090114996
4.50777319297893 0.0003490491405606725 0.09431743546640549
4.534889625054696 0.0003636457248151625 0.09826161476231042
4.562169175561013 0.0003782045918790428 0.1021956024024342
4.589612825733993 0.0003927193080997005 0.1061176599335201
4.617221562712357 0.0004071834013014178 0.1100260384928878
4.644996379572944 0.000421590363808545 0.1139189796253319
4.672938275366425 0.0004359336565390705 0.117794716389256
4.701048255153248 0.0004502067156978488 0.1216514751652664
4.729327330039782 0.0004644029569401896 0.1254874767812258
4.757776517214689 0.0004785157795810633 0.1293009376496335
4.786396839985513 0.0004925385728883377 0.1330900714681357
4.815189327815487 0.0005064647209073694 0.1368530905231914
4.844155016360561 0.0005202876073193418 0.1405882070028553
4.873294947506656 0.000534000621647683 0.1442936346738292
4.902610169407141 0.000547597164167747 0.1479675902081202
4.932101736520533 0.000561070650899565 0.1516082945321431
4.961770709648425 0.0005744145207098297 0.1552139747457662
4.991618155973645 0.0005876222400158201 0.15878286539337
5.021645149098641 0.0006006873073401011 0.1623132096945843
5.051852769084097 0.0006136032611201973 0.1658032616545591
5.082242102487784 0.0006263636852866179 0.169251287571217
5.112814242403641 0.0006389622127819816 0.1726555669861641
5.1435702885011 0.0006513925327938165 0.1760143946390837
5.174511347064628 0.0006636483988542176 0.1793260826563641
5.205638531033534 0.0006757236310884391 0.1825889611586966
5.23695296004199 0.000687612121776477 0.1858013797638846
5.26845576045931 0.0006993078459173141 0.1889617104414344
5.300148065430462 0.0007108048636289514 0.1920683481610737
5.332031014916829 0.0007220973235239224 0.1951197118048577
5.364105755737212 0.0007331794731750696 0.1981142469951526
5.39637344160908 0.0007440456649318763 0.2010504276662809
5.42883523319007 0.0007546903564913498 0.2039267562187815
5.461492298119737 0.0007651081188771024 0.2067417656754564
5.494345811061548 0.0007752936472371681 0.2094940225990765
5.52739695374514 0.0007852417595189641 0.2121821267343386
5.560646915008824 0.0007949474009874689 0.2148047122287345
5.594096890842349 0.0008044056575042765 0.2173604512207165
5.627748084429916 0.0008136117562393496 0.2198480540320224
5.661601706193463 0.0008225610661694567 0.2222662693023591
5.695658973836199 0.000831249109429189 0.2246138870565896
5.729921112386407 0.000839671568380516 0.2268897406150148
5.764389354241504 0.0008478242820229718 0.2290927056233608
5.799064939212376 0.0008557032528357522 0.2312217019015995
5.833949114567966 0.0008633046601124411 0.233275697047158
5.869043135080146 0.0008706248551092422 0.2352537051239098
5.904348263068843 0.0008776603629301156 0.2371547871715629
5.939865768447451 0.0008844078967257914 0.2389780550424099
5.975596928768503 0.0008908643578781712 0.2407226714511562
6.01154302926963 0.0008970268322898087 0.2423878489722908
6.047705362919785 0.0009028926004791231 0.2439728527679394
6.084085230465758 0.0009084591463569859 0.2454770029594075
6.120683940478954 0.0009137241491445552 0.2468996724432783
6.15750280940247 0.0009186854874534986 0.2482402879939401
6.194543161598441 0.0009233412536915191 0.249498334156139
6.231806329395683 0.0009276897468275728 0.2506733512900504
6.269293653137611 0.0009317294703578965 0.2517649350216746
6.307006481230453 0.0009354591451246265 0.2527727397065872
6.344946170191752 0.0009388777100243977 0.2536964786214115
6.383114084699157 0.0009419843136171212 0.2545359216964059
6.421511597639515 0.0009447783210555595 0.255290897387921
6.460140090158249 0.0009472593239882452 0.2559612953542924
6.499000951709037 0.0009494271287836171 0.2565470632738547
6.538095580103793 0.000951281756809316 0.2570482069204114
6.577425381562945 0.00095282345756713 0.2574647937124604
6.616991770766014 0.0009540527007534517 0.257796950567831
6.656796170902505 0.0009549701697735801 0.2580448621511667
6.696840013723089 0.0009555767710681204 0.2582087733940356
6.737124739591115 0.0009558736356736081 0.2582889899166301
6.777651797534409 0.0009558621068219718 0.2582858746769865
6.818422645297399 0.0009555437425836885 0.2581998486851997
6.859438749393552 0.0009549203252257507 0.2580313935320614
6.900701585158119 0.0009539938475387722 0.2577810476944745
6.942212636801205 0.0009527665090181178 0.2574494055035459
6.983973397461158 0.0009512407254473742 0.2570371197341607
7.025985369258271 0.0009494191215615406 0.2565448996224839
7.068250063348816 0.0009473045207123365 0.2559735080733981
7.110768999979402 0.0009448999494148333 0.2553237628890601
7.153543708541653 0.000942208639074291 0.2545965372355134
7.196575727627224 0.0009392340113277931 0.2537927556818151
7.239866605083138 0.0009359796763636164 0.252913393745909
7.28341789806747 0.0009324494394523453 0.2519594796594136
7.327231173105349 0.0009286472876927979 0.2509320907862064
7.37130800614531 0.0009245773826061629 0.2498323516212667
7.41564998261598 0.0009202440645907715 0.2486614349944113
7.460258697483103 0.0009156518467993115 0.2474205604158405
7.505135755306914 0.0009108054026004813 0.2461109906881212
7.550282770299852 0.0009057095652093217 0.2447340318062974
7.59570136638462 0.0009003693281610979 0.2432910330859392
7.641393177252606 0.0008947898307220024 0.2417833832209329
7.687359846422636 0.0008889763528467143 0.2402125089209501
7.733603027300095 0.00088293431726968 0.238579875476538
7.780124383236402 0.0008766692779391215 0.2368869836338442
7.826925587588838 0.0008701869107764494 0.2351353670976946
7.874008323780734 0.000863493013150691 0.2333265923895774
7.921374285362025 0.0008565934979006736 0.2314622572323622
7.969025176070168 0.0008494943811225891 0.2295439872503478
8.016962709891423 0.0008422017781495047 0.2275734348828755
8.065188611122505 0.0008347219010937146 0.225552278720242
8.113704614432605 0.0008270610465562364 0.2234822201826519
8.162512464925786 0.0008192255888767561 0.2213649816962684
8.211613918203758 0.0008112219773853987 0.2192023059506077
8.26101074042902 0.0008030567269672924 0.2169959533489662
8.310704708388393 0.0007947364092028891 0.2147476996144245
8.360697609556926 0.0007862676478847399 0.2124593345784244
8.410991242162195 0.0007776571122524103 0.2101326603527583
8.461587415248985 0.0007689115074180218 0.207769488742431
8.512487948744354 0.0007600375685649867 0.2053716396780856
8.563694673523104 0.000751042054836919 0.2029409395647108
8.615209431473632 0.0007419317405506981 0.2004792189073011
8.667034075564182 0.0007327134088370471 0.1979883105924615
8.719170469909495 0.0007233938451162444 0.1954700481254635
8.771620489837867 0.0007139798290878865 0.1929262634657788
8.824386021958594 0.0007044781285868062 0.190358785366872
8.877468964229841 0.0006948954932053698 0.1877694376528655
8.930871226026907 0.0006852386457854424 0.1851600369195621
8.984594728210904 0.0006755142770712981 0.1825323910895951
9.038641403197854 0.0006657290402670469 0.1798882979417764
9.09301319502819 0.0006558895419203877 0.1772295426477736
9.147712059436689 0.0006460023363562579 0.1745578962680118
9.202739963922818 0.0006360739220050935 0.1718751147595241
9.258098887821502 0.0006261107331548115 0.1691829367472343
9.313790822374321 0.0006161191311143295 0.1664830811362295
9.369817770801134 0.0006061054047817811 0.1637772472652986
9.426181748372137 0.0005960757647198156 0.1610671133060051
9.482884782480346 0.000586036328156453 0.1583543322097301
9.539928912714528 0.0005759931218535455 0.1556405324827669
9.597316190932558 0.0005659520808150854 0.1529273178372896
9.655048681335227 0.0005559190372182738 0.1502162642003894
9.713128460540494 0.0005458997015524616 0.1475089146175811
9.771557617658175 0.0005358997015168423 0.1448067897634458
9.830338254365088 0.0005259245784690407 0.1421113869819943
9.889472484980656 0.0005159796139767874 0.1394241334187651
9.948962436542953 0.0005060700549315693 0.1367464468493422
10.00881024888521 0.0004962011321559389 0.1340797407072835
10.06901807471279 0.000486377803731269 0.1314253547280748
10.12958807968063 0.0004766049140052011 0.1287845979149277
10.1905224424711 0.0004668872053103448 0.126158751705319
10.25182335487242 0.0004572292636856523 0.1235490553042275
10.31349302185747 0.0004476355328519112 0.1209567094604877
10.3755336616631 0.0004381103180770279 0.1183828775112365
10.43794750586993 0.0004286577786349976 0.1158286833442339
10.50073679948262 0.0004192819206949782 0.1132952094764011
10.56390380101059 0.0004099866040182395 0.1107834988634202
10.62745078254932 0.0004007755411887109 0.1082945546918185
10.69138002986203 0.0003916522877682642 0.105829337718803
10.7556938424619 0.00038262024636841 0.1033887673724836
10.82039453369479 0.0003736826707954394 0.1009737228719421
10.88548443082247 0.0003648426591322079 0.098585041357844
10.95096587510631 0.0003561031512781717 0.09622351722772535
11.01684122189147 0.0003474669372255122 0.0938899043723051
11.08311284069168 0.0003389366549730107 0.0915849156117879
11.14978311527443 0.0003305147829337738 0.08930922064433679
11.21685444374672 0.0003222036488648994 0.08706344845898042
11.28432923864131 0.0003140054324305709 0.08484818802819306
11.35220992700354 0.0003059221578738976 0.08266398632773435
11.42049895047856 0.0002979556981325031 0.0805113494487328
11.48919876539923 0.0002901077821030423 0.07839074456064893
11.55831184287442 0.0002823799911144155 0.0763025989582936
11.62784066887791 0.0002747737565098366 0.07424729940847272
11.69778774433782 0.0002672903698688731 0.07222519491211013
11.76815558522656 0.0002599309839885902 0.07023659696936484
11.83894672265132 0.0002526966072177059 0.06828177804864921
11.91016370294514 0.0002455881123228457 0.06636097398240137
11.98180908775847 0.0002386062416194479 0.06447438535352021
12.05388545415131 0.0002317516029400161 0.06262217640593662
12.12639539468595 0.0002250246730271585 0.06080447596145525
12.19934151752018 0.0002184258062867305 0.05902137978496274
12.27272644650111 0.0002119552345031867 0.05727295050751247
12.34655282125957 0.0002056130655120075 0.05555921726759747
12.42082329730504 0.0001993992914790954 0.05388017794834683
12.49554054612116 0.000193313794646173 0.05223580073000385
12.57070725526186 0.0001873563485960607 0.05062602443181986
12.64632612844798 0.0001815265962804023 0.04905075257487149
12.72239988566455 0.0001758241185889506 0.0475098719103376
12.79893126325863 0.0001702484573492955 0.04600325863431294
12.87592301403773 0.0001647988112678744 0.04453069622727317
12.95337790736882 0.0001594744185001618 0.04309197882931631
13.03129872927796 0.0001542746515820224 0.04168693689179945
13.10968828255048 0.000149198543631212 0.04031530915106922
13.18854938683184 0.0001442450687781821 0.03897681840436616
13.26788487872902 0.0001394131873770259 0.03767118372638691
13.34769761191256 0.0001347017565690734 0.03639809630245079
13.42799045721921 0.000130109565312719 0.03515722889399686
13.50876630275517 0.0001256353405764674 0.03394823751202194
13.59002805400002 0.00012127774390418 0.0327707604889675
13.67177863391118 0.0001170353758601532 0.03162441967983525
13.7540209830291 0.0001129067827557222 0.03050882227979944
13.83675805958297 0.0001088904592466272 0.02942356152604769
13.91999283959716 0.0001049848493781529 0.02836821698019068
14.00372831699829 0.0001011883525617581 0.02734235614322214
14.08796750372286 9.749932755457091e-05 0.026345535530828
14.17271342982564 9.391609379846859e-05 0.0253773010352227
14.25796914358864 9.043693535687899e-05 0.0244371889889219
14.34373771163077 8.706010560738908e-05 0.023524727432744
14.43002221901811 8.378382934823742e-05 0.02263943668501061
14.51682576937491 8.060630526148554e-05 0.02178083000712631
14.60415148499523 7.752571049253879e-05 0.02094841484102227
14.69200250695523 7.454020327426499e-05 0.02014169351822595
14.78038199522615 7.164792496660374e-05 0.0193601638109889
14.86929312878798 6.884700375251289e-05 0.01860331993097775
14.95873910574384 6.613555749346342e-05 0.01787065330086447
15.04872314343496 6.351169584773799e-05 0.01716165312671716
15.13924847855642 6.097352314365555e-05 0.01647580717438119
15.2303183672736 5.851914107771187e-05 0.01581260249855043
15.3219360853393 5.614665076249621e-05 0.01517152599613993
15.41410492821153 5.385415532040863e-05 0.01455206510714072
15.50682821117208 5.163976215066881e-05 0.01395370842719387
15.60010926944577 4.950158467942803e-05 0.01337594618049263
15.69395145832038 4.743774480259578e-05 0.01281827087986462
15.7883581532674 4.544637497316883e-05 0.01228017789079429
15.88333275006339 4.352561944260238e-05 0.01176116576685682
15.97887866491215 4.167363626343313e-05 0.01126073679085193
16.07499933456759 3.988859966505601e-05 0.01077839761676838
16.17169821645737 3.816870072169764e-05 0.01031365945027877
16.26897878880723 3.651214867955107e-05 0.009866038407347873
16.36684455076612 3.491717355946899e-05 0.009435056217512873
16.46529902253208 3.338202670552477e-05 0.009020240372111379
16.56434574547881 3.190498132432138e-05 0.008621124270009451
16.66398828228309 3.048433468991925e-05 0.008237247813400621
16.76423021705294 2.911840936813086e-05 0.007868157738625569
16.86507515545651 2.780555288856744e-05 0.00751340752755507
16.96652672485178 2.654413909100534e-05 0.007172557771394973
17.06858857441703 2.533257023085873e-05 0.006845176739611221
17.17126437528214 2.416927614836164e-05 0.006530840155432469
17.27455782066058 2.305271466538527e-05 0.00622913130307507
17.37847262598229 2.198137383930287e-05 0.005939641636765496
17.48301252902732 2.095377162603534e-05 0.005661970689691071
17.58818129006027 1.996845526534844e-05 0.005395725907899593
17.69398269196554 1.90240028432183e-05 0.005140523072469988
17.80042054038342 1.81190241776587e-05 0.004895986538873926
17.90749866384694 1.725215934759949e-05 0.004661748839460384
18.01522091391964 1.64220792312092e-05 0.004437450828917141
18.12359116533404 1.562748731747829e-05 0.004222742173783192
18.23261331613107 1.486711812313703e-05 0.004017280924680192
18.34229128780023 1.413973674685942e-05 0.00382073339585279
18.45262902542071 1.344414052347242e-05 0.003632774612156617
18.56363049780323 1.277915846288419e-05 0.003453088157449687
18.67529969763284 1.214364981137838e-05 0.003281365785836161
18.78764064161249 1.1536504866597e-05 0.003117307641884884
18.90065737060757 1.095664575915821e-05 0.002960622471832277
19.0143539497912 1.040302442107954e-05 0.00281102707462492
19.12873446879051 9.874622443578302e-06 0.002668246263495459
19.24380304183367 9.370452472425691e-06 0.002532013243004695
19.35956380789796 8.889556544343538e-06 0.00240206915951522
19.47602093085858 8.431005048800084e-06 0.002278162820655675
19.59317859963845 7.993897726349594e-06 0.002160050965084579
19.71104102835891 7.577363241867261e-06 0.002047498147173068
19.82961245649123 7.180557357624877e-06 0.001940276243347135
19.94889714900919 6.802663119990485e-06 0.001838164502536207
20.06889939654243 6.442891561125814e-06 0.001740949735780555
20.18962351553079 6.100479641404089e-06 0.001648425760246892
20.31107384837959 5.774689663190963e-06 0.001560393240824667
20.4332547636158 5.464810198143468e-06 0.001476659940693819
20.55617065604522 5.170154739397259e-06 0.00139704035712894
20.67982594691049 4.890060381505416e-06 0.001321355364802262
20.80422508405019 4.623888263687274e-06 0.001249432335555022
20.92937254205879 4.371023374231152e-06 0.001181105085544641
21.05527282244758 4.130872726093832e-06 0.001116213382268925
21.18193045380665 3.902865136931176e-06 0.001054602885127588
21.30934999196772 3.686451788384316e-06 0.0009961252965483682
21.43753602016806 3.481104502775811e-06 0.000940637896328813
21.5664931492153 3.28631494618494e-06 0.0008880033262972742
21.69622601765332 3.101595139286825e-06 0.0008380897283480149
21.82673929192908 2.926476547734053e-06 0.0007907704986509706
21.95803766656046 2.760508754968016e-06 0.0007459239290288016
22.09012586430514 2.603259525222999e-06 0.0007034332239813856
22.22300863633048 2.454314787558993e-06 0.0006631864963712833
22.35669076238438 2.313277074657917e-06 0.0006250763455669888
22.49117705096725 2.179765111583964e-06 0.0005889997463208383
22.62647233950495 2.053414187131552e-06 0.0005548581491118641
22.76258149452277 1.933874911663986e-06 0.000522557144498294
22.89950941182054 1.820812391771926e-06 0.0004920062400999633
23.03726101664865 1.713906436775341e-06 0.0004631189163977232
23.17584126388527 1.612851036239962e-06 0.0004358124855518618
23.31525513821456 1.517353208237981e-06 0.0004100077801877667
23.45550765430593 1.427132856649406e-06 0.00038562911483697
23.59660385699449 1.341922839701704e-06 0.0003626043044574147
23.73854882146243 1.261467787959031e-06 0.0003408643450393888
23.88134765342164 1.185523651217123e-06 0.0003203432911708672
24.02500548929732 1.11385789784836e-06 0.0003009783099030369
24.16952749641275 1.046248724120884e-06 0.0002827094670984524
24.31491887317515 9.824843219147476e-07 0.000265479529558796
24.46118484926266 9.223629005665625e-07 0.000249233970927574
24.60833068581249 8.656924330839076e-07 0.000233920903114083
24.7563616756101 8.122897617644941e-07 0.0002194908346205411
24.90528314327963 7.61980381881861e-07 0.0002058966120912628
25.05510044547539 7.145985176791156e-07 0.0001930934408471164
25.20581897107455 6.699863206917222e-07 0.0001810386682623328
25.357444141371 6.279934577873206e-07 0.0001696916724477218
25.5099814102703 5.884771876547769e-07 0.0001590138829189681
25.66343626448592 5.513019106297679e-07 0.0001489686589538841
25.81781422373652 5.163385874991434e-07 0.000139521132546093
25.97312084094457 4.834646727231063e-07 0.0001306381903608277
26.12936170243603 4.525640138543564e-07 0.0001222884465567282
26.28654242814131 4.235262189750168e-07 0.0001144420718594017
26.44466867179741 3.962464442181202e-07 0.0001070707361470754
26.6037461211513 3.706254413882567e-07 0.0001001476213182904
26.76378049816449 3.46569067471103e-07 9.364728875525272e-05
26.92477755921884 3.239879501902134e-07 8.754558895310286e-05
27.08674309532363 3.027974934774527e-07 8.181966299809518e-05
27.24968293232387 2.829176473434633e-07 7.644788038372519e-05
27.41360293110984 2.642724861230164e-07 7.140972504735773e-05
27.57850898782788 2.467901156506757e-07 6.668577028793274e-05
27.74440703409252 2.304026432818069e-07 6.225767066526766e-05
27.91130303719981 2.150457672755009e-07 5.810805104619689e-05
28.07920300034196 2.006586006505317e-07 5.422045900825263e-05
28.24811296282329 1.871836888589927e-07 5.057936961530203e-05
28.41803900027744 1.745667360550131e-07 4.7170111451937e-05
28.58898722488593 1.627563566096934e-07 4.397879947970746e-05
28.76096378559799 1.517040486802923e-07 4.099232789518588e-05
28.93397486835177 1.413640887991145e-07 3.819834164656856e-05
29.1080266962968 1.316932485841949e-07 3.558515988536593e-05
29.28312553001787 1.22650708854869e-07 3.31417527593574e-05
29.4592776677602 1.141980532321328e-07 3.085773968332865e-05
29.63648944565603 1.062990232400977e-07 2.872332316442743e-05
29.81476723795246 9.891938559194668e-08 2.6729252941172e-05
29.99411745724076 9.202693057984107e-08 2.48668255483838e-05
30.17454655468706 8.559133187016662e-08 2.312784643211265e-05
30.35606102026435 7.958397530878077e-08 2.150458369067723e-05
30.53866738298595 7.397792450726998e-08 1.998975877564215e-05
30.72237221114033 6.874787768755548e-08 1.857653483069175e-05
30.90718211252742 6.386999049291902e-08 1.725846881295704e-05
31.09310373469621 5.932180910512582e-08 1.602949342042738e-05
31.28014376518396 5.508226762291195e-08 1.488391638358505e-05
31.46830893175665 5.113155368609441e-08 1.381638415536217e-05
31.65760600265105 4.74510152486538e-08 1.282185672006373e-05
31.84804178681812 4.402315043550919e-08 1.189560485254157e-05
32.03962313416796 4.083154147837616e-08 1.10331922668384e-05
32.23235693581619 3.786074449121405e-08 1.023044583213762e-05
32.42625012433181 3.509625882272504e-08 9.483447291425856e-06
32.62130967398656 3.252451095420813e-08 8.788528910492194e-06
32.81754260100581 3.013275122334892e-08 8.142245571406733e-06
33.01495596382091 2.790900649674087e-08 7.54136198404504e-06
33.21355686332307 2.584207660613745e-08 6.982851723118936e-06
33.4133524431188 2.392146606554972e-08 6.46387877728384e-06
33.61434988978685 2.213732268304987e-08 5.981780961281644e-06
33.81655643313671 2.048042585121328e-08 5.534066751871993e-06
34.01997934646867 1.894215786717687e-08 5.118407538153997e-06
34.22462594683541 1.751443733375734e-08 4.732619625716915e-06
34.43050359530524 1.618969623633969e-08 4.374658042529273e-06
34.63761969722685 1.496087377683932e-08 4.04261487279842e-06
34.84598170249565 1.3821360468762e-08 3.734704150757804e-06
35.0555971058218 1.276496672276965e-08 3.449253372094653e-06
35.26647344699975 1.178591862370127e-08 3.184702352848302e-06
35.47861831117944 1.087882567361706e-08 2.939594513178007e-06
35.69203932913916 1.003864278370153e-08 2.712566607100665e-06
35.90674417756002 9.260660364247856e-09 2.502346044680843e-06
36.12274057930207 8.540492765152221e-09 2.307747768508059e-06
36.34003630368208 7.874040487203299e-09 2.127664042715414e-06
36.55863916675303 7.257474768826093e-09 1.961060288125358e-06
36.77855703158521 6.68723458093286e-09 1.806974270220891e-06
36.9997978085491 6.159998549319053e-09 1.664508512226408e-06
37.22236945559986 5.672665211867289e-09 1.532824960357741e-06
37.4462799785636 5.222349136372464e-09 1.411143934810035e-06
37.67153743142533 4.80636672506798e-09 1.298740293963509e-06
37.89814991661868 4.42221404802948e-09 1.194937444692411e-06
38.12612558531732 4.067559709494406e-09 1.099105414755503e-06
38.35547263772817 3.740240382184385e-09 1.010659646114214e-06
38.58619932338635 3.438240722799288e-09 9.290555678483933e-07
38.81831394145193 3.15968370825376e-09 8.537859848867771e-07
39.05182484100842 2.902828739844131e-09 7.843805657292134e-07
39.2867404213631 2.666058497620779e-09 7.204022903339629e-07
39.52306913234914 2.447867211832059e-09 6.614442809154224e-07
39.76081947462954 2.246857667159121e-09 6.071289924509721e-07
40.00000000000288 2.06173536192098e-09 5.57106634425267e-07
