##########################################################################################
#
# SZ signal computed with SZpack v1.1.1
# Runmode: CNSN-basis
#
# General parameters:
# xmin= 0.1 xmax= 40 np= 1000
# Dtau= 0.01
# Te= 27keV (The ~ 0.0528377)
# betac= 0 muc= 1
# betao= 0 muo= 1
#
# Runmode specific parameters:
# eps= 0
# Te_order= 20 beta_order= 2
#
##########################################################################################
#
# Output format: x = (h nu/k T0) | x^3 Dn(x) | DI(x) in MJy/sr 
# Here a CMB temperature of T0 = 2.726 K is assumed.
#
##########################################################################################
0.1 -9.679503010935764e-06 -0.002615522556836439
0.1006015482792701 -9.796063122212995e-06 -0.002647018554092551
0.1012067151618632 -9.914023865410171e-06 -0.002678893019579553
0.1018155224154252 -1.00334020031941e-05 -0.002711150482779289
0.1024279919385451 -1.015421449214602e-05 -0.002743795525571703
0.1030441457615424 -1.027647848615475e-05 -0.00277683278315171
0.1036640060472596 -1.040021135030952e-05 -0.002810266947783217
0.1042875950918594 -1.052543065386821e-05 -0.002844102766899041
0.1049149353256267 -1.065215416822479e-05 -0.002878345042551702
0.1055460493137754 -1.078039987980646e-05 -0.00291299863489838
0.10618095975726 -1.091018599184095e-05 -0.002948068462678461
0.1068196894935924 -1.104153091676165e-05 -0.002983559501161321
0.1074622614976628 -1.117445328393078e-05 -0.003019476784233208
0.1081086988825668 -1.130897195140698e-05 -0.003055825407576998
0.1087590249004362 -1.144510599586005e-05 -0.003092610525947033
0.1094132629432757 -1.158287471432596e-05 -0.003129837353643344
0.1100714365438043 -1.172229763999658e-05 -0.003167511168778238
0.1107335693763015 -1.18633945371794e-05 -0.003205637311914343
0.1113996852574591 -1.200618539675177e-05 -0.003244221184836295
0.1120698081472377 -1.215069044875646e-05 -0.003283268253954211
0.1127439621497288 -1.229693016850306e-05 -0.003322784051952364
0.1134221715140214 -1.244492526653768e-05 -0.003362774175078878
0.1141044606350749 -1.259469669484839e-05 -0.0034032442848225
0.1147908540545956 -1.274626566255019e-05 -0.003444200112150884
0.1154813764619206 -1.289965362541503e-05 -0.003485647454681478
0.1161760526949047 -1.305488228556256e-05 -0.003527592176597953
0.1168749077408149 -1.321197360845058e-05 -0.003570040213241225
0.1175779667372284 -1.337094982102212e-05 -0.003612997570608801
0.118285254972937 -1.35318334043192e-05 -0.003656470323358894
0.118996797888857 -1.369464710525882e-05 -0.003700464617992459
0.119712621078944 -1.385941394759059e-05 -0.003744986675814083
0.1204327502911136 -1.402615721958446e-05 -0.003790042789605047
0.1211572114281675 -1.419490047856796e-05 -0.003835639324849346
0.1218860305487253 -1.436566757035777e-05 -0.003881782724984351
0.1226192338681618 -1.453848261829977e-05 -0.003928479508439287
0.12335684775955 -1.471337002123394e-05 -0.003975736268085324
0.1240988987546095 -1.489035447254218e-05 -0.00402355967638253
0.124845413544661 -1.50694609601891e-05 -0.004071956485390906
0.1255964189815867 -1.525071475695224e-05 -0.004120933524130462
0.1263519420787953 -1.543414143142858e-05 -0.004170497701555307
0.1271120100121947 -1.561976686369252e-05 -0.00422065601078465
0.1278766501211688 -1.580761723162509e-05 -0.004271415525408754
0.128645889909561 -1.599771901310784e-05 -0.00432278340008178
0.1294197570466637 -1.619009900741955e-05 -0.004374766876303428
0.1301982793682135 -1.638478432854578e-05 -0.004427373280611098
0.1309814848773924 -1.65818023987948e-05 -0.004480610022854838
0.1317694017458348 -1.678118096575856e-05 -0.004534484600780408
0.1325620583146414 -1.698294811077659e-05 -0.004589004602316326
0.1333594830953982 -1.71871322351677e-05 -0.004644177701853511
0.1341617047712022 -1.739376206841117e-05 -0.004700011662455936
0.1349687521976928 -1.760286668955088e-05 -0.004756514341644294
0.1357806544040905 -1.781447551304255e-05 -0.004813693687571743
0.13659744059424 -1.802861828804267e-05 -0.004871557738831771
0.1374191401476617 -1.824532512130435e-05 -0.00493011463064493
0.1382457826206078 -1.846462647498602e-05 -0.004989372594266734
0.1390773977471256 -1.868655315633815e-05 -0.005049339954200872
0.1399140154401271 -1.891113633336671e-05 -0.005110025132431669
0.140755665792465 -1.91384075499575e-05 -0.005171436652510883
0.1416023790780148 -1.936839870920039e-05 -0.005233583135051681
0.1424541857527642 -1.960114207903526e-05 -0.005296473299254272
0.1433111164559082 -1.983667031798247e-05 -0.005360115969858579
0.1441732020109516 -2.007501646254451e-05 -0.005424520073740021
0.1450404734268171 -2.031621392277354e-05 -0.005489694638711791
0.1459129618989614 -2.056029650556374e-05 -0.005555648799818761
0.1467906988104967 -2.080729841870306e-05 -0.005622391800432304
0.1476737157333199 -2.105725425628408e-05 -0.005689932988308114
0.148562044429248 -2.131019901221991e-05 -0.005758281819238401
0.1494557168511607 -2.156616810246263e-05 -0.005827447863055562
0.1503547651441497 -2.182519734629828e-05 -0.005897440798577873
0.151259221646675 -2.208732296889462e-05 -0.00596827041429791
0.152169118891728 -2.235258163014367e-05 -0.006039946616176179
0.1530844896080017 -2.262101041590821e-05 -0.006112479425275794
0.1540053667210681 -2.289264682899009e-05 -0.006185878975322021
0.1549317833545624 -2.316752881168107e-05 -0.006260155518795783
0.1558637728313743 -2.344569475759208e-05 -0.006335319430130077
0.156801368674847 -2.372718349276964e-05 -0.006411381200607391
0.1577446046099826 -2.401203428632106e-05 -0.006488351441230776
0.1586935145646554 -2.430028687942283e-05 -0.006566240890562264
0.1596481326708324 -2.459198146626213e-05 -0.006645060409573035
0.1606084932658007 -2.488715869266253e-05 -0.006724820981272061
0.1615746308934029 -2.518585968670652e-05 -0.006805533718980688
0.1625465803052792 -2.548812605609954e-05 -0.006887209865620376
0.1635243764621181 -2.579399987387189e-05 -0.006969860789849173
0.1645080545349132 -2.61035236990534e-05 -0.007053497991648261
0.1654976499062288 -2.641674059735696e-05 -0.007138133107910922
0.1664931981714723 -2.673369411849485e-05 -0.007223777906313102
0.1674947351401746 -2.705442830331711e-05 -0.007310444287242309
0.1685022968372784 -2.737898771835681e-05 -0.007398144293132168
0.1695159195044337 -2.770741743909654e-05 -0.007486890103940816
0.1705356396013016 -2.803976304349015e-05 -0.007576694035400402
0.1715614938068656 -2.837607064284709e-05 -0.007667568547362411
0.172593519020751 -2.871638688772641e-05 -0.007759526245390309
0.1736317523645521 -2.906075894788355e-05 -0.007852579875340895
0.1746762311831677 -2.940923452986575e-05 -0.007946742328118834
0.1757269930461439 -2.976186190708762e-05 -0.008042026647803418
0.1767840757490262 -3.01186898945856e-05 -0.008138446024826915
0.1778475173147181 -3.047976785189488e-05 -0.008236013796751969
0.1789173559948495 -3.084514572145272e-05 -0.00833474345864863
0.1799936302711521 -3.121487401721052e-05 -0.0084346486600172
0.1810763788568441 -3.158900381193784e-05 -0.008535743201357632
0.1821656406980222 -3.196758676685681e-05 -0.008638041042177108
0.1832614549750625 -3.235067514792388e-05 -0.008741556305389574
0.1843638611040305 -3.273832180011144e-05 -0.008846303270366312
0.1854728987380978 -3.313058016099358e-05 -0.008952296376606973
0.1865886077689693 -3.352750429958018e-05 -0.009059550234233056
0.1877110283283176 -3.392914889087182e-05 -0.009168079617112298
0.1888402007892269 -3.433556921335258e-05 -0.009277899462181223
0.1899761657676448 -3.474682118937211e-05 -0.009389024880356867
0.1911189641238435 -3.516296138217118e-05 -0.009501471155733045
0.1922686369638894 -3.55840469760909e-05 -0.009615253740232641
0.1934252256411219 -3.601013580338931e-05 -0.009730388260853783
0.1945887717576404 -3.644128637224343e-05 -0.00984689052723634
0.1957593171658014 -3.687755783610382e-05 -0.009964776523381158
0.1969369039697233 -3.731901000249037e-05 -0.01008406241002677
0.1981215745268011 -3.776570337876664e-05 -0.01020476453701821
0.19931337144923 -3.821769915005664e-05 -0.01032689943733985
0.2005123376055381 -3.86750591698495e-05 -0.01045048382457666
0.2017185161221286 -3.913784600037924e-05 -0.01057553460382533
0.2029319503848305 -3.960612292092499e-05 -0.01070206887393709
0.2041526840404598 -4.007995390047629e-05 -0.01083010392013153
0.205380760998389 -4.055940362025259e-05 -0.01095965722008165
0.2066162254321268 -4.104453751378555e-05 -0.0110907464547446
0.2078591217809067 -4.153542173314116e-05 -0.0112233894992345
0.2091094947512857 -4.203212315191092e-05 -0.01135760442363064
0.2103673893187526 -4.253470941557029e-05 -0.01149340950658501
0.2116328507293451 -4.304324892672469e-05 -0.01163082323133557
0.2129059245012778 -4.355781082740698e-05 -0.01176986428092279
0.2141866564265795 -4.407846503737802e-05 -0.01191055154853896
0.2154750925727398 -4.460528227606331e-05 -0.01205290414345576
0.2167712792843669 -4.513833402786209e-05 -0.0121969413816503
0.2180752631848539 -4.567769255912761e-05 -0.01234268279039343
0.2193870911780562 -4.622343096927221e-05 -0.01249014812205897
0.2207068104499787 -4.677562315708302e-05 -0.01263935734502179
0.2220344684704725 -4.733434381642518e-05 -0.01279033064249677
0.2233701129949433 -4.789966848861416e-05 -0.01294308842669043
0.2247137920660681 -4.847167355889332e-05 -0.01309765133784917
0.2260655540155243 -4.905043622938351e-05 -0.01325404023694985
0.2274254474657272 -4.96360345532349e-05 -0.01341227621492811
0.2287935213315797 -5.022854747167628e-05 -0.0135723806026895
0.2301698248222314 -5.082805477306276e-05 -0.01373437496004369
0.2315544074428487 -5.143463710332535e-05 -0.01389828107852806
0.2329473189963953 -5.20483760254742e-05 -0.01406412099748621
0.2343486095854241 -5.266935399071644e-05 -0.01423191699626368
0.2357583296138787 -5.329765432493821e-05 -0.01440169159055517
0.237176529788907 -5.393336128039102e-05 -0.01457346754637089
0.2386032611226849 -5.457656004694034e-05 -0.01474726788307604
0.2400385749342508 -5.522733671523688e-05 -0.01492311586343923
0.2414825228513524 -5.588577830480346e-05 -0.01510103500122192
0.2429351568123028 -5.655197281626076e-05 -0.01528104907529045
0.2443965290678495 -5.722600918668188e-05 -0.01546318211755232
0.2458666921830531 -5.790797729220978e-05 -0.01564745841366339
0.2473456990391787 -5.859796801262993e-05 -0.0158339025204763
0.2488336028355976 -5.929607321227939e-05 -0.01602253926088178
0.250330457091701 -6.000238571574869e-05 -0.01621339371724306
0.2518363156488252 -6.071699935616737e-05 -0.01640649124444321
0.2533512326721881 -6.144000900318468e-05 -0.01660185747744584
0.2548752626528374 -6.217151051885889e-05 -0.01679951831937588
0.2564084604096108 -6.291160077628715e-05 -0.01699949994655359
0.2579508810911079 -6.366037771777525e-05 -0.01720182882421276
0.2595025801776736 -6.441794034510284e-05 -0.01740653170387022
0.261063613483394 -6.518438865606117e-05 -0.01761363560617758
0.2626340371581039 -6.595982364360147e-05 -0.01782316782069112
0.2642139076894062 -6.674434766228938e-05 -0.01803515600489231
0.2658032819047042 -6.753806403601826e-05 -0.01824962807818707
0.2674022169732455 -6.834107686400538e-05 -0.01846661216948354
0.2690107704081783 -6.91534916696472e-05 -0.01868613679252084
0.2706290000686201 -6.997541507546557e-05 -0.01890823075803549
0.2722569641617388 -7.080695471345335e-05 -0.01913292314953571
0.2738947212448469 -7.164821942025642e-05 -0.01936024337604195
0.2755423302275071 -7.249931916832622e-05 -0.01959022115348356
0.2771998503736515 -7.336036504286326e-05 -0.01982288649846855
0.2788673413037137 -7.423146931277395e-05 -0.02005826974745704
0.2805448629967726 -7.511274544232051e-05 -0.02029640155990923
0.2822324757927104 -7.600430804252623e-05 -0.02053731290515446
0.283930240394383 -7.690627290519108e-05 -0.02078103507158268
0.285638217869803 -7.781875706844014e-05 -0.02102759968435645
0.2873564696543368 -7.874187875879937e-05 -0.02127703868975908
0.2890850575529139 -7.967575739246023e-05 -0.02152938435553634
0.2908240437422505 -8.062051365525857e-05 -0.02178466929250778
0.2925734907730859 -8.15762694781738e-05 -0.02204292644794627
0.294333461572432 -8.254314800422624e-05 -0.02230418909663327
0.2961040194458372 -8.35212736470684e-05 -0.02256849085669094
0.2978852280796634 -8.451077212665903e-05 -0.02283586569922167
0.2996771515433765 -8.551177040909839e-05 -0.02310634793205085
0.3014798542918515 -8.65243967299859e-05 -0.0233799722060384
0.3032934011676903 -8.754878067526599e-05 -0.0236567735369243
0.3051178574035545 -8.858505312479644e-05 -0.02393678729008011
0.3069532886245115 -8.963334624091345e-05 -0.02422004917741903
0.3087997608503953 -9.069379354865133e-05 -0.02450659527907232
0.3106573404981812 -9.176652992956579e-05 -0.02479646204172025
0.3125260943843745 -9.285169157363647e-05 -0.02508968626559558
0.3144060897274139 -9.394941602889949e-05 -0.02538630511789488
0.3162973941500897 -9.505984225935353e-05 -0.02568635614842549
0.3182000756819758 -9.618311057589756e-05 -0.02598987727094401
0.3201142027618771 -9.731936264796707e-05 -0.02629690676630057
0.3220398442402905 -9.846874159393819e-05 -0.02660748330686716
0.3239770693818822 -9.963139193364845e-05 -0.02692164594370814
0.3259259478679787 -0.0001008074595616756 -0.02723943409935983
0.3278865497990735 -0.0001019970918230867 -0.02756088758829884
0.3298589456973481 -0.0001032004375297686 -0.02788604662135487
0.3318432065092091 -0.0001044176468974925 -0.02821495178870465
0.3338394036078401 -0.0001056488715837271 -0.02854764407008958
0.3358476087957689 -0.000106894264765913 -0.02888416485596643
0.3378678943074497 -0.0001081539810681745 -0.02922455592770401
0.3399003328118625 -0.0001094281765594071 -0.02956885945706631
0.3419449974151257 -0.0001107170088470304 -0.02991711803154574
0.3440019616631268 -0.0001120206370454982 -0.03026937464585417
0.3460712995441669 -0.000113339221732459 -0.03062567269007697
0.3481530854916227 -0.0001146729250154904 -0.03098605596770542
0.3502473943866234 -0.0001160219105730661 -0.03135056870670654
0.3523543015607447 -0.0001173863435784841 -0.03171925553896756
0.3544738827987177 -0.0001187663907238553 -0.03209216150677791
0.3566062143411555 -0.0001201622203135357 -0.03246933208807574
0.3587513728872951 -0.000121574002193745 -0.03285081317743008
0.3609094355977566 -0.0001230019077346674 -0.03323665108120416
0.3630804800973185 -0.0001244461099212881 -0.03362689254210057
0.3652645844777097 -0.0001259067833435096 -0.03402158473649068
0.3674618273004187 -0.0001273841041346427 -0.03442077525779397
0.369672287599519 -0.0001288782500250831 -0.03482451213098219
0.3718960448845125 -0.0001303894004071819 -0.03523284383010827
0.374133179143189 -0.0001319177362497131 -0.03564581925519423
0.3763837708445035 -0.0001334634401066385 -0.03606348773459962
0.3786479009414707 -0.0001350266962177753 -0.0364858990522232
0.3809256508740766 -0.0001366076904498148 -0.03691310343156537
0.3832171025722083 -0.0001382066102599665 -0.03734515152590448
0.3855223384586003 -0.0001398236447778918 -0.0377820944404362
0.3878414414518001 -0.0001414589848207391 -0.03822398373633626
0.3901744949691499 -0.0001431128228150645 -0.03867087140966247
0.3925215829297878 -0.0001447853528343059 -0.03912280990148067
0.3948827897576659 -0.0001464767706832411 -0.03957985212068633
0.3972582003845871 -0.0001481872738090322 -0.04004205141996763
0.3996479002532602 -0.0001499170612930455 -0.0405094615935952
0.402051975320373 -0.0001516663339503676 -0.04098213690431251
0.4044705120596843 -0.0001534352942893043 -0.04146013207239199
0.4069035974651345 -0.0001552241464554361 -0.0419435022605181
0.4093513190539743 -0.0001570330962991947 -0.04243230309204749
0.4118137648699132 -0.0001588623514158943 -0.04292659066182568
0.4142910234862858 -0.0001607121210541321 -0.04342642151143603
0.4167831840092382 -0.0001625826161352096 -0.04393185263444748
0.4192903360809331 -0.0001644740493487823 -0.04444294150226019
0.4218125698827739 -0.0001663866350687801 -0.04495974604138642
0.4243499761386489 -0.0001683205893262242 -0.04548232462610508
0.4269026461181943 -0.0001702761298995338 -0.04601073610286394
0.429470671640077 -0.0001722534762968179 -0.04654503978549442
0.4320541450752978 -0.0001742528496810906 -0.04708529543500405
0.4346531593505136 -0.0001762744729190714 -0.04763156327276285
0.43726780795138 -0.0001783185706422125 -0.04818390399699355
0.4398981849259138 -0.0001803853691468127 -0.04874237875578129
0.4425443848878763 -0.0001824750963944422 -0.04930704914718832
0.4452065030201759 -0.0001845879821077069 -0.04987797724513072
0.4478846350782926 -0.0001867242576995278 -0.05045522558026879
0.4505788773937215 -0.0001888841562255513 -0.05103885712714779
0.4532893268774382 -0.0001910679124580137 -0.05162893532415693
0.4560160810233846 -0.0001932757628912113 -0.05222552407500759
0.458759237911976 -0.0001955079456508391 -0.05282868772423544
0.4615188962136283 -0.0001977647005211358 -0.05343849106453533
0.464295155192308 -0.0002000462690182855 -0.05405499935659543
0.4670881147091019 -0.0002023528942895826 -0.0546782783018502
0.4698978752258099 -0.0002046848210940072 -0.05530839403723178
0.4727245378085577 -0.0002070422958871238 -0.05594541315811057
0.4755682041314329 -0.0002094255667688671 -0.05658940270418628
0.4784289764801414 -0.0002118348834163843 -0.05724043014134118
0.4813069577556875 -0.0002142704971355315 -0.05789856337555505
0.4842022514780743 -0.0002167326608849083 -0.05856387075939946
0.487114961790028 -0.0002192216291745927 -0.05923642106467499
0.4900451934607434 -0.0002217376580706988 -0.05991628348364247
0.4929930518896525 -0.0002242810052680391 -0.06060352764865743
0.4959586431102161 -0.0002268519299967045 -0.06129822360692677
0.4989420737937372 -0.0002294506929824215 -0.06200044180979682
0.5019434512531983 -0.000232077556510823 -0.06271025313012003
0.504962883447121 -0.000234732784393786 -0.0634277288531592
0.5080004789834501 -0.000237416641886253 -0.0641529406541113
0.5110563471234592 -0.0002401293957114368 -0.06488596060491832
0.5141305977856812 -0.0002428713140932826 -0.06562686118303888
0.5172233415498623 -0.0002456426666516779 -0.06637571524313267
0.520334689660939 -0.0002484437243849403 -0.06713259601232834
0.52346475403304 -0.0002512747597269165 -0.06789757710565249
0.5266136472535116 -0.0002541360464669193 -0.0686707325043955
0.5297814825869668 -0.0002570278596913481 -0.06945213654033684
0.5329683739793606 -0.0002599504758193684 -0.07024186390538595
0.5361744360620875 -0.0002629041725816296 -0.07103998964583158
0.5393997841561053 -0.0002658892289273737 -0.07184658913724147
0.5426445342760833 -0.000268905925021967 -0.07266173808379534
0.5459088031345746 -0.0002719545422721852 -0.07348551252511715
0.5491927081462149 -0.0002750353632258751 -0.07431798880916257
0.5524963674319456 -0.0002781486715339938 -0.07515924358196144
0.5558198998232626 -0.0002812947519785257 -0.07600935379516129
0.5591634248664905 -0.0002844738904050966 -0.07686839668781885
0.5625270628270829 -0.0002876863736510108 -0.07773644976695469
0.565910934693948 -0.0002909324895472898 -0.07861359080810432
0.5693151621838011 -0.0002942125268960491 -0.07949989784920482
0.5727398677455418 -0.0002975267753764805 -0.08039544916519034
0.5761851745646592 -0.0003008755255162531 -0.08130032326026412
0.5796512065676627 -0.0003042590686902815 -0.08221459886756574
0.5831380884265391 -0.0003076776970306382 -0.08313835492482832
0.5866459455632378 -0.000311131703371911 -0.08407167055961336
0.5901749041541815 -0.0003146213812392581 -0.08501462508608308
0.5937250911348052 -0.000318147024784375 -0.08596729798769796
0.5972966342041217 -0.0003217089287088137 -0.08692976889649649
0.6008896618293151 -0.0003253073882309079 -0.08790211758415814
0.6045043032503616 -0.0003289426990410634 -0.08888442394992205
0.6081406884846782 -0.0003326151572158648 -0.08987676799737772
0.6117989483317994 -0.0003363250591673618 -0.09087922982076155
0.6154792143780822 -0.0003400727015964572 -0.09189188959236162
0.619181619001439 -0.0003438583814114275 -0.09291482754050094
0.6229062953760992 -0.0003476823956645593 -0.09394812393241596
0.6266533774773996 -0.0003515450414937629 -0.09499185905847957
0.6304230000866031 -0.0003554466160426047 -0.09604611321059311
0.6342152987957473 -0.0003593874163909185 -0.09711096666343658
0.6380304100125211 -0.0003633677394893745 -0.09818649965678831
0.6418684709651717 -0.0003673878820667436 -0.0992727923704667
0.6457296197074404 -0.0003714481405586879 -0.1003699249050885
0.6496139951235281 -0.0003755488110420474 -0.1014779772643122
0.6535217369330918 -0.0003796901891280698 -0.1025970293259874
0.6574529856962692 -0.0003838725698761033 -0.1037271608188338
0.6614078828187353 -0.0003880962477348277 -0.1048684513065607
0.6653865705567885 -0.0003923615164361501 -0.1060209801591963
0.6693891920224675 -0.0003966686688700605 -0.1071848265192727
0.673415891188699 -0.0004010179970358553 -0.108360069288645
0.6774668128944764 -0.0004054097919512043 -0.109546787103921
0.6815421028500694 -0.0004098443434850433 -0.1107450582913059
0.6856419076422656 -0.000414321940298782 -0.1119549608507164
0.6897663747396426 -0.0004188428697781093 -0.1131765724373534
0.693915652497873 -0.0004234074178573395 -0.1144099703142385
0.6980898901650602 -0.0004280158689010714 -0.1156552313202364
0.702289237887107 -0.0004326685056680905 -0.1169124318603009
0.7065138467131162 -0.0004373656091625908 -0.1181816478652736
0.7107638686008243 -0.000442107458426887 -0.1194629547358715
0.7150394564220665 -0.0004468943305238952 -0.1207564273379535
0.7193407639682761 -0.0004517265004318908 -0.1220621399740826
0.7236679459560159 -0.0004566042407823421 -0.1233801663126853
0.728021158032544 -0.0004615278217954342 -0.1247105793706289
0.7324005567814114 -0.0004664975112294852 -0.126053451499554
0.736806299728095 -0.0004715135741356913 -0.1274088543196028
0.7412385453456634 -0.0004765762726663446 -0.1287768586675973
0.7456974530604773 -0.0004816858660821545 -0.1301575345990181
0.7501831832579239 -0.0004868426105723701 -0.1315509513393985
0.754695897288186 -0.000492046758926305 -0.1329571771955672
0.7592357574720454 -0.0004972985605479227 -0.1343762795595886
0.7638029271067222 -0.0005025982613541231 -0.1358083248812792
0.7683975704717476 -0.0005079461034057722 -0.1372533785685072
0.7730198528348741 -0.0005133423248008442 -0.1387115049583175
0.7776699404580188 -0.0005187871596686854 -0.1401827673153827
0.7823480006032453 -0.0005242808378636413 -0.1416672277492163
0.7870542015387785 -0.0005298235846469885 -0.1431649471282276
0.7917887125450584 -0.000535415620756849 -0.144675985098613
0.7965517039208285 -0.0005410571622142785 -0.1462004000319587
0.8013433469892614 -0.0005467484198426264 -0.1477382488953656
0.8061638141041211 -0.0005524895992941769 -0.1492895872586484
0.8110132786559631 -0.000558280900980494 -0.1508544692755138
0.8158919150783704 -0.0005641225195967517 -0.1524329475550283
0.8207998988542287 -0.0005700146439161737 -0.1540250731060739
0.8257374065220374 -0.0005759574568597419 -0.1556308953561833
0.8307046156822607 -0.0005819511351480055 -0.1572504620574554
0.8357017050037151 -0.000587995848805528 -0.1588838191526498
0.8407288542299962 -0.0005940917612909127 -0.1605310108103218
0.8457862441859444 -0.0006002390293154585 -0.1621920793758208
0.8508740567841485 -0.0006064378022099119 -0.163867065200179
0.8559924750314897 -0.0006126882218957542 -0.1655560066323522
0.8611416830357236 -0.0006189904228932612 -0.1672589400213985
0.8663218660121029 -0.0006253445317632635 -0.1689758995656343
0.8715332102900397 -0.0006317506667175965 -0.1707069172073734
0.8767759033198074 -0.0006382089378025679 -0.172452022682502
0.882050133679283 -0.0006447194465380459 -0.1742112434229557
0.8873560910807308 -0.0006512822851775725 -0.1759846043567936
0.8926939663776258 -0.0006578975369106491 -0.1777721279628574
0.8980639515715189 -0.0006645652757259589 -0.179573834233813
0.9034662398189428 -0.000671285565596297 -0.1813897404559083
0.9089010254383604 -0.0006780584603596709 -0.1832198611768452
0.9143685039171535 -0.0006848840038432263 -0.1850642082392654
0.9198688719186553 -0.0006917622292320436 -0.186922790610192
0.9254023272892237 -0.0006986931584325333 -0.1887956142090108
0.9309690690653579 -0.0007056768023879395 -0.1906826819927227
0.9365692974808579 -0.0007127131607367359 -0.1925839938636389
0.9422032139740265 -0.0007198022208138681 -0.1944995463995036
0.9478710211949153 -0.0007269439578571823 -0.1964293329092736
0.9535729230126136 -0.0007341383349724601 -0.1983733434236707
0.9593091245225821 -0.0007413853021767507 -0.2003315644366774
0.9650798320540293 -0.0007486847960692599 -0.2023039788166076
0.9708852531773335 -0.0007560367401266893 -0.2042905658859108
0.9767255967115094 -0.0007634410440536822 -0.2062913012456542
0.9826010727317186 -0.0007708976028136676 -0.2083061565136452
0.9885118925768263 -0.0007784062970778652 -0.2103350994457574
0.9944582688570029 -0.0007859669929499486 -0.2123780938615319
1.000440415461372 -0.0007935795407146063 -0.2144350993060224
1.006458547565703 -0.000801243774954288 -0.2165060710813417
1.012512881640152 -0.0008089595146858401 -0.2185909602835822
1.018603635457047 -0.0008167265623066548 -0.2206897135180521
1.024731028098722 -0.0008245447029409639 -0.2228022727226365
1.030895279965397 -0.0008324137049535844 -0.2249285753066171
1.037096612783106 -0.0008403333193382504 -0.2270685539853921
1.043335249611672 -0.0008483032783604461 -0.2292221364137527
1.04961141485273 -0.0008563232961030985 -0.2313892453333363
1.055925334257799 -0.0008643930683237214 -0.233569798534025
1.062277234936404 -0.0008725122709851446 -0.2357637084569297
1.068667345364243 -0.0008806805601565232 -0.2379708821676426
1.075095895391404 -0.0008888975723972477 -0.2401912214599735
1.081563116250635 -0.0008971629236735853 -0.2424246225632134
1.088069240565661 -0.0009054762082704885 -0.2446709758480914
1.094614502359551 -0.0009138369995461225 -0.2469301660306571
1.101199137063137 -0.0009222448494192173 -0.2492020720337576
1.107823381523478 -0.0009306992866331935 -0.2514865665179816
1.114487474012384 -0.0009391998172903204 -0.2537835160259962
1.121191654234987 -0.000947745924931825 -0.2560927810041933
1.127936163338358 -0.000956337068921788 -0.258414215365998
1.134721243920186 -0.0009649726839845676 -0.2607476663668746
1.141547140037501 -0.0009736521809060337 -0.2630929747938093
1.148414097215454 -0.0009823749455068467 -0.2654499746878767
1.155322362456149 -0.0009911403370395505 -0.2678184929111149
1.162272184247527 -0.0009999476891641369 -0.2701983494101347
1.169263812572304 -0.001008796309610166 -0.2725893571248206
1.176297498916961 -0.00101768547812443 -0.2749913214337641
1.183373496280794 -0.001026614446836284 -0.2774040402529797
1.19049205918501 -0.001035582440664832 -0.2798273041459334
1.197653443681885 -0.001044588655657076 -0.2822608958744882
1.204857907363973 -0.001053632258017125 -0.2847045901365845
1.212105709373372 -0.001062712385173006 -0.2871581538545067
1.219397110411042 -0.001071828144901505 -0.2896213459384032
1.22673237274619 -0.001080978613197531 -0.292093916710563
1.234111760225694 -0.001090162835381282 -0.2945756082045848
1.241535538283603 -0.001099379826035874 -0.2970661541485241
1.249003973950675 -0.001108628566747231 -0.2995652793541836
1.256517335863991 -0.001117908006119672 -0.3020726997213238
1.264075894276612 -0.001127217060607906 -0.3045881224624799
1.271679921067302 -0.001136554612936101 -0.3071112456757731
1.279329689750306 -0.001145919510510843 -0.3096417579160738
1.287025475485191 -0.001155310566858937 -0.3121793385835123
1.294767555086741 -0.001164726560997385 -0.314723657753239
1.302556207034913 -0.001174166234864291 -0.3172743754812233
1.310391711484858 -0.00118362829438026 -0.3198311420910571
1.318274350276994 -0.001193111409789713 -0.3223935982661814
1.326204406947145 -0.001202614213344092 -0.3249613744238606
1.334182166736741 -0.001212135298788826 -0.327534090576553
1.342207916603075 -0.001221673222693749 -0.3301113566914072
1.350281945229628 -0.001231226503094971 -0.332692772323279
1.358404543036452 -0.001240793617260403 -0.3352779260109472
1.366576002190616 -0.001250373003433566 -0.3378663957483138
1.374796616616712 -0.001259963060554805 -0.3404577489090714
1.383066682007434 -0.001269562145424084 -0.3430515414800558
1.391386495834208 -0.001279168573497644 -0.3456473182765128
1.399756357357896 -0.00128878061975774 -0.3482446131771118
1.408176567639557 -0.001298396516521898 -0.3508429485319798
1.416647429551278 -0.001308014452273143 -0.3534418348466143
1.425169247787069 -0.00131763257351212 -0.3560407712823499
1.433742328873819 -0.001327248983756815 -0.3586392453860696
1.442366981182327 -0.001336861740756513 -0.3612367323373821
1.45104351493839 -0.001346468858382181 -0.3638326954594275
1.459772242233963 -0.001356068306825499 -0.3664265862726561
1.468553477038385 -0.001365658009719579 -0.3690178437168132
1.477387535209671 -0.001375235844465024 -0.3716058942390416
1.486274734505876 -0.001384799643717706 -0.3741901521958997
1.495215394596523 -0.001394347193522467 -0.3767700193490645
1.504209837074101 -0.001403876231456473 -0.3793448843636407
1.513258385465633 -0.001413384448953455 -0.3819141234362011
1.522361365244312 -0.001422869490775657 -0.3844771001521005
1.531519103841213 -0.001432328951923604 -0.3870331646504556
1.540731930657063 -0.001441760379424364 -0.3895816541073558
1.550000177074097 -0.001451161273144088 -0.3921218929554228
1.55932417646797 -0.001460529083127475 -0.3946531921648992
1.568704264219756 -0.001469861209315272 -0.3971748491673147
1.578140777728008 -0.001479155003676338 -0.3996861484315956
1.587634056420891 -0.001488407768852957 -0.4021863610980119
1.597184441768398 -0.001497616755736512 -0.4046747443230945
1.606792277294626 -0.001506779166119828 -0.4071505419963304
1.616457908590138 -0.001515892152750158 -0.4096129847544812
1.626181683324388 -0.00152495281626893 -0.4120612891546636
1.635963951258232 -0.001533958206663185 -0.4144946580665471
1.645805064256506 -0.001542905324780229 -0.4169122810816305
1.655705376300682 -0.001551791120152439 -0.4193133339254792
1.665665243501602 -0.001560612490101849 -0.4216969782157711
1.675685024112287 -0.001569366282454346 -0.4240623621957079
1.685765078540822 -0.001578049294840475 -0.4264086205450831
1.695905769363321 -0.001586658272008261 -0.4287348736541731
1.70610746133697 -0.001595189908563056 -0.4310402283640778
1.716370521413142 -0.001603640849704568 -0.4333237781658752
1.726695318750602 -0.001612007688570878 -0.4355846024829426
1.737082224728785 -0.001620286967203096 -0.4378217669316168
1.747531612961148 -0.001628475178767414 -0.4400343239216219
1.758043859308618 -0.001636568766110936 -0.4422213122658366
1.768619341893104 -0.00164456412042684 -0.4443817568196036
1.779258441111101 -0.001652457584387281 -0.4465146693272794
1.789961539647373 -0.001660245452181979 -0.448619048432661
1.800729022488719 -0.001667923967040045 -0.4506938790093535
1.811561276937818 -0.001675489323786585 -0.4527381328515945
1.822458692627162 -0.001682937670315111 -0.4547507690721198
1.83342166153307 -0.001690265105682266 -0.4567307335873335
1.844450577989788 -0.001697467680638351 -0.4586769592606622
1.855545838703674 -0.001704541400434912 -0.4605883666612014
1.866707842767465 -0.001711482224271185 -0.462463863914138
1.877936991674634 -0.001718286063921212 -0.4643023463297782
1.88923368933383 -0.001724948787029018 -0.4661026972939482
1.90059834208341 -0.001731466217913669 -0.4678637884855276
1.912031358706049 -0.001737834135805718 -0.4695844793999184
1.923533150443451 -0.00174404827707735 -0.4712636179516559
1.935104131011135 -0.001750104337384223 -0.4729000410531617
1.946744716613318 -0.001755997970795364 -0.4744925743796299
1.958455325957888 -0.00176172479016184 -0.4760400324686478
1.970236380271462 -0.001767280370268753 -0.4775412195719035
1.982088303314539 -0.001772660248225905 -0.4789949297607491
1.994011521396743 -0.001777859922642071 -0.480399946703078
2.006006463392153 -0.001782874856797809 -0.4817550445206584
2.018073560754737 -0.00178770048016733 -0.4830589882003617
2.030213247533863 -0.001792332187815073 -0.4843105334311092
2.042425960389917 -0.001796765342392532 -0.48550842714344
2.05471213861001 -0.001800995276721415 -0.4866514082075122
2.067072224123773 -0.001805017294112219 -0.4877382075191867
2.079506661519261 -0.001808826669102066 -0.488767548199399
2.092015898058938 -0.001812418650610973 -0.4897381464470231
2.104600383695769 -0.001815788463199447 -0.4906487118786891
2.117260571089404 -0.001818931307440866 -0.4914979476294056
2.129996915622458 -0.00182184236280766 -0.4922845511324415
2.142809875416892 -0.00182451678971542 -0.4930072146716703
2.155699911350493 -0.001826949730376168 -0.493664625612133
2.16866748707345 -0.001829136310960289 -0.4942554669842207
2.181713069025031 -0.001831071644229772 -0.4947784181952086
2.194837126450363 -0.001832750831015433 -0.4952321554284194
2.208040131417308 -0.001834168962053825 -0.4956153521395803
2.221322558833443 -0.001835321120792079 -0.4959266798147261
2.234684886463145 -0.001836202385303818 -0.4961648084879016
2.248127594944775 -0.00183680783037812 -0.4963284073056273
2.261651167807962 -0.001837132530255718 -0.4964161452662542
2.275256091491004 -0.001837171560792978 -0.4964266918046965
2.288942855358358 -0.001836920001851458 -0.4963587174381225
2.302711951718243 -0.001836372940313533 -0.4962108945808122
2.316563875840352 -0.001835525472262513 -0.4959818981332532
2.330499125973664 -0.001834372705387353 -0.4956704061319234
2.344518203364364 -0.001832909762677542 -0.4952751007476958
2.358621612273878 -0.001831131784671489 -0.4947946688933808
2.372809859997005 -0.001829033931638201 -0.494227802813243
2.387083456880169 -0.001826611387634761 -0.4935732011793812
2.401442916339774 -0.001823859363607077 -0.4928295699295919
2.415888754880671 -0.001820773099068803 -0.4919956227210318
2.430421492114737 -0.001817347865824297 -0.4910700819362093
2.445041650779565 -0.001813578972724999 -0.4900516799682176
2.459749756757268 -0.001809461766888922 -0.4889391595502549
2.474546339093393 -0.001804991636610168 -0.4877312745418128
2.489431930015952 -0.00180016401743684 -0.4864267915710044
2.504407064954564 -0.001794974394023338 -0.4850244905350767
2.519472282559719 -0.001789418301941299 -0.48352316508975
2.534628124722145 -0.001783491333604618 -0.4819216242502328
2.549875136592308 -0.001777189142579732 -0.4802186935559131
2.565213866600017 -0.001770507444055348 -0.4784132151972861
2.580644866474148 -0.001763442019408196 -0.4765040492496774
2.596168691262497 -0.001755988723547493 -0.4744900756578082
2.611785899351737 -0.001748143484857877 -0.4723701942203755
2.627497052487508 -0.001739902307986144 -0.4701433253430639
2.64330271579462 -0.001731261282385871 -0.4678084123474091
2.659203457797384 -0.001722216584394329 -0.465364422032005
2.675199850440056 -0.001712764477814539 -0.4628103448297837
2.691292469107416 -0.001702901321205486 -0.4601451967779217
2.707481892645458 -0.001692623574414392 -0.4573680212829412
2.723768703382218 -0.001681927797141476 -0.4544778887328915
2.740153487148712 -0.001670810653623788 -0.4514738977629781
2.756636833300016 -0.001659268923027882 -0.4483551780637934
2.77321933473646 -0.0016472994982446 -0.4451208900556529
2.789901587924954 -0.001634899387680089 -0.4417702253725485
2.806684192920446 -0.001622065725829545 -0.4383024097193083
2.823567753387507 -0.001608795776553704 -0.4347167037569438
2.840552876622036 -0.001595086931486432 -0.4310124026723616
2.857640173573115 -0.00158093671781861 -0.427188838281666
2.874830258864976 -0.001566342807918136 -0.4232453816296041
2.892123750819116 -0.001551303015546634 -0.4191814419672726
2.909521271476531 -0.001535815299784489 -0.4149964678127117
2.927023446620097 -0.001519877778213491 -0.4106899505130199
2.944630905797074 -0.001503488725299087 -0.4062614238072191
2.962344282341753 -0.001486646572096299 -0.4017104637467884
2.980164213398238 -0.001469349917899305 -0.3970366918435276
2.998091339943359 -0.001451597535797747 -0.3922397765709412
3.016126306809736 -0.001433388368082193 -0.3873194321227355
3.034269762708964 -0.00141472153339684 -0.382275420345569
3.052522360254954 -0.001395596339765988 -0.377107554258969
3.070884755987404 -0.001376012278534588 -0.3718156964179907
3.089357610395416 -0.001355969026502548 -0.3663997594899345
3.107941587941251 -0.001335466460920777 -0.3608597103064634
3.126637357084233 -0.001314504658582612 -0.3551955696180958
3.14544559030479 -0.0012930838923609 -0.3494074111584817
3.164366964128648 -0.001271204642572267 -0.3434953647151699
3.183402159151157 -0.001248867605605053 -0.337459618460984
3.202551860061779 -0.001226073685867054 -0.3313004167782014
3.221816755668715 -0.001202824001136838 -0.3250180617045459
3.241197538923678 -0.00117911989834887 -0.3186129171985258
3.260694906946819 -0.001154962946060168 -0.3120854071038299
3.280309561051807 -0.00113035493365539 -0.3054360149345325
3.300042206771049 -0.001105297886590949 -0.298665287994243
3.319893553881069 -0.001079794067328446 -0.2917738376283311
3.339864316428041 -0.001053845967911245 -0.2847623372180264
3.359955212753471 -0.001027456319500227 -0.2776315247570951
3.380166965520037 -0.001000628104128903 -0.2703822060282217
3.400500301737581 -0.0009733645433561732 -0.2630152515368401
3.42095595278926 -0.0009456691007723091 -0.2555315971882826
3.441534654457853 -0.0009175454988679461 -0.2479322488459922
3.46223714695223 -0.0008889977112990009 -0.2402182802414065
3.483064174933973 -0.0008600299583398543 -0.232390831745351
3.504016487544163 -0.0008306467206419566 -0.2244511140857861
3.525094838430328 -0.0008008527417593871 -0.2164004090302447
3.546299985773546 -0.0007706530172237503 -0.2082400664337327
3.567632692315724 -0.0007400528012470815 -0.1999715060499381
3.589093725387028 -0.0007090576200808358 -0.1915962211409963
3.610683856933487 -0.0006776732583260742 -0.1831157747783314
3.632403863544755 -0.0006459057576761885 -0.1745317995029252
3.654254526482051 -0.0006137614325789013 -0.1658460015573848
3.676236631706256 -0.0005812468642014693 -0.1570601592552651
3.698350969906183 -0.0005483688902918006 -0.1481761202414165
3.720598336527025 -0.0005151346154202302 -0.1391958042594401
3.742979531798957 -0.0004815514226650226 -0.1301212063092568
3.765495360765927 -0.0004476269453295208 -0.1209543890047273
3.788146633314612 -0.0004133690704571422 -0.1116974835234484
3.810934164203546 -0.0003787859771887068 -0.1023526999713818
3.833858773092431 -0.0003438860965409835 -0.09292231651451517
3.856921284571616 -0.0003086781064111658 -0.08340867802900884
3.880122528191761 -0.0002731709560384239 -0.07381420271101297
3.903463338493672 -0.0002373738550418638 -0.06414137911458705
3.926944555038322 -0.0002012962605064896 -0.05439276266216572
3.950567022437048 -0.0001649478831508771 -0.04457097731114114
3.974331590381932 -0.0001283386926797921 -0.0346787170002073
3.998239113676364 -9.147890119821948e-05 -0.02471874116762365
4.02229045226579 -5.437896100726917e-05 -0.01469387415564135
4.046486471268643 -1.704957469125794e-05 -0.004607007936158669
4.070828041007458 2.049831813269726e-05 0.005538901469704278
4.095316037040186 5.825355045342503e-05 0.01574083659611497
4.119951340191675 9.620472113490307e-05 0.02599571671378327
4.144734836585366 0.0001343401984178234 0.03630039877612801
4.169667417675155 0.0001726481356962675 0.04665168168233165
4.194749980277468 0.0002111164716342149 0.0570463063088223
4.219983426603512 0.0002497329260562106 0.06748095439888074
4.24536866429173 0.0002884850168013569 0.07795225311679956
4.270906606440451 0.0003273600661513784 0.0884567767848263
4.296598171640729 0.000366345196110782 0.09899104560780407
4.322444284009386 0.0004054273404454722 0.1095515289261555
4.348445873222255 0.0004445932567579112 0.1201346484787418
4.374603874547618 0.0004838295256343475 0.1307367781724333
4.400919228879844 0.0005231225557462367 0.1413542454605771
4.42739288277324 0.0005624585997945829 0.151983335651357
4.454025788476091 0.0006018237591247325 0.1626202931547684
4.480818903964917 0.0006412039840657258 0.1732613215743157
4.50777319297893 0.0006805850896871117 0.1839025879646999
4.534889625054696 0.0007199527651969438 0.1945402253712746
4.562169175561013 0.0007592925756760312 0.2051703332986625
4.589612825733993 0.0007985899730812248 0.2157889806839804
4.617221562712357 0.0008378303094277312 0.226392209458865
4.644996379572944 0.0008769988420499391 0.2369760359710141
4.672938275366425 0.000916080740707327 0.2475364529042913
4.701048255153248 0.000955061102178641 0.2580694332222553
4.729327330039782 0.0009939249584337937 0.2685709323763089
4.757776517214689 0.001032657283454053 0.2790368901485989
4.786396839985513 0.001071243006546764 0.2894632342498209
4.815189327815487 0.001109667022495874 0.2998458830620169
4.844155016360561 0.001147914199968491 0.3101807479101333
4.873294947506656 0.001185969393494672 0.3204637362991085
4.902610169407141 0.00122381745439285 0.3306907548660601
4.932101736520533 0.001261443240117978 0.3408577119062701
4.961770709648425 0.001298831626979216 0.3509605208096623
4.991618155973645 0.001335967520777522 0.3609951029352133
5.021645149098641 0.001372835865977894 0.370957390089405
5.051852769084097 0.001409421659654876 0.3808433282944759
5.082242102487784 0.001445709963080643 0.3906488809196662
5.112814242403641 0.001481685909584814 0.4003700308050366
5.1435702885011 0.001517334717885913 0.4100027838637961
5.174511347064628 0.001552641707461945 0.4195431732356233
5.205638531033534 0.001587592304435669 0.4289872608769408
5.23695296004199 0.001622172052358822 0.4383311404749472
5.26845576045931 0.001656366631700568 0.4475709427136393
5.300148065430462 0.001690161865898003 0.4567028369087335
5.332031014916829 0.001723543728561152 0.465723032954547
5.364105755737212 0.00175649836294616 0.4746277865858962
5.39637344160908 0.001789012093784099 0.4834134025743887
5.42883523319007 0.001821071429692255 0.4920762353799824
5.461492298119737 0.001852663078422585 0.5006126932713099
5.494345811061548 0.001883773967479006 0.5090192438967268
5.52739695374514 0.001914391243174281 0.5172924140294699
5.560646915008824 0.001944502279803066 0.5254287920463308
5.594096890842349 0.00197409470482133 0.5334250347314474
5.627748084429916 0.002003156401540825 0.5412778680043853
5.661601706193463 0.002031675511112072 0.5489840874559638
5.695658973836199 0.002059640454338458 0.5565405642426984
5.729921112386407 0.002087039946017111 0.5639442489618832
5.764389354241504 0.002113862989438002 0.5711921701651809
5.799064939212376 0.002140098890015263 0.5782814380419734
5.833949114567966 0.002165737281413124 0.585209251478918
5.869043135080146 0.002190768117666745 0.5919728959308966
5.904348263068843 0.002215181677702009 0.5985697446423202
5.939865768447451 0.002238968593194448 0.6049972661749597
5.975596928768503 0.002262119850198463 0.6112530248481794
6.01154302926963 0.002284626783309273 0.6173346791614251
6.047705362919785 0.00230648109591664 0.6232399872670319
6.084085230465758 0.002327674878189809 0.6289668118299797
6.120683940478954 0.002348200593018936 0.634513116229092
6.15750280940247 0.00236805108492784 0.6398769669653724
6.194543161598441 0.00238721960909389 0.6450565415035409
6.231806329395683 0.002405699818939444 0.6500501249190849
6.269293653137611 0.002423485763408481 0.6548561091623719
6.307006481230453 0.002440571913176779 0.6594730001409667
6.344946170191752 0.002456953163715881 0.6638994185475525
6.383114084699157 0.002472624820354405 0.668134095823312
6.421511597639515 0.002487582613206978 0.67217587819191
6.460140090158249 0.002501822718433859 0.6760237324041102
6.499000951709037 0.002515341736754259 0.6796767399318048
6.538095580103793 0.002528136695440654 0.683134097506904
6.577425381562945 0.002540205076264233 0.686395124672545
6.616991770766014 0.00255154480171168 0.6894592600586925
6.656796170902505 0.002562154223659541 0.6923260583218134
6.696840013723089 0.002572032143974751 0.694995195711396
6.737124739591115 0.002581177820000242 0.6974664715522283
6.777651797534409 0.002589590941424991 0.6997398019943982
6.818422645297399 0.002597271637545391 0.701815221975405
6.859438749393552 0.002604220498949156 0.7036928910794225
6.900701585158119 0.002610438551858872 0.7053730866046052
6.942212636801205 0.00261592725228205 0.7068562019823595
6.983973397461158 0.002620688508527837 0.7081427528616417
7.025985369258271 0.002624724668823133 0.7092333737626764
7.068250063348816 0.002628038501999272 0.7101288128582572
7.110768999979402 0.002630633209706806 0.7108299352743342
7.153543708541653 0.002632512433478321 0.7113377249984749
7.196575727627224 0.002633680226266794 0.7116532771891722
7.239866605083138 0.002634141051529253 0.7117777979282391
7.28341789806747 0.002633899801160328 0.7117126090666769
7.327231173105349 0.002632961769841386 0.7114591412934927
7.37130800614531 0.002631332641884362 0.7110189305807366
7.41564998261598 0.00262901850520791 0.7103936219600332
7.460258697483103 0.002626025841484607 0.7095849668602331
7.505135755306914 0.002622361501487121 0.7085948164456392
7.550282770299852 0.002618032708167785 0.7074251224481459
7.59570136638462 0.002613047062741971 0.7060779388110449
7.641393177252606 0.002607412515077526 0.7045554136878772
7.687359846422636 0.002601137355782504 0.7028597873044431
7.733603027300095 0.002594230226761693 0.7009933948113058
7.780124383236402 0.002586700098783158 0.6989586602219916
7.826925587588838 0.002578556253344098 0.6967580915129178
7.874008323780734 0.002569808287099387 0.6943942818200405
7.921374285362025 0.002560466103720856 0.6918699072391301
7.969025176070168 0.002550539887987227 0.689187719824549
8.016962709891423 0.002540040101131211 0.6863505463319785
8.065188611122505 0.002528977482721607 0.6833612887269854
8.113704614432605 0.002517363024162294 0.6802229170241194
8.162512464925786 0.002505207956261761 0.6769384659280452
8.211613918203758 0.002492523750879688 0.6735110352784678
8.26101074042902 0.002479322102752488 0.6699437851391684
8.310704708388393 0.002465614910176148 0.6662399305782666
8.360697609556926 0.00245141427116927 0.6624027406314255
8.410991242162195 0.002436732474889532 0.6584355359824732
8.461587415248985 0.002421581978851911 0.6543416828074817
8.512487948744354 0.002405975399533854 0.6501245902361669
8.563694673523104 0.002389925507775184 0.6457877091088862
8.615209431473632 0.002373445208191846 0.6413345264139748
8.667034075564182 0.002356547525637172 0.636768561629411
8.719170469909495 0.00233924559888364 0.6320933650155488
8.771620489837867 0.00232155266569899 0.6273125135824981
8.824386021958594 0.002303482046582905 0.6224296066955718
8.877468964229841 0.00228504713573677 0.617448263635204
8.930871226026907 0.002266261389768941 0.6123721205449706
8.984594728210904 0.002247138311436284 0.6072048260383512
9.038641403197854 0.002227691439093737 0.6019500383478691
9.09301319502819 0.002207934335643228 0.5966114223389505
9.147712059436689 0.00218788057416276 0.5911926456267245
9.202739963922818 0.002167543727061391 0.5856973756455621
9.258098887821502 0.002146937354678635 0.580129276568494
9.313790822374321 0.002126074991546627 0.5744920055950739
9.369817770801134 0.002104970136624706 0.5687892103126425
9.426181748372137 0.002083636242898301 0.5630245258858158
9.482884782480346 0.00206208670233188 0.5572015709905843
9.539928912714528 0.002040334837454474 0.5513239455406168
9.597316190932558 0.002018393893084254 0.5453952284511373
9.655048681335227 0.001996277021056792 0.5394189735123105
9.713128460540494 0.001973997270417411 0.5333987067390936
9.771557617658175 0.001951567582303183 0.5273379249882857
9.830338254365088 0.001929000777273146 0.5212400925349967
9.889472484980656 0.001906309541842765 0.5151086374340895
9.948962436542953 0.001883506425013768 0.5089469505824986
10.00881024888521 0.001860603830028879 0.5027583834912555
10.06901807471279 0.001837613999257931 0.4965462442015282
10.12958807968063 0.001814549010286648 0.4903137962277616
10.1905224424711 0.001791420772572134 0.4840642576539481
10.25182335487242 0.001768241012027426 0.477800796968182
10.31349302185747 0.001745021262977494 0.4715265308890699
10.3755336616631 0.001721772870667389 0.4652445250434635
10.43794750586993 0.001698506980786551 0.4589577911357974
10.50073679948262 0.001675234524151368 0.4526692828091253
10.56390380101059 0.001651966221961565 0.4463818970654605
10.62745078254932 0.001628712581994579 0.4400984732374509
10.69138002986203 0.001605483881419844 0.433821788344582
10.7556938424619 0.001582290168169647 0.427554557463601
10.82039453369479 0.001559141264201403 0.4212994346100229
10.88548443082247 0.001536046752021916 0.4150590090968186
10.95096587510631 0.001513015966963674 0.4088358034473726
11.01684122189147 0.001490058006935719 0.4026322760302909
11.08311284069168 0.001467181726294405 0.3964508194032017
11.14978311527443 0.001444395719987041 0.3902937560281713
11.21685444374672 0.001421708334597022 0.3841633412562359
11.28432923864131 0.001399127669792357 0.3780617637188109
11.35220992700354 0.001376661562740274 0.371991141116324
11.42049895047856 0.001354317591441341 0.3659535211191362
11.48919876539923 0.00133210308406523 0.3599508838901809
11.55831184287442 0.00131002510972936 0.3539851395932388
11.62784066887791 0.001288090470729169 0.3480581262934602
11.69778774433782 0.001266305717262216 0.3421716139360011
11.76815558522656 0.001244677146281611 0.3363273040362057
11.83894672265132 0.001223210787480302 0.3305268258923862
11.91016370294514 0.001201912415914763 0.3247717399969002
11.98180908775847 0.001180787558664742 0.3190635398356981
12.05388545415131 0.001159841483720909 0.3134036488856268
12.12639539468595 0.001139079202392557 0.3077934212650211
12.19934151752018 0.001118505483256965 0.3022341455029944
12.27272644650111 0.001098124848211674 0.2967270434727163
12.34655282125957 0.001077941564591692 0.2912732682613805
12.42082329730504 0.001057959662112011 0.2858739087482871
12.49554054612116 0.001038182936159049 0.2805299904942297
12.57070725526186 0.001018614937174348 0.2752424728728379
12.64632612844798 0.0009992589828613499 0.2700122523690014
12.72239988566455 0.0009801181669836848 0.2648401649562773
12.79893126325863 0.0009611953532139658 0.2597269844347569
12.87592301403773 0.0009424931871366263 0.2546734256743827
12.95337790736882 0.0009240140919093044 0.2496801434426004
13.03129872927796 0.0009057602667769535 0.2447477320028527
13.10968828255048 0.0008877337142291312 0.2398767324528182
13.18854938683184 0.0008699362312871326 0.2350676303700854
13.26788487872902 0.0008523694129790512 0.2303208567511584
13.34769761191256 0.0008350346550031208 0.2256367887311244
13.42799045721921 0.0008179331595171283 0.2210157511480259
13.50876630275517 0.0008010659471877861 0.2164580197987508
13.59002805400002 0.0007844338559788084 0.2119638211115564
13.67177863391118 0.000768037541153106 0.2075333321466617
13.7540209830291 0.0007518774902828601 0.203166684652157
13.83675805958297 0.0007359540266875588 0.1988639659930047
13.91999283959716 0.0007202673054815472 0.1946252180830372
14.00372831699829 0.0007048173263008273 0.1904504408238978
14.08796750372286 0.0006896039412053164 0.1863395942403291
14.17271342982564 0.0006746268523070083 0.182292597839273
14.25796914358864 0.0006598856177162213 0.1783093322166205
14.34373771163077 0.0006453796631391458 0.1743896421910148
14.43002221901811 0.0006311082832408948 0.1705333371721635
14.51682576937491 0.0006170706416538657 0.1667401911630989
14.60415148499523 0.0006032657834012541 0.163009946117166
14.69200250695523 0.0005896926396386643 0.1593423132192653
14.78038199522615 0.0005763500262340637 0.1557369725021382
14.86929312878798 0.0005632366527533892 0.1521935752743905
14.95873910574384 0.0005503511301508086 0.148711746198497
15.04872314343496 0.0005376919711578787 0.1452910833959564
15.13924847855642 0.0005252575941448526 0.1419311594906656
15.2303183672736 0.0005130463326121912 0.1386315241736435
15.3219360853393 0.000501056437991156 0.1353917049597872
15.41410492821153 0.0004892860802983526 0.1322112073647372
15.50682821117208 0.0004777333569833555 0.1290895172956162
15.60010926944577 0.0004663962976064694 0.1260261023150186
15.69395145832038 0.000455272864431062 0.1230204118010665
15.7883581532674 0.0004443609581952652 0.1200718785069949
15.88333275006339 0.0004336584242984448 0.1171799202328134
15.97887866491215 0.0004231630546118141 0.1143439403145566
16.07499933456759 0.0004128725902491565 0.1115633283729678
16.17169821645737 0.0004027847281510266 0.1088374620926325
16.26897878880723 0.0003928971240155982 0.1061657080139298
16.36684455076612 0.0003832073938124425 0.1035474219420747
16.46529902253208 0.0003737131192271206 0.1009819504183143
16.56434574547881 0.0003644118513456658 0.09846863171552159
16.66398828228309 0.0003553011123537903 0.0960067962973418
16.76423021705294 0.0003463783991704374 0.09359576780002381
16.86507515545651 0.0003376411874532888 0.0912348641147582
16.96652672485178 0.0003290869336916941 0.0889233979532129
17.06858857441703 0.0003207130776621909 0.08666067751104536
17.17126437528214 0.0003125170461248016 0.08444600746668821
17.27455782066058 0.000304496255094665 0.08227868959517223
17.37847262598229 0.0002966481119198583 0.08015802332958008
17.48301252902732 0.0002889700182286538 0.07808330655743174
17.58818129006027 0.0002814593721552589 0.07605383622210714
17.69398269196554 0.0002741135703085903 0.07406890885483365
17.80042054038342 0.0002669300102060804 0.07212782123233095
17.90749866384694 0.0002599060921766832 0.07022987089102697
18.01522091391964 0.0002530392210607429 0.06837435658638356
18.12359116533404 0.0002463268085356982 0.06656057892133084
18.23261331613107 0.0002397662746318269 0.06478784075584036
18.34229128780023 0.0002333550490146915 0.06305544755345796
18.45262902542071 0.0002270905731346484 0.06136270796212778
18.56363049780323 0.0002209703017569804 0.05970893422765342
18.67529969763284 0.000214991703678949 0.05809344238745424
18.78764064161249 0.0002091522633926349 0.05651555271988572
18.90065737060757 0.0002034494830507508 0.05497459027542658
19.0143539497912 0.0001978808826511103 0.05346988492652456
19.12873446879051 0.0001924440010282016 0.0520007716355321
19.24380304183367 0.0001871363980918748 0.05056659105962751
19.35956380789796 0.0001819556550054086 0.04916668959893086
19.47602093085858 0.0001768993744379537 0.04780041946471725
19.59317859963845 0.0001719651824411263 0.04646713918649601
19.71104102835891 0.0001671507293787648 0.04516621386324231
19.82961245649123 0.0001624536894057366 0.04389701502256443
19.94889714900919 0.0001578717615681319 0.04265892091798981
20.06889939654243 0.0001534026716311506 0.04145131702288288
20.18962351553079 0.0001490441711590238 0.04027359578182838
20.31107384837959 0.0001447940377796715 0.03912515668214524
20.4332547636158 0.0001406500771957052 0.03800540679728445
20.55617065604522 0.0001366101228103337 0.03691376068574427
20.67982594691049 0.0001326720351019054 0.0358496402220637
20.80422508405019 0.0001288337030274683 0.03481247497608185
20.92937254205879 0.0001250930448711386 0.03380170244217791
21.05527282244758 0.0001214480068903528 0.03281676767347131
21.18193045380665 0.0001178965638086447 0.03185712341497645
21.30934999196772 0.0001144367205328335 0.03092223056760821
21.43753602016806 0.0001110665108243856 0.03001155782916743
21.5664931492153 0.0001077839969225812 0.02912458159251575
21.69622601765332 0.0001045872711283657 0.02826078637355199
21.82673929192908 0.0001014744554795879 0.02741966472345761
21.95803766656046 9.844370049883777e-05 0.02660071689034671
22.09012586430514 9.549318606144762e-05 0.0258034510538108
22.22300863633048 9.262112235186526e-05 0.02502738358334283
22.35669076238438 8.982574809723625e-05 0.024272038561029
22.49117705096725 8.710533056840789e-05 0.02353694778182009
22.62647233950495 8.445816714713978e-05 0.02282165117701128
22.76258149452277 8.188258396171971e-05 0.02212569644556855
22.89950941182054 7.937693504967017e-05 0.02144863882788155
23.03726101664865 7.693960356182478e-05 0.02079004143112006
23.17584126388527 7.456900164677877e-05 0.02014947519801105
23.31525513821456 7.226356885420831e-05 0.01952651847539564
23.45550765430593 7.002177254216175e-05 0.01892075712428433
23.59660385699449 6.784210892912561e-05 0.01833178480413826
23.73854882146243 6.57231012804493e-05 0.01775920248281864
23.88134765342164 6.366329953040241e-05 0.01720261833446184
24.02500548929732 6.166128157634806e-05 0.01666164808918119
24.16952749641275 5.971565222892168e-05 0.01613591474939222
24.31491887317515 5.782504205560982e-05 0.01562504827733318
24.46118484926266 5.598810815904174e-05 0.01512868580536916
24.60833068581249 5.420353438411233e-05 0.01464647169195928
24.7563616756101 5.247002960191622e-05 0.01417805705795428
24.90528314327963 5.078632774487104e-05 0.01372309979608725
25.05510044547539 4.915118886192313e-05 0.01328126485610337
25.20581897107455 4.756339751004736e-05 0.01285222381012311
25.357444141371 4.602176210375245e-05 0.01243565467687045
25.5099814102703 4.452511590036166e-05 0.01203124218790798
25.66343626448592 4.307231635802643e-05 0.01163867761416422
25.81781422373652 4.166224381041098e-05 0.01125765840781682
25.97312084094457 4.029380187567918e-05 0.01088788831280593
26.12936170243603 3.896591792363367e-05 0.01052907749106102
26.28654242814131 3.767754142144837e-05 0.01018094207549717
26.44466867179741 3.64276437039403e-05 0.009843204107939612
26.6037461211513 3.521521891413573e-05 0.009515591793276466
26.76378049816449 3.403928275352954e-05 0.009197839161763231
26.92477755921884 3.289887164527477e-05 0.008889685842906128
27.08674309532363 3.179304340632598e-05 0.008590877247083635
27.24968293232387 3.072087700026155e-05 0.008301164498756008
27.41360293110984 2.96814711759702e-05 0.00802030406862134
27.57850898782788 2.867394458402049e-05 0.007748057805060105
27.74440703409252 2.769743637271155e-05 0.007484193095195459
27.91130303719981 2.675110473772555e-05 0.00722848247299126
28.07920300034196 2.58341265153126e-05 0.006980703509325543
28.24811296282329 2.494569793373741e-05 0.006740639015040783
28.41803900027744 2.408503375400448e-05 0.006508076808757117
28.58898722488593 2.325136634497932e-05 0.006282809466958553
28.76096378559799 2.244394608550105e-05 0.006064634432648813
28.93397486835177 2.16620413900719e-05 0.005853354022292954
29.1080266962968 2.090493743419917e-05 0.005648775081388862
29.28312553001787 2.017193607180519e-05 0.005450708962150374
29.4592776677602 1.946235642806113e-05 0.005258971683698396
29.63648944565603 1.877553373596196e-05 0.005073383617688916
29.81476723795246 1.811081881542415e-05 0.004893769347558708
29.99411745724076 1.746757861691134e-05 0.00471995781541977
30.17454655468706 1.684519571503234e-05 0.004551782185223188
30.35606102026435 1.624306737011759e-05 0.00438907958918537
30.53866738298595 1.566060570786799e-05 0.004231691176331413
30.72237221114033 1.509723792980652e-05 0.004079462169361752
30.90718211252742 1.455240518783161e-05 0.00393224156054243
31.09310373469621 1.402556236764697e-05 0.003789882053185136
31.28014376518396 1.351617859955872e-05 0.003652240199670967
31.46830893175665 1.302373640956933e-05 0.003519176172065416
31.65760600265105 1.254773113473579e-05 0.003390553604140839
31.84804178681812 1.208767127114412e-05 0.003266239685403518
32.03962313416796 1.164307824910774e-05 0.003146105100349464
32.23235693581619 1.121348554393796e-05 0.003030023788183488
32.42625012433181 1.07984386902288e-05 0.002917872946679141
32.62130967398656 1.039749557794139e-05 0.00280953311218442
32.81754260100581 1.001022552242166e-05 0.002704887908328935
33.01495596382091 9.636208966660245e-06 0.002603823965570817
33.21355686332307 9.275037871726907e-06 0.002506231026696971
33.4133524431188 8.926315157642422e-06 0.002412001795739687
33.61434988978685 8.58965410463189e-06 0.002321031776187802
33.81655643313671 8.264678537510144e-06 0.002233219320809944
34.01997934646867 7.95102279540609e-06 0.002148465623473667
34.22462594683541 7.648330940560805e-06 0.002066674505352824
34.43050359530524 7.3562566647886e-06 0.001987752389652173
34.63761969722685 7.074463585191283e-06 0.001911608381513068
34.84598170249565 6.802624534824669e-06 0.001838154076342689
35.0555971058218 6.540421222186095e-06 0.001767303467803323
35.26647344699975 6.287544495674495e-06 0.001698973019272773
35.47861831117944 6.043694020879438e-06 0.001633081576643831
35.69203932913916 5.808577710686468e-06 0.001569550214331623
35.90674417756002 5.581911786354687e-06 0.001508302251777537
36.12274057930207 5.363420859703107e-06 0.001449263275657
36.34003630368208 5.152837270207637e-06 0.001392360960754808
36.55863916675303 4.949900930230229e-06 0.001337525028144108
36.77855703158521 4.754359569891523e-06 0.001284687311354047
36.9997978085491 4.565968240926546e-06 0.001233781622305384
37.22236945559986 4.384488963676252e-06 0.0011847436559232
37.4462799785636 4.20969088182426e-06 0.001137511031948694
37.67153743142533 4.041350113378733e-06 0.001092023254672628
37.89814991661868 3.879249239901924e-06 0.001048221574918773
38.12612558531732 3.723177283987201e-06 0.00100604898395792
38.35547263772817 3.572929839060525e-06 0.0009654502485818595
38.58619932338635 3.42830854763904e-06 0.0009263717701223396
38.81831394145193 3.28912091714559e-06 0.0008887615346818488
39.05182484100842 3.155180497155442e-06 0.0008525691610278929
39.2867404213631 3.026306559522178e-06 0.000817745814159018
39.52306913234914 2.902323765836977e-06 0.0007842441154481571
39.76081947462954 2.783062240842674e-06 0.0007520181624800248
40.00000000000288 2.668357517213563e-06 0.0007210235141299308
