##########################################################################################
#
# SZ signal computed with SZpack v1.1.1
# Runmode: CNSN-basis
#
# General parameters:
# xmin= 0.1 xmax= 40 np= 1000
# Dtau= 0.01
# Te= 6keV (The ~ 0.0117417)
# betac= 0 muc= 1
# betao= 0 muo= 1
#
# Runmode specific parameters:
# eps= 0
# Te_order= 20 beta_order= 2
#
##########################################################################################
#
# Output format: x = (h nu/k T0) | x^3 Dn(x) | DI(x) in MJy/sr 
# Here a CMB temperature of T0 = 2.726 K is assumed.
#
##########################################################################################
0.1 -2.298409709296456e-06 -0.0006210589978354269
0.1006015482792701 -2.326095836546608e-06 -0.0006285401350645185
0.1012067151618632 -2.354114864044436e-06 -0.0006361112260966092
0.1018155224154252 -2.382470781081596e-06 -0.0006437733488881081
0.1024279919385451 -2.411167623220234e-06 -0.0006515275938982893
0.1030441457615424 -2.440209473103524e-06 -0.0006593750643083078
0.1036640060472596 -2.469600463778099e-06 -0.0006673168769189626
0.1042875950918594 -2.499344777018246e-06 -0.0006753541616978732
0.1049149353256267 -2.529446642843359e-06 -0.0006834880616490893
0.1055460493137754 -2.559910342599631e-06 -0.0006917197336458026
0.10618095975726 -2.590740209385882e-06 -0.0007000503485454107
0.1068196894935924 -2.62194062624381e-06 -0.0007084810907005
0.1074622614976628 -2.653516028004999e-06 -0.0007170131584579312
0.1081086988825668 -2.685470904104858e-06 -0.0007256477649191996
0.1087590249004362 -2.717809796177032e-06 -0.0007343861372904166
0.1094132629432757 -2.750537298477664e-06 -0.0007432295169969478
0.1100714365438043 -2.783658061664317e-06 -0.0007521791607045286
0.1107335693763015 -2.817176791580429e-06 -0.0007612363399908049
0.1113996852574591 -2.851098248185828e-06 -0.0007704023410563486
0.1120698081472377 -2.885427248583707e-06 -0.0007796784655425811
0.1127439621497288 -2.920168668455709e-06 -0.0007890660309195517
0.1134221715140214 -2.955327439679791e-06 -0.0007985663698422575
0.1141044606350749 -2.990908551823087e-06 -0.0008081808305540291
0.1147908540545956 -3.026917055889154e-06 -0.0008179107778990871
0.1154813764619206 -3.06335806182222e-06 -0.0008277575926481566
0.1161760526949047 -3.100236738437875e-06 -0.0008377226714797398
0.1168749077408149 -3.137558317488543e-06 -0.0008478074280786572
0.1175779667372284 -3.175328093225562e-06 -0.0008580132930177165
0.118285254972937 -3.213551420640311e-06 -0.0008683417132824419
0.118996797888857 -3.252233718283807e-06 -0.0008787941530329661
0.119712621078944 -3.291380470882915e-06 -0.0008893720943109623
0.1204327502911136 -3.330997226433363e-06 -0.0009000770362541388
0.1211572114281675 -3.371089597256196e-06 -0.0009109104953817095
0.1218860305487253 -3.41166326454307e-06 -0.0009218740068225863
0.1226192338681618 -3.452723976106503e-06 -0.0009329691237074699
0.12335684775955 -3.494277545664924e-06 -0.0009441974169756607
0.1240988987546095 -3.536329857009345e-06 -0.0009555604765009461
0.124845413544661 -3.578886864659321e-06 -0.0009670599112688486
0.1255964189815867 -3.621954591345219e-06 -0.0009786973486963044
0.1263519420787953 -3.665539130468876e-06 -0.0009904744352965619
0.1271120100121947 -3.709646649996508e-06 -0.001002392837731097
0.1278766501211688 -3.754283389170529e-06 -0.001014454241921103
0.128645889909561 -3.799455659030612e-06 -0.00102666035318829
0.1294197570466637 -3.845169847551674e-06 -0.001039012897643229
0.1301982793682135 -3.891432418048489e-06 -0.001051513621754266
0.1309814848773924 -3.938249907654089e-06 -0.001064164291936357
0.1317694017458348 -3.985628931388749e-06 -0.001076966695650565
0.1325620583146414 -4.033576184196017e-06 -0.001089922641954219
0.1333594830953982 -4.082098437653816e-06 -0.001103033960612216
0.1341617047712022 -4.131202541941324e-06 -0.001116302502628487
0.1349687521976928 -4.180895430975872e-06 -0.001129730141634063
0.1357806544040905 -4.231184119032132e-06 -0.001143318772973529
0.13659744059424 -4.282075700579794e-06 -0.001157070313661167
0.1374191401476617 -4.333577355779457e-06 -0.001170986703866009
0.1382457826206078 -4.385696349968418e-06 -0.001185069906772898
0.1390773977471256 -4.438440031198145e-06 -0.001199321907917077
0.1399140154401271 -4.491815833998015e-06 -0.0012137447162012
0.140755665792465 -4.545831283013228e-06 -0.00122834036487834
0.1416023790780148 -4.600493989017301e-06 -0.001243110910474518
0.1424541857527642 -4.655811650275223e-06 -0.001258058433157043
0.1433111164559082 -4.711792058726331e-06 -0.001273185038405202
0.1441732020109516 -4.7684430969752e-06 -0.001288492856197161
0.1450404734268171 -4.825772737238813e-06 -0.001303984040725477
0.1459129618989614 -4.883789046946315e-06 -0.001319660771910223
0.1467906988104967 -4.942500189725248e-06 -0.001335525255665479
0.1476737157333199 -5.001914421912719e-06 -0.001351579722956608
0.148562044429248 -5.062040095810594e-06 -0.001367826430679847
0.1494557168511607 -5.122885665033902e-06 -0.001384267663107516
0.1503547651441497 -5.184459680034462e-06 -0.001400905730678444
0.151259221646675 -5.246770788724361e-06 -0.001417742970166441
0.152169118891728 -5.309827743417105e-06 -0.001434781746555885
0.1530844896080017 -5.373639398741768e-06 -0.001452024452478097
0.1540053667210681 -5.438214709486976e-06 -0.001469473507628758
0.1549317833545624 -5.503562736032626e-06 -0.001487131360235632
0.1558637728313743 -5.569692647210136e-06 -0.001505000487831435
0.156801368674847 -5.636613715780917e-06 -0.001523083396032066
0.1577446046099826 -5.704335321004003e-06 -0.001541382619230409
0.1586935145646554 -5.772866955626438e-06 -0.001559900722485229
0.1596481326708324 -5.842218221324315e-06 -0.001578640300289278
0.1606084932658007 -5.912398828383445e-06 -0.001597603976483009
0.1615746308934029 -5.983418603074666e-06 -0.001616794406247478
0.1625465803052792 -6.055287487059986e-06 -0.001636214275943876
0.1635243764621181 -6.128015533960985e-06 -0.001655866302186268
0.1645080545349132 -6.201612914341883e-06 -0.00167575323318808
0.1654976499062288 -6.27608992072117e-06 -0.001695877850116304
0.1664931981714723 -6.351456962129796e-06 -0.001716242965621055
0.1674947351401746 -6.427724565845985e-06 -0.001736851424304335
0.1685022968372784 -6.504903385737296e-06 -0.001757706104974167
0.1695159195044337 -6.583004198254694e-06 -0.001778809919562139
0.1705356396013016 -6.66203790089161e-06 -0.001800165812707026
0.1715614938068656 -6.742015519646653e-06 -0.001821776763771306
0.172593519020751 -6.822948210471069e-06 -0.001843645787232281
0.1736317523645521 -6.904847254458695e-06 -0.001865775931382343
0.1746762311831677 -6.987724062108809e-06 -0.001888170279480853
0.1757269930461439 -7.071590180605821e-06 -0.001910831951721197
0.1767840757490262 -7.156457287758697e-06 -0.00193376410359315
0.1778475173147181 -7.2423371927174e-06 -0.001956969926076462
0.1789173559948495 -7.329241845265239e-06 -0.001980452648151769
0.1799936302711521 -7.417183333102664e-06 -0.002004215536066642
0.1810763788568441 -7.506173878808693e-06 -0.002028261892514524
0.1821656406980222 -7.596225847021362e-06 -0.002052595058574976
0.1832614549750625 -7.68735174840295e-06 -0.002077218414785138
0.1843638611040305 -7.779564233459769e-06 -0.002102135379469746
0.1854728987380978 -7.872876095850323e-06 -0.002127349409635053
0.1865886077689693 -7.96730028180233e-06 -0.002152864003513414
0.1877110283283176 -8.062849884000139e-06 -0.002178682698911594
0.1888402007892269 -8.159538141007521e-06 -0.002204809073054801
0.1899761657676448 -8.257378447064181e-06 -0.002231246745233823
0.1911189641238435 -8.356384351407132e-06 -0.002257999376621655
0.1922686369638894 -8.456569553517452e-06 -0.002285070668989116
0.1934252256411219 -8.557947909640812e-06 -0.002312464366466773
0.1945887717576404 -8.660533439606747e-06 -0.002340184257387596
0.1957593171658014 -8.764340319450988e-06 -0.002368234172293421
0.1969369039697233 -8.869382883578464e-06 -0.002396617984519416
0.1981215745268011 -8.975675635891601e-06 -0.00242533961320109
0.19931337144923 -9.083233244487292e-06 -0.002454403021841346
0.2005123376055381 -9.192070539418173e-06 -0.002483812217705552
0.2017185161221286 -9.302202522520552e-06 -0.002513571254477167
0.2029319503848305 -9.413644369477374e-06 -0.002543684232815185
0.2041526840404598 -9.526411423234604e-06 -0.002574155298575151
0.205380760998389 -9.640519199503822e-06 -0.002604988644296042
0.2066162254321268 -9.755983396540237e-06 -0.002636188511842398
0.2078591217809067 -9.872819886997749e-06 -0.002667759190203465
0.2091094947512857 -9.99104471869795e-06 -0.002699705015700984
0.2103673893187526 -1.011067412691078e-05 -0.002732030375307583
0.2116328507293451 -1.023172453083063e-05 -0.00276473970569457
0.2129059245012778 -1.03542125293244e-05 -0.002797837492083009
0.2141866564265795 -1.047815491029063e-05 -0.002831328270772673
0.2154750925727398 -1.060356865605695e-05 -0.002865216630600504
0.2167712792843669 -1.073047093500247e-05 -0.002899507210676874
0.2180752631848539 -1.085887910573896e-05 -0.002934204701515396
0.2193870911780562 -1.098881072961171e-05 -0.002969313848410811
0.2207068104499787 -1.11202835625697e-05 -0.003004839449242209
0.2220344684704725 -1.125331555417417e-05 -0.003040786354205126
0.2233701129949433 -1.138792486041862e-05 -0.003077159469275672
0.2247137920660681 -1.152412984294747e-05 -0.003113963755999404
0.2260655540155243 -1.166194906252785e-05 -0.003151204229727326
0.2274254474657272 -1.180140128743798e-05 -0.003188885961882518
0.2287935213315797 -1.194250550258139e-05 -0.003227014082422936
0.2301698248222314 -1.208528089957858e-05 -0.003265593777164032
0.2315544074428487 -1.22297468793815e-05 -0.003304630288485236
0.2329473189963953 -1.237592306687515e-05 -0.003344128919275479
0.2343486095854241 -1.252382930391114e-05 -0.003384095031050779
0.2357583296138787 -1.267348564608118e-05 -0.003424534043082404
0.237176529788907 -1.282491237543499e-05 -0.003465451435833394
0.2386032611226849 -1.297813000331875e-05 -0.003506852751725562
0.2400385749342508 -1.313315926145306e-05 -0.003548743592728641
0.2414825228513524 -1.329002110888468e-05 -0.003591129622238719
0.2429351568123028 -1.34487367448709e-05 -0.003634016568559788
0.2443965290678495 -1.360932759804779e-05 -0.003677410221976828
0.2458666921830531 -1.377181532715144e-05 -0.003721316434950736
0.2473456990391787 -1.393622183694222e-05 -0.003765741126421228
0.2488336028355976 -1.410256927365037e-05 -0.003810690280576204
0.250330457091701 -1.427088001908275e-05 -0.003856169945259297
0.2518363156488252 -1.444117670256916e-05 -0.003902186235197935
0.2533512326721881 -1.461348220812041e-05 -0.003948745333937533
0.2548752626528374 -1.478781966320356e-05 -0.003995853490808427
0.2564084604096108 -1.496421244387416e-05 -0.004043517022312659
0.2579508810911079 -1.514268419101814e-05 -0.004091742316512756
0.2595025801776736 -1.532325879965782e-05 -0.004140535830142059
0.261063613483394 -1.550596041730689e-05 -0.004189904088160242
0.2626340371581039 -1.569081346038058e-05 -0.004239853688187523
0.2642139076894062 -1.587784261325201e-05 -0.004290391300249688
0.2658032819047042 -1.606707281939418e-05 -0.004341523664384549
0.2674022169732455 -1.625852929189883e-05 -0.004393257593484265
0.2690107704081783 -1.645223752533969e-05 -0.004445599976500946
0.2706290000686201 -1.664822328264356e-05 -0.004498557774899046
0.2722569641617388 -1.684651259809536e-05 -0.004552138023467378
0.2738947212448469 -1.704713179603066e-05 -0.004606347835370054
0.2755423302275071 -1.725010748177614e-05 -0.004661194399698497
0.2771998503736515 -1.745546653704832e-05 -0.004716684980228114
0.2788673413037137 -1.766323613598295e-05 -0.004772826919749639
0.2805448629967726 -1.78734437488483e-05 -0.004829627641072511
0.2822324757927104 -1.808611713012736e-05 -0.004887094643804533
0.283930240394383 -1.830128432701494e-05 -0.004945235506647896
0.285638217869803 -1.851897369591339e-05 -0.005004057891856529
0.2873564696543368 -1.873921388824034e-05 -0.005063569541401173
0.2890850575529139 -1.896203385089442e-05 -0.005123778277095224
0.2908240437422505 -1.918746284632103e-05 -0.005184692006016754
0.2925734907730859 -1.941553044663808e-05 -0.005246318718921213
0.294333461572432 -1.964626652557896e-05 -0.005308666488064323
0.2961040194458372 -1.987970127326194e-05 -0.005371743471192948
0.2978852280796634 -2.011586520531219e-05 -0.005435557914009977
0.2996771515433765 -2.035478914807733e-05 -0.005500118146179387
0.3014798542918515 -2.059650424463772e-05 -0.005565432582950298
0.3032934011676903 -2.084104197522527e-05 -0.005631509730674382
0.3051178574035545 -2.108843414337883e-05 -0.005698358183064889
0.3069532886245115 -2.133871287328585e-05 -0.005765986620478322
0.3087997608503953 -2.159191063008101e-05 -0.005834403815399376
0.3106573404981812 -2.184806021858117e-05 -0.005903618632099121
0.3125260943843745 -2.210719477147197e-05 -0.005973640023442857
0.3144060897274139 -2.236934776197657e-05 -0.00604447703431338
0.3162973941500897 -2.263455301867897e-05 -0.006116138805616415
0.3182000756819758 -2.290284470846618e-05 -0.00618863456967139
0.3201142027618771 -2.317425733968454e-05 -0.006261973651064299
0.3220398442402905 -2.344882578517019e-05 -0.006336165472870843
0.3239770693818822 -2.372658527062633e-05 -0.006411219553515794
0.3259259478679787 -2.400757136815383e-05 -0.006487145505024907
0.3278865497990735 -2.429182001563384e-05 -0.006563953038262333
0.3298589456973481 -2.45793675212078e-05 -0.006641651964141177
0.3318432065092091 -2.487025054769491e-05 -0.006720252189412901
0.3338394036078401 -2.516450612243255e-05 -0.006799763719326332
0.3358476087957689 -2.546217165744997e-05 -0.006880196663078843
0.3378678943074497 -2.576328493128117e-05 -0.006961561228901963
0.3399003328118625 -2.606788408877956e-05 -0.0070438677240113
0.3419449974151257 -2.637600766526977e-05 -0.007127126561132666
0.3440019616631268 -2.668769457897377e-05 -0.007211348256455506
0.3460712995441669 -2.700298412021265e-05 -0.007296543426715098
0.3481530854916227 -2.732191596874243e-05 -0.007382722793876899
0.3502473943866234 -2.764453020464498e-05 -0.007469897188079405
0.3523543015607447 -2.797086728934633e-05 -0.00755807754250507
0.3544738827987177 -2.83009680720962e-05 -0.007647274895131153
0.3566062143411555 -2.863487381430633e-05 -0.007737500395306226
0.3587513728872951 -2.897262617203638e-05 -0.007828765299017666
0.3609094355977566 -2.931426719180029e-05 -0.007921080967758462
0.3630804800973185 -2.965983933430903e-05 -0.008014458874942825
0.3652645844777097 -3.000938547248199e-05 -0.008108910605368815
0.3674618273004187 -3.03629488761006e-05 -0.008204447851071569
0.369672287599519 -3.072057322606234e-05 -0.008301082415174927
0.3718960448845125 -3.108230263167285e-05 -0.008398826216563945
0.374133179143189 -3.144818160913655e-05 -0.008497691284072824
0.3763837708445035 -3.181825508427832e-05 -0.00859768975722032
0.3786479009414707 -3.219256841915921e-05 -0.008698833893401646
0.3809256508740766 -3.257116739744703e-05 -0.008801136063935427
0.3832171025722083 -3.295409821550567e-05 -0.008904608751655928
0.3855223384586003 -3.33414075042377e-05 -0.009009264556815182
0.3878414414518001 -3.373314233370476e-05 -0.009115116198331488
0.3901744949691499 -3.412935019341197e-05 -0.009222176508462009
0.3925215829297878 -3.453007900264269e-05 -0.009330458435595355
0.3948827897576659 -3.493537713325974e-05 -0.009439975050412757
0.3972582003845871 -3.534529338717371e-05 -0.009550739539799721
0.3996479002532602 -3.575987699479748e-05 -0.009662765206428421
0.402051975320373 -3.617917764189753e-05 -0.009776065476013264
0.4044705120596843 -3.660324545979869e-05 -0.009890653894664073
0.4069035974651345 -3.703213101134549e-05 -0.0100065441250927
0.4093513190539743 -3.746588530944334e-05 -0.01012374995162304
0.4118137648699132 -3.790455982856164e-05 -0.01024228528329937
0.4142910234862858 -3.834820648132219e-05 -0.01036216414756019
0.4167831840092382 -3.879687762437428e-05 -0.01048340069182579
0.4192903360809331 -3.925062608476207e-05 -0.01060600919062302
0.4218125698827739 -3.970950513853323e-05 -0.01073000403980508
0.4243499761386489 -4.017356850428634e-05 -0.01085539975480794
0.4269026461181943 -4.064287036824889e-05 -0.01098221097742678
0.429470671640077 -4.111746538066213e-05 -0.01111045247483904
0.4320541450752978 -4.159740863665219e-05 -0.01124013913443564
0.4346531593505136 -4.208275569028216e-05 -0.011371285967618
0.43726780795138 -4.257356257222254e-05 -0.01150390811457279
0.4398981849259138 -4.306988576389901e-05 -0.01163802083728636
0.4425443848878763 -4.357178219856809e-05 -0.01177363951983542
0.4452065030201759 -4.407930928856317e-05 -0.0119107796757492
0.4478846350782926 -4.459252490739074e-05 -0.01204945694317169
0.4505788773937215 -4.511148737783109e-05 -0.01218968708164623
0.4532893268774382 -4.563625549337482e-05 -0.012331485977908
0.4560160810233846 -4.616688852124769e-05 -0.01247486964670132
0.458759237911976 -4.670344617877169e-05 -0.01261985422439212
0.4615188962136283 -4.724598864207767e-05 -0.01276645597132222
0.464295155192308 -4.779457656805636e-05 -0.01291469127774078
0.4670881147091019 -4.834927106794468e-05 -0.01306457665666694
0.4698978752258099 -4.89101337032255e-05 -0.01321612874278194
0.4727245378085577 -4.94772265110108e-05 -0.01336936429928793
0.4755682041314329 -5.005061199127178e-05 -0.01352430021445741
0.4784289764801414 -5.063035308946632e-05 -0.01368095349693894
0.4813069577556875 -5.121651321272364e-05 -0.01383934128013044
0.4842022514780743 -5.18091562387793e-05 -0.01399948082459353
0.487114961790028 -5.240834648900017e-05 -0.01416138951076456
0.4900451934607434 -5.301414873136061e-05 -0.0143250848397588
0.4929930518896525 -5.36266282035716e-05 -0.0144905844396202
0.4959586431102161 -5.42458505884246e-05 -0.01465790605865904
0.4989420737937372 -5.48718820041636e-05 -0.01482706756285028
0.5019434512531983 -5.55047890254606e-05 -0.01499808694150147
0.504962883447121 -5.614463867629092e-05 -0.01517098230532747
0.5080004789834501 -5.679149840771731e-05 -0.01534577188044754
0.5110563471234592 -5.7445436107631e-05 -0.01552247401101742
0.5141305977856812 -5.810652011346466e-05 -0.01570110716266459
0.5172233415498623 -5.87748191836365e-05 -0.01588168991477206
0.520334689660939 -5.945040249471506e-05 -0.01606424095971227
0.52346475403304 -6.013333966198623e-05 -0.01624877910840458
0.5266136472535116 -6.082370071848298e-05 -0.01643532328464882
0.5297814825869668 -6.152155609987918e-05 -0.01662389252104343
0.5329683739793606 -6.222697665888905e-05 -0.01681450596287634
0.5361744360620875 -6.29400336627823e-05 -0.01700718286745356
0.5393997841561053 -6.366079876766712e-05 -0.01720194259715012
0.5426445342760833 -6.438934402117817e-05 -0.01739880462013636
0.5459088031345746 -6.512574187537276e-05 -0.01759778851386271
0.5491927081462149 -6.587006515872625e-05 -0.01779891395749243
0.5524963674319456 -6.66223870675859e-05 -0.01800220072959235
0.5558198998232626 -6.738278118062991e-05 -0.01820766871203993
0.5591634248664905 -6.815132144203479e-05 -0.01841533788547481
0.5625270628270829 -6.892808214178339e-05 -0.01862522832397782
0.565910934693948 -6.971313792189011e-05 -0.01883736019675312
0.5693151621838011 -7.050656377572916e-05 -0.01905175376794667
0.5727398677455418 -7.130843502079929e-05 -0.01926842938928693
0.5761851745646592 -7.211882729443237e-05 -0.01948740749892527
0.5796512065676627 -7.293781656208528e-05 -0.01970870862367651
0.5831380884265391 -7.376547909178839e-05 -0.01993235337211463
0.5866459455632378 -7.460189144039653e-05 -0.02015836243085758
0.5901749041541815 -7.544713045894409e-05 -0.02038675656601429
0.5937250911348052 -7.630127327835596e-05 -0.0206175566193236
0.5972966342041217 -7.716439728700688e-05 -0.02085078350209052
0.6008896618293151 -7.803658012797777e-05 -0.02108645819444485
0.6045043032503616 -7.891789969546676e-05 -0.02132460174437138
0.6081406884846782 -7.980843410837489e-05 -0.02156523526057245
0.6117989483317994 -8.070826169967258e-05 -0.02180837990959461
0.6154792143780822 -8.161746101509553e-05 -0.02205405691547625
0.619181619001439 -8.253611079038763e-05 -0.02230228755359833
0.6229062953760992 -8.346428993380159e-05 -0.02255309314595587
0.6266533774773996 -8.440207752020618e-05 -0.02280649505956561
0.6304230000866031 -8.534955277526564e-05 -0.02306251470219112
0.6342152987957473 -8.630679505295747e-05 -0.02332117351626783
0.6380304100125211 -8.727388382404554e-05 -0.02358249297578825
0.6418684709651717 -8.825089866323942e-05 -0.02384649458283238
0.6457296197074404 -8.923791922558106e-05 -0.024113199861187
0.6496139951235281 -9.023502523075397e-05 -0.02438263035210584
0.6535217369330918 -9.124229644794084e-05 -0.02465480761021794
0.6574529856962692 -9.225981267340422e-05 -0.02492975319746966
0.6614078828187353 -9.328765371202244e-05 -0.02520748867813545
0.6653865705567885 -9.432589935916745e-05 -0.025488035613921
0.6693891920224675 -9.537462937662814e-05 -0.02577141555745745
0.673415891188699 -9.64339234732976e-05 -0.02605765004708284
0.6774668128944764 -9.75038612860631e-05 -0.02634676060167834
0.6815421028500694 -9.858452235074477e-05 -0.02663876871281549
0.6856419076422656 -9.967598608149e-05 -0.02693369583918838
0.6897663747396426 -0.0001007783317524976 -0.02723156340167521
0.693915652497873 -0.0001018916384660618 -0.02753239277470343
0.6980898901650602 -0.0001030159851245697 -0.02783620527868309
0.702289237887107 -0.0001041514504151497 -0.02814302217585867
0.7065138467131162 -0.0001052981127798043 -0.02845286466223849
0.7107638686008243 -0.0001064560503740118 -0.02876575385640861
0.7150394564220665 -0.0001076253410534595 -0.02908171079594763
0.7193407639682761 -0.0001088060623495746 -0.02940075643081515
0.7236679459560159 -0.0001099982914181311 -0.02972291160946457
0.728021158032544 -0.0001112021050182176 -0.03004819707315993
0.7324005567814114 -0.0001124175794956861 -0.03037663345150355
0.736806299728095 -0.000113644790733153 -0.03070824124892573
0.7412385453456634 -0.0001148838141067065 -0.03104304083298654
0.7456974530604773 -0.0001161347244786341 -0.0313810524324107
0.7501831832579239 -0.0001173975961578896 -0.0317222961264052
0.754695897288186 -0.0001186725028311277 -0.03206679182602411
0.7592357574720454 -0.0001199595175563097 -0.03241455927244061
0.7638029271067222 -0.0001212587127366737 -0.03276561802991362
0.7683975704717476 -0.0001225701600427994 -0.0331199874647285
0.7730198528348741 -0.0001238939303828562 -0.03347768673715785
0.7776699404580188 -0.0001252300938940705 -0.03383873479915592
0.7823480006032453 -0.0001265787198756784 -0.03420315037624144
0.7870542015387785 -0.0001279398767171175 -0.03457095194809424
0.7917887125450584 -0.0001293136319037672 -0.03494215775010639
0.7965517039208285 -0.0001307000519713062 -0.03531678576104891
0.8013433469892614 -0.0001320992023999924 -0.03569485367450496
0.8061638141041211 -0.0001335111476112223 -0.03607637889794019
0.8110132786559631 -0.0001349359509463365 -0.03646137854697554
0.8158919150783704 -0.0001363736745605423 -0.03684986941672402
0.8207998988542287 -0.0001378243793707492 -0.03724186796769513
0.8257374065220374 -0.0001392881250629301 -0.03763739032778386
0.8307046156822607 -0.0001407649700115537 -0.03803645227050046
0.8357017050037151 -0.0001422549711638186 -0.03843906918368888
0.8407288542299962 -0.0001437581840613715 -0.03884525607539552
0.8457862441859444 -0.0001452746627939603 -0.03925502756134554
0.8508740567841485 -0.0001468044598508926 -0.03966839782480513
0.8559924750314897 -0.0001483476261096533 -0.0400853806135059
0.8611416830357236 -0.000149904210829077 -0.04050598923779991
0.8663218660121029 -0.0001514742615168899 -0.04093023653486795
0.8715332102900397 -0.0001530578238362292 -0.0413581348434597
0.8767759033198074 -0.0001546549416373022 -0.04178969601244863
0.882050133679283 -0.000156265656869315 -0.04222493137703399
0.8873560910807308 -0.0001578900094058943 -0.04266385171156745
0.8926939663776258 -0.0001595280370804612 -0.04310646723911176
0.8980639515715189 -0.0001611797756477674 -0.04355278762104719
0.9034662398189428 -0.0001628452585905377 -0.04400282190482401
0.9089010254383604 -0.0001645245170816575 -0.04445657851374503
0.9143685039171535 -0.0001662175800038735 -0.04491406525228899
0.9198688719186553 -0.0001679244737966683 -0.04537528926473414
0.9254023272892237 -0.0001696452222988358 -0.04584025699262025
0.9309690690653579 -0.0001713798468113712 -0.04630897419174217
0.9365692974808579 -0.0001731283660099119 -0.0467814459084902
0.9422032139740265 -0.0001748907957016128 -0.04725767641415503
0.9478710211949153 -0.0001766671488619791 -0.04773766921488008
0.9535729230126136 -0.0001784574356176907 -0.04822142704702073
0.9593091245225821 -0.0001802616630114474 -0.04870895181360239
0.9650798320540293 -0.0001820798349117896 -0.04920024455995294
0.9708852531773335 -0.0001839119520729562 -0.04969530548987721
0.9767255967115094 -0.0001857580119709014 -0.05019413392134644
0.9826010727317186 -0.000187618008558874 -0.05069672822045302
0.9885118925768263 -0.0001894919323632844 -0.05120308582731471
0.9944582688570029 -0.0001913797704078309 -0.05171320323557286
1.000440415461372 -0.0001932815058994531 -0.05222707590753282
1.006458547565703 -0.0001951971182429571 -0.05274469827811618
1.012512881640152 -0.0001971265830631549 -0.05326606376084272
1.018603635457047 -0.000199069871936884 -0.05379116467541917
1.024731028098722 -0.0002010269522188343 -0.05431999220067512
1.030895279965397 -0.0002029977871543713 -0.05485253640504952
1.037096612783106 -0.0002049823357180018 -0.05538878620294189
1.043335249611672 -0.000206980552264294 -0.05592872926038672
1.04961141485273 -0.0002089923866476112 -0.05647235202740692
1.055925334257799 -0.0002110177841746929 -0.05701963972520069
1.062277234936404 -0.0002130566852251592 -0.05757057624359707
1.068667345364243 -0.0002151090252100128 -0.05812514412984259
1.075095895391404 -0.0002171747346538406 -0.05868332461081332
1.081563116250635 -0.0002192537389094215 -0.05924509751589816
1.088069240565661 -0.0002213459578662755 -0.05981044119824526
1.094614502359551 -0.000223451306124719 -0.06037933258179398
1.101199137063137 -0.0002255696928524248 -0.06095174712251551
1.107823381523478 -0.0002277010213262295 -0.06152765868460357
1.114487474012384 -0.0002298451890492418 -0.06210703957211849
1.121191654234987 -0.000232002087756287 -0.06268986053045844
1.127936163338358 -0.0002341716029832037 -0.06327609062997799
1.134721243920186 -0.0002363536139273644 -0.06386569722829907
1.141547140037501 -0.0002385479936107155 -0.06445864601436629
1.148414097215454 -0.0002407546085982395 -0.06505490093237208
1.155322362456149 -0.0002429733185613123 -0.0656544240637703
1.162272184247527 -0.0002452039765104265 -0.06625717569016096
1.169263812572304 -0.0002474464286902903 -0.06686311426494461
1.176297498916961 -0.0002497005140225144 -0.06747219626272961
1.183373496280794 -0.0002519660641777423 -0.06808437619882221
1.19049205918501 -0.0002542429036636846 -0.06869960665301493
1.197653443681885 -0.0002565308493669631 -0.06931783814578694
1.204857907363973 -0.0002588297102710389 -0.06993901906208466
1.212105709373372 -0.0002611392877166258 -0.07056309572168883
1.219397110411042 -0.0002634593751492497 -0.0711900123110018
1.22673237274619 -0.0002657897575252368 -0.07181971072253823
1.234111760225694 -0.0002681302115815051 -0.07245213062782606
1.241535538283603 -0.0002704805057979099 -0.07308720946723173
1.249003973950675 -0.0002728403997643344 -0.07372488227894035
1.256517335863991 -0.0002752096441552081 -0.07436508169207008
1.264075894276612 -0.0002775879809306231 -0.07500773798101627
1.271679921067302 -0.0002799751428834743 -0.07565277894308324
1.279329689750306 -0.0002823708531762732 -0.0763001297733254
1.287025475485191 -0.0002847748257051116 -0.07694971316289492
1.294767555086741 -0.0002871867649031453 -0.07760144924594049
1.302556207034913 -0.0002896063650041373 -0.07825525540060756
1.310391711484858 -0.0002920333103017659 -0.0789110463191066
1.318274350276994 -0.0002944672752176174 -0.07956873402608554
1.326204406947145 -0.000296907923629594 -0.08022822769715728
1.334182166736741 -0.0002993549086930835 -0.08088943361057739
1.342207916603075 -0.0003018078731811097 -0.08155225523915718
1.350281945229628 -0.0003042664490760058 -0.08221659313992852
1.358404543036452 -0.0003067302569052594 -0.08288234477468109
1.366576002190616 -0.0003091989061958948 -0.08354940463274203
1.374796616616712 -0.0003116719953663841 -0.08421766420176893
1.383066682007434 -0.0003141491108869249 -0.08488701174084654
1.391386495834208 -0.0003166298274643676 -0.08555733233045625
1.399756357357896 -0.000319113708257223 -0.08622850793057399
1.408176567639557 -0.000321600304214823 -0.08690041720210305
1.416647429551278 -0.0003240891536957566 -0.08757293540377084
1.425169247787069 -0.0003265797829678723 -0.08824593452723575
1.433742328873819 -0.0003290717058800786 -0.08891928320840353
1.442366981182327 -0.00033156442298547 -0.08959284649048498
1.45104351493839 -0.0003340574221224126 -0.09026648598101258
1.459772242233963 -0.0003365501783957889 -0.09094005984677254
1.468553477038385 -0.0003390421531947241 -0.09161342254838223
1.477387535209671 -0.000341532794378495 -0.09228642489052509
1.486274734505876 -0.0003440215366391696 -0.09295891411994033
1.495215394596523 -0.0003465078008638825 -0.09363073375310178
1.504209837074101 -0.000348990993564856 -0.09430172342220255
1.513258385465633 -0.0003514705075159238 -0.09497171904715164
1.522361365244312 -0.0003539457215509885 -0.09564055278111462
1.531519103841213 -0.000356415999589271 -0.09630805274712378
1.540731930657063 -0.0003588806911152862 -0.09697404316777383
1.550000177074097 -0.000361339131378804 -0.09763834441925349
1.55932417646797 -0.0003637906405404254 -0.09830077280046974
1.568704264219756 -0.0003662345235243876 -0.09896114049327381
1.578140777728008 -0.0003686700706156752 -0.09961925572380818
1.587634056420891 -0.0003710965569977435 -0.1002749226375935
1.597184441768398 -0.0003735132419457115 -0.1009279410815194
1.606792277294626 -0.000375919369581592 -0.101578106807917
1.616457908590138 -0.0003783141688411778 -0.1022252114656113
1.626181683324388 -0.0003806968524634538 -0.1028690423268473
1.635963951258232 -0.0003830666173722315 -0.1035093823904131
1.645805064256506 -0.0003854226450944984 -0.1041460104946824
1.655705376300682 -0.0003877641010196824 -0.104778701117459
1.665665243501602 -0.0003900901340423614 -0.1054072242794323
1.675685024112287 -0.0003923998773555276 -0.1060313457585271
1.685765078540822 -0.0003946924481710927 -0.106650827014381
1.695905769363321 -0.0003969669467876386 -0.1072654249364383
1.70610746133697 -0.0003992224573918247 -0.1078748920605012
1.716370521413142 -0.0004014580482339096 -0.108478976616157
1.726695318750602 -0.0004036727706958237 -0.1090774222749603
1.737082224728785 -0.0004058656595204431 -0.1096699682123857
1.747531612961148 -0.0004080357334653731 -0.1102563492844877
1.758043859308618 -0.0004101819947593661 -0.1108362958810187
1.768619341893104 -0.0004123034285726413 -0.1114095337823023
1.779258441111101 -0.0004143990039696623 -0.1119757844166859
1.789961539647373 -0.0004164676738514754 -0.1125347648449597
1.800729022488719 -0.0004185083740366462 -0.1130861875120144
1.811561276937818 -0.0004205200240226561 -0.1136297604525801
1.822458692627162 -0.000422501527405235 -0.1141651874045349
1.83342166153307 -0.0004244517711431543 -0.1146921676102432
1.844450577989788 -0.0004263696256309573 -0.115210395836208
1.855545838703674 -0.0004282539455709353 -0.1157195626086901
1.866707842767465 -0.0004301035696951496 -0.1162193541385947
1.877936991674634 -0.0004319173201733235 -0.1167094521614763
1.88923368933383 -0.0004336940036546352 -0.1171895342190447
1.90059834208341 -0.0004354324114596953 -0.1176592737110392
1.912031358706049 -0.0004371313188391441 -0.1181183396948922
1.923533150443451 -0.0004387894856392163 -0.118566397065574
1.935104131011135 -0.0004404056569662502 -0.1190031067351504
1.946744716613318 -0.0004419785627559321 -0.1194281255163878
1.958455325957888 -0.0004435069177599699 -0.1198411061191521
1.970236380271462 -0.0004449894225776592 -0.1202416974291505
1.982088303314539 -0.0004464247636822908 -0.1206295445150677
1.994011521396743 -0.00044781161295019 -0.121004288501306
2.006006463392153 -0.000449148628701906 -0.1213655668493273
2.018073560754737 -0.000450434456151176 -0.1217130134789699
2.030213247533863 -0.0004516677270018121 -0.1220462586595214
2.042425960389917 -0.0004528470600317851 -0.1223649291675456
2.05471213861001 -0.0004539710619532026 -0.1226686485192596
2.067072224123773 -0.000455038327362103 -0.1229570369569672
2.079506661519261 -0.0004560474387994413 -0.1232297114655384
2.092015898058938 -0.0004569969678450373 -0.1234862860680073
2.104600383695769 -0.0004578854754487158 -0.1237263719150509
2.117260571089404 -0.0004587115118062976 -0.12394957725148
2.129996915622458 -0.0004594736173356052 -0.1241555076799681
2.142809875416892 -0.0004601703233464893 -0.1243437663421011
2.155699911350493 -0.0004608001521037914 -0.1245139539353904
2.16866748707345 -0.0004613616174430785 -0.1246656688796523
2.181713069025031 -0.0004618532257187211 -0.1247985075731904
2.194837126450363 -0.0004622734761573347 -0.1249120644882998
2.208040131417308 -0.0004626208612352505 -0.1250059322732647
2.221322558833443 -0.0004628938677198297 -0.1250797020337341
2.234684886463145 -0.0004630909772639113 -0.1251329634933494
2.248127594944775 -0.0004632106668316993 -0.1251653051088243
2.261651167807962 -0.0004632514096376223 -0.1251763143236362
2.275256091491004 -0.0004632116759291744 -0.1251655777795601
2.288942855358358 -0.0004630899335810084 -0.1251326814771992
2.302711951718243 -0.0004628846489648209 -0.1250772110110396
2.316563875840352 -0.0004625942878286447 -0.1249987518070454
2.330499125973664 -0.000462217316009357 -0.1248968893151877
2.344518203364364 -0.0004617522004051277 -0.1247712092722119
2.358621612273878 -0.000461197409882212 -0.1246212979466649
2.372809859997005 -0.0004605514160283518 -0.1244467423424733
2.387083456880169 -0.0004598126942588335 -0.1242471304978136
2.401442916339774 -0.0004589797248732585 -0.1240220517706657
2.415888754880671 -0.000458050993764819 -0.1237710970304673
2.430421492114737 -0.0004570249935198827 -0.1234938589552357
2.445041650779565 -0.0004559002248506539 -0.1231899324186907
2.459749756757268 -0.0004546751972300998 -0.1228589146618196
2.474546339093393 -0.000453348429848075 -0.122500405551234
2.489431930015952 -0.000451918453404562 -0.1221140080637259
2.504407064954564 -0.0004503838109106142 -0.1216993285026921
2.519472282559719 -0.0004487430584054404 -0.1212559766918998
2.534628124722145 -0.0004469947667590542 -0.1207835664625848
2.549875136592308 -0.0004451375231289258 -0.1202817160470569
2.565213866600017 -0.0004431699313492517 -0.1197500481838856
2.580644866474148 -0.0004410906134044704 -0.1191881905160626
2.596168691262497 -0.0004388982117485475 -0.1185957762177011
2.611785899351737 -0.0004365913895638851 -0.1179724440639967
2.627497052487508 -0.0004341688317649728 -0.1173178387024263
2.64330271579462 -0.0004316292477009137 -0.1166316113830045
2.659203457797384 -0.0004289713720375993 -0.1159134201966583
2.675199850440056 -0.0004261939651482681 -0.1151629301807607
2.691292469107416 -0.0004232958154859385 -0.1143798139601916
2.707481892645458 -0.000420275741801964 -0.1135637523468196
2.723768703382218 -0.0004171325929546544 -0.1127144342877886
2.740153487148712 -0.0004138652495268811 -0.1118315573026152
2.756636833300016 -0.0004104726272468987 -0.1109148284075371
2.77321933473646 -0.0004069536768767001 -0.1099639640853458
2.789901587924954 -0.0004033073849654255 -0.1089786904889665
2.806684192920446 -0.0003995327773636755 -0.1079587443910697
2.823567753387507 -0.0003956289205143953 -0.1069038735328845
2.840552876622036 -0.000391594921168386 -0.1058138365473254
2.857640173573115 -0.0003874299290503054 -0.1046884036793797
2.874830258864976 -0.0003831331401776571 -0.1035273576829398
2.892123750819116 -0.0003787037958907858 -0.1023304935586952
2.909521271476531 -0.0003741411843071907 -0.1010976189471068
2.927023446620097 -0.0003694446448168327 -0.09982855534309466
2.944630905797074 -0.0003646135678146754 -0.09852313802376737
2.962344282341753 -0.0003596473948053667 -0.09718121607670828
2.980164213398238 -0.0003545456224293618 -0.09580265348788422
2.998091339943359 -0.0003493078045496076 -0.09438732970549367
3.016126306809736 -0.000343933550956254 -0.09293513928996357
3.034269762708964 -0.0003384225299304563 -0.09144599260672079
3.052522360254954 -0.0003327744728245904 -0.08991981706382331
3.070884755987404 -0.0003269891722820318 -0.08835655663092248
3.089357610395416 -0.0003210664831415274 -0.08675617208363551
3.107941587941251 -0.0003150063277028381 -0.08511864242638767
3.126637357084233 -0.0003088086956736731 -0.08344396487807354
3.14544559030479 -0.0003024736431980108 -0.08173215460949702
3.164366964128648 -0.0002960012969133436 -0.07998324583968952
3.183402159151157 -0.0002893918571374321 -0.07819729269701084
3.202551860061779 -0.0002826455953363994 -0.07637436853499655
3.221816755668715 -0.0002757628561398699 -0.07451456647687363
3.241197538923678 -0.0002687440629930714 -0.07261800094282916
3.260694906946819 -0.0002615897157942114 -0.07068480701159975
3.280309561051807 -0.0002543003907986929 -0.06871514039458951
3.300042206771049 -0.0002468767460998334 -0.06670917891682877
3.319893553881069 -0.0002393195221862534 -0.06466712266758737
3.339864316428041 -0.0002316295395454283 -0.06258919335282453
3.359955212753471 -0.0002238077021649234 -0.06047563524126613
3.380166965520037 -0.0002158550018611729 -0.05832671633409504
3.400500301737581 -0.0002077725145020696 -0.05614272734424749
3.42095595278926 -0.0001995614010412708 -0.05392398197589551
3.441534654457853 -0.0001912229136410545 -0.05167081857891923
3.46223714695223 -0.0001827583931797339 -0.04938359947537899
3.483064174933973 -0.0001741692677249858 -0.04706271054698968
3.504016487544163 -0.0001654570575100201 -0.04470856257974393
3.525094838430328 -0.000156623376339172 -0.04232159164372055
3.546299985773546 -0.0001476699276199454 -0.03990225802089319
3.567632692315724 -0.0001385985067357909 -0.03745104684628459
3.589093725387028 -0.0001294110061359891 -0.03496846948331658
3.610683856933487 -0.0001201094105994356 -0.03245506224402561
3.632403863544755 -0.000110695796900106 -0.02991138629866725
3.654254526482051 -0.0001011723395387506 -0.0273380292244917
3.676236631706256 -9.154130855058911e-05 -0.02473560441335547
3.698350969906183 -8.180506632991574e-05 -0.02210475021369004
3.720598336527025 -7.196607136494008e-05 -0.01944613093970252
3.742979531798957 -6.202688028113536e-05 -0.01676043742351386
3.765495360765927 -5.199014256191381e-05 -0.01404838558861937
3.788146633314612 -4.185860140440242e-05 -0.01131071668113008
3.810934164203546 -3.163509860898945e-05 -0.008548198590989216
3.833858773092431 -2.132256949417084e-05 -0.005761624477900219
3.856921284571616 -1.092404092859742e-05 -0.00295181223956134
3.880122528191761 -4.426357154282058e-07 -0.0001196056963726265
3.903463338493672 1.011842905965215e-05 0.00273412585495038
3.926944555038322 2.075584681399655e-05 0.005608488934495562
3.950567022437048 3.146621957987744e-05 0.008502565368961176
3.974331590381932 4.224605571008638e-05 0.0114154116716802
3.998239113676364 5.30917761839571e-05 0.0143460607465865
4.02229045226579 6.399971550115683e-05 0.0172935221297284
4.046486471268643 7.496611792655498e-05 0.02025678097458534
4.070828041007458 8.598714244565926e-05 0.02323479939108852
4.095316037040186 9.705886633903341e-05 0.02622651741147328
4.119951340191675 0.0001081772828666986 0.02923085236457539
4.144734836585366 0.0001193383026745602 0.03224669925586512
4.169667417675155 0.0001305377596700564 0.03527293235512092
4.194749980277468 0.0001417714112122033 0.0383084052477819
4.219983426603512 0.0001530349366852257 0.04135195044952503
4.24536866429173 0.0001643239439806423 0.04440238115780567
4.270906606440451 0.0001756339720103368 0.0474584919309205
4.296598171640729 0.0001869604891882938 0.05051905827775383
4.322444284009386 0.000198298897974849 0.0535828378856906
4.348445873222255 0.0002096445395830299 0.05664857189232846
4.374603874547618 0.0002209926941383717 0.05971498492866192
4.400919228879844 0.000232338582536113 0.06278078562092006
4.42739288277324 0.0002436773725656144 0.06584466824546048
4.454025788476091 0.0002550041809951175 0.06890531329209769
4.480818903964917 0.0002663140741818079 0.07196138762894939
4.50777319297893 0.0002776020739992972 0.07501154610411626
4.534889625054696 0.0002888631614973843 0.0780544325345951
4.562169175561013 0.000300092278179417 0.08108868005143798
4.589612825733993 0.000311284330417935 0.08411291229291393
4.617221562712357 0.0003224341943725888 0.08712574473339224
4.644996379572944 0.0003335367184654702 0.09012578535220742
4.672938275366425 0.0003445867267299789 0.09311163553856502
4.701048255153248 0.0003555790241716245 0.09608189154009707
4.729327330039782 0.0003665084001396376 0.09903514537391357
4.757776517214689 0.0003773696317939949 0.1019699857634359
4.786396839985513 0.0003881574891646099 0.1048849995054534
4.815189327815487 0.0003988667390328552 0.1077787725189592
4.844155016360561 0.0004094921489141994 0.110649890921308
4.873294947506656 0.0004200284920964747 0.1134969423896195
4.902610169407141 0.0004304705515676487 0.1163185172221112
4.932101736520533 0.0004408131240817261 0.1191132094367552
4.961770709648425 0.0004510510259663129 0.1218796183405556
4.991618155973645 0.0004611790968804299 0.1246163495449556
5.021645149098641 0.0004711922034988872 0.1273220159614023
5.051852769084097 0.0004810852459016576 0.1299952395278345
5.082242102487784 0.0004908531620727139 0.1326346524243253
5.112814242403641 0.0005004909307164509 0.135238897834114
5.1435702885011 0.0005099935771591988 0.1378066315382689
5.174511347064628 0.0005193561799409776 0.1403365236968617
5.205638531033534 0.0005285738725808856 0.1428272593259975
5.23695296004199 0.0005376418480940319 0.1452775395183461
5.26845576045931 0.0005465553676113355 0.1476860837723197
5.300148065430462 0.0005553097622729178 0.1500516305036909
5.332031014916829 0.0005639004359431417 0.1523729377792304
5.364105755737212 0.0005723228737428625 0.1546487856222274
5.39637344160908 0.000580572646750147 0.1568779772826831
5.42883523319007 0.0005886454124109377 0.1590593393482765
5.461492298119737 0.0005965369210267621 0.1611917234974253
5.494345811061548 0.0006042430245343624 0.163274008871651
5.52739695374514 0.0006117596753620069 0.1653051017665399
5.560646915008824 0.0006190829300794627 0.1672839366180116
5.594096890842349 0.0006262089602000154 0.1692094789211592
5.627748084429916 0.0006331340527008581 0.1710807253708653
5.661601706193463 0.0006398546103822449 0.1728967039588494
5.695658973836199 0.0006463671610858383 0.1746564764645809
5.729921112386407 0.000652668363402189 0.1763591399975108
5.764389354241504 0.0006587550036874118 0.1780038261909407
5.799064939212376 0.0006646240015949283 0.1795897026967688
5.833949114567966 0.0006702724208828062 0.1811159761057675
5.869043135080146 0.0006756974653966959 0.1825818908621233
5.904348263068843 0.000680896480554198 0.1839867296645306
5.939865768447451 0.0006858669648434522 0.185329816573255
5.975596928768503 0.000690606569900368 0.186610517031001
6.01154302926963 0.0006951130974299204 0.1878282370310084
6.047705362919785 0.0006993845073537107 0.1889824253186247
6.084085230465758 0.0007034189248631168 0.1900725752971541
6.120683940478954 0.0007072146337786839 0.1910982232334826
6.15750280940247 0.0007107700797992575 0.1920589491360334
6.194543161598441 0.0007140838821099749 0.192954379891392
6.231806329395683 0.0007171548274215261 0.1937841876536395
6.269293653137611 0.0007199818682467973 0.1945480893786806
6.307006481230453 0.0007225641332038296 0.1952458496082312
6.344946170191752 0.0007249009274828707 0.1958772805960219
6.383114084699157 0.0007269917259609129 0.1964422404472602
6.421511597639515 0.0007288361787202998 0.1969406346098268
6.460140090158249 0.0007304341189385095 0.1973724180061935
6.499000951709037 0.0007317855532554333 0.1977375924305418
6.538095580103793 0.000732890661902177 0.1980362065835668
6.577425381562945 0.0007337498091785772 0.1982683589036323
6.616991770766014 0.0007343635369083189 0.1984341957982623
6.656796170902505 0.0007347325590958978 0.1985339102003855
6.696840013723089 0.0007348577693116036 0.19856774356385
6.737124739591115 0.0007347402417850526 0.1985359861589094
6.777651797534409 0.0007343812212886559 0.1984389743386091
6.818422645297399 0.0007337821251295326 0.1982770910770273
6.859438749393552 0.0007329445504849616 0.1980507679514046
6.900701585158119 0.0007318702632564634 0.1977604821303781
6.942212636801205 0.0007305611948623514 0.1974067555072887
6.983973397461158 0.0007290194497257046 0.196990156723525
7.025985369258271 0.0007272472991932359 0.1965112995253254
7.068250063348816 0.0007252471731023158 0.1959708404850825
7.110768999979402 0.0007230216632222808 0.1953694799312279
7.153543708541653 0.0007205735243890324 0.1947079622548147
7.196575727627224 0.000717905662610434 0.1939870726954476
7.239866605083138 0.0007150211335444761 0.1932076369300638
7.28341789806747 0.0007119231474501992 0.1923705224107345
7.327231173105349 0.0007086150583116049 0.1914766354258093
7.37130800614531 0.00070510035782196 0.190526919474401
7.41564998261598 0.0007013826787451392 0.1895223561746616
7.460258697483103 0.0006974657895860661 0.188463963823669
7.505135755306914 0.0006933535845097528 0.1873527946734262
7.550282770299852 0.0006890500828279037 0.1861899347921344
7.59570136638462 0.0006845594289616985 0.1849765040541374
7.641393177252606 0.0006798858807152829 0.1837136529712715
7.687359846422636 0.000675033805055908 0.1824025615526073
7.733603027300095 0.0006700076793371608 0.1810444396349813
7.780124383236402 0.0006648120819232556 0.1796405243495625
7.826925587588838 0.0006594516847138235 0.1781920781019573
7.874008323780734 0.0006539312523261051 0.1767003883512279
7.921374285362025 0.0006482556370022309 0.1751667662337753
7.969025176070168 0.0006424297688723639 0.1735925439323197
8.016962709891423 0.000636458652471918 0.1719790737348088
8.065188611122505 0.0006303473642747564 0.1703277273678573
8.113704614432605 0.0006241010429326883 0.1686398933593374
8.162512464925786 0.0006177248837536683 0.166916975546319
8.211613918203758 0.0006112241359698043 0.1651603923368514
8.26101074042902 0.0006046040951472708 0.1633715746590272
8.310704708388393 0.0005978700961145078 0.1615519640500933
8.360697609556926 0.0005910275089507067 0.1597030115724898
8.410991242162195 0.000584081733287277 0.1578261762740347
8.461587415248985 0.0005770381908212194 0.1559229231649448
8.512487948744354 0.0005699023204765089 0.1539947219103799
8.563694673523104 0.0005626795729739977 0.1520430453631637
8.615209431473632 0.0005553754039771715 0.1500693677116809
8.667034075564182 0.0005479952690371253 0.148075163113947
8.719170469909495 0.0005405446178794925 0.1460619041538649
8.771620489837867 0.0005330288879103197 0.1440310600864314
8.824386021958594 0.0005254534995500395 0.1419840955769185
8.877468964229841 0.0005178238508487874 0.1399224692458644
8.930871226026907 0.0005101453102841556 0.137847631722937
8.984594728210904 0.0005024232128617468 0.1357610245932548
9.038641403197854 0.0004946628557227132 0.133664079210489
9.09301319502819 0.0004868694903315694 0.1315582145859132
9.147712059436689 0.0004790483183295648 0.1294448362679325
9.202739963922818 0.0004712044886861515 0.1273253355723749
9.258098887821502 0.0004633430907298838 0.1252010876993534
9.313790822374321 0.0004554691479149493 0.1230734500489044
9.369817770801134 0.0004475876168419628 0.1209437619563945
9.426181748372137 0.0004397033823577291 0.118813343368415
9.482884782480346 0.0004318212489368071 0.116683492513973
9.539928912714528 0.0004239459404970711 0.1145554858546535
9.597316190932558 0.0004160820979736838 0.1124305774290772
9.655048681335227 0.0004082342706533988 0.1103099965113201
9.713128460540494 0.0004004069137596465 0.1081949469583742
9.771557617658175 0.0003926043890034748 0.1060866073590182
9.830338254365088 0.0003848309582615856 0.103986129325544
9.889472484980656 0.0003770907770817954 0.1018946357388516
9.948962436542953 0.0003693878976519931 0.0998132215506978
10.00881024888521 0.0003617262658238758 0.09774295297947293
10.06901807471279 0.0003541097120964564 0.09568486507383198
10.12958807968063 0.0003465419541435388 0.09363996239564985
10.1905224424711 0.0003390265973547166 0.0916092191662061
10.25182335487242 0.0003315671270916578 0.08959357717373621
10.31349302185747 0.0003241669069379618 0.08759394530052123
10.3755336616631 0.0003168291829017403 0.08561120065847756
10.43794750586993 0.0003095570792074183 0.0836461874520491
10.50073679948262 0.0003023535916983388 0.08169971519550859
10.56390380101059 0.0002952215939287865 0.07977256035909847
10.62745078254932 0.0002881638368462498 0.07786546628317419
10.69138002986203 0.0002811829408453722 0.07597914103108258
10.7556938424619 0.0002742813995014367 0.07411425839799611
10.82039453369479 0.0002674615832676712 0.07227145890997067
10.88548443082247 0.0002607257340272888 0.07045134835183918
10.95096587510631 0.0002540759634032464 0.06865449731048703
11.01684122189147 0.0002475142598561589 0.06688144309279721
11.08311284069168 0.0002410424872229612 0.0651326893307785
11.14978311527443 0.0002346623788225749 0.06340870438884307
11.21685444374672 0.0002283755450716446 0.06170992342167343
11.28432923864131 0.0002221834758254224 0.06003674900675874
11.35220992700354 0.000216087534716457 0.05838954961463787
11.42049895047856 0.000210088962835616 0.05676866060355756
11.48919876539923 0.0002041888848850336 0.05517438588207578
11.55831184287442 0.0001983883066042361 0.05360699721356866
11.62784066887791 0.0001926881131774088 0.05206673378585408
11.69778774433782 0.000187089077733394 0.05055380450799731
11.76815558522656 0.00018159186241767 0.04906838829997311
11.83894672265132 0.0001761970142777464 0.04761063298084822
11.91016370294514 0.0001709049724454532 0.04618065720952533
11.98180908775847 0.000165716072603438 0.04477855169164671
12.05388545415131 0.0001606305443140047 0.04340437845781281
12.12639539468595 0.0001556485137964012 0.04205817161404019
12.19934151752018 0.0001507700112501459 0.04073993932061572
12.27272644650111 0.0001459949709230154 0.03944966381046781
12.34655282125957 0.0001413232300442129 0.03818730110089501
12.42082329730504 0.0001367545371045452 0.03695278323097342
12.49554054612116 0.0001322885546159237 0.03574601900720809
12.57070725526186 0.000127924857151558 0.03456689347396906
12.64632612844798 0.0001236629374317774 0.03341526955795617
12.72239988566455 0.0001195022115606978 0.03229098948321196
12.79893126325863 0.0001154420186393417 0.03119387466658175
12.87592301403773 0.0001114816231586958 0.03012372636434766
12.95337790736882 0.0001076202219251067 0.0290803275435572
13.03129872927796 0.0001038569457840495 0.02806344334780674
13.10968828255048 0.0001001908596263738 0.02707282109892956
13.18854938683184 9.662096911179379e-05 0.02610819211376663
13.26788487872902 9.314622410267715e-05 0.02516927263201931
13.34769761191256 8.976551875589171e-05 0.02425576384106744
13.42799045721921 8.6477695991046e-05 0.02336735308334374
13.50876630275517 8.328155235616121e-05 0.02250371517109909
13.59002805400002 8.017583928475377e-05 0.02166451272608197
13.67177863391118 7.715926522436252e-05 0.02084939675469303
13.7540209830291 7.423050103600084e-05 0.02005800810698454
13.83675805958297 7.13881823421446e-05 0.01928997811111596
13.91999283959716 6.863091070051615e-05 0.0185449288905251
14.00372831699829 6.595725821807136e-05 0.01782247461068496
14.08796750372286 6.336577066165748e-05 0.01712222231964236
14.17271342982564 6.08549688951569e-05 0.01644377233635214
14.25796914358864 5.842335202927753e-05 0.01578671910178978
14.34373771163077 5.606940094672568e-05 0.01515065213149719
14.43002221901811 5.379158018031046e-05 0.01453515652306992
14.51682576937491 5.158834010365134e-05 0.01393981354811372
14.60415148499523 4.945812025903802e-05 0.01336420155147381
14.69200250695523 4.739935143165147e-05 0.01280789651171531
14.78038199522615 4.54104576240417e-05 0.01227047257465175
14.86929312878798 4.348985876880661e-05 0.01175150278634482
14.95873910574384 4.163597277233486e-05 0.01125055964534916
15.04872314343496 3.984721743132156e-05 0.01076721562057886
15.13924847855642 3.812201276357555e-05 0.01030104378112065
15.2303183672736 3.645878275773868e-05 0.009851618269029925
15.3219360853393 3.485595702940853e-05 0.009418514746835761
15.41410492821153 3.331197312974957e-05 0.009001311021356482
15.50682821117208 3.18252779384079e-05 0.00859958742008261
15.60010926944577 3.039432889672018e-05 0.008212927124405313
15.69395145832038 2.901759617203013e-05 0.00784091675444174
15.7883581532674 2.769356410640367e-05 0.00748314676049595
15.88333275006339 2.642073186569365e-05 0.007139211598444289
15.97887866491215 2.519761510378056e-05 0.006808710179434021
16.07499933456759 2.402274788559732e-05 0.006491246389508627
16.17169821645737 2.289468277909128e-05 0.006186429114457082
16.26897878880723 2.181199181715367e-05 0.005893872499739217
16.36684455076612 2.077326870843398e-05 0.005613196547875343
16.46529902253208 1.977712889885242e-05 0.005344027135067709
16.56434574547881 1.882220976112598e-05 0.005085996062412786
16.66398828228309 1.790717242499846e-05 0.004838741550452293
16.76423021705294 1.703070257192004e-05 0.004601908453905519
16.86507515545651 1.619150982656213e-05 0.004375148097249054
16.96652672485178 1.538832877088096e-05 0.004158118548729424
17.06858857441703 1.461992055342322e-05 0.003950485055217559
17.17126437528214 1.38850720821454e-05 0.003751919824098518
17.27455782066058 1.318259600471147e-05 0.003562102017947664
17.37847262598229 1.251133203241451e-05 0.003380718112270816
17.48301252902732 1.187014711410227e-05 0.003207461942501117
17.58818129006027 1.125793474589278e-05 0.003042034517475567
17.69398269196554 1.067361599127733e-05 0.002884144295079578
17.80042054038342 1.011613956301252e-05 0.002733507204375242
17.90749866384694 9.584480715950314e-06 0.002589846346430179
18.01522091391964 9.077641740501754e-06 0.002452892127657596
18.12359116533404 8.594653137768278e-06 0.002322382577351438
18.23261331613107 8.134572120279719e-06 0.002198062942567085
18.34229128780023 7.696482104729182e-06 0.002079685551051972
18.45262902542071 7.279493959307244e-06 0.001967010148290871
18.56363049780323 6.882745361408547e-06 0.001859803723950191
18.67529969763284 6.505399450037501e-06 0.001757840147741172
18.78764064161249 6.146645384556505e-06 0.001660900320400635
18.90065737060757 5.805698843847858e-06 0.001568772308570759
19.0143539497912 5.481800202494579e-06 0.001481250851980367
19.12873446879051 5.174214304781598e-06 0.001398137302377234
19.24380304183367 4.8822314796707e-06 0.00131923989778698
19.35956380789796 4.605166043270264e-06 0.001244373357861701
19.47602093085858 4.342355350125157e-06 0.001173358627526658
19.59317859963845 4.09316049128367e-06 0.001106023065606669
19.71104102835891 3.856965820189487e-06 0.00104220031671621
19.82961245649123 3.633177381158823e-06 0.0009817298866143102
19.94889714900919 3.421222964743684e-06 0.0009244571571644016
20.06889939654243 3.220552547896842e-06 0.0008702335052723872
20.18962351553079 3.030636557774998e-06 0.0008189158337445812
20.31107384837959 2.850965325704352e-06 0.0007703664237423897
20.4332547636158 2.681049712613382e-06 0.0007244531037820543
20.55617065604522 2.520419949970632e-06 0.0006810489365415731
20.67982594691049 2.368624532437271e-06 0.000640031919641598
20.80422508405019 2.225230475528221e-06 0.0006012850552686873
20.92937254205879 2.089823063293728e-06 0.0005646962819957167
21.05527282244758 1.96200436734436e-06 0.0005301580746039437
21.18193045380665 1.841393007187632e-06 0.000497567379322973
21.30934999196772 1.727624483869024e-06 0.000466825703984724
21.43753602016806 1.620349792973433e-06 0.0004378387432391071
21.5664931492153 1.519234760188723e-06 0.0004105161990150004
21.69622601765332 1.423960345815824e-06 0.0003847718628026799
21.82673929192908 1.334221885217729e-06 0.0003605234104136556
21.95803766656046 1.249728042025218e-06 0.000337692119123789
22.09012586430514 1.170200790081699e-06 0.0003162028627945656
22.22300863633048 1.095375323376424e-06 0.0002959840875359233
22.35669076238438 1.024998853385163e-06 0.0002769674867326896
22.49117705096725 9.588302566102399e-07 0.0002590879058054974
22.62647233950495 8.966402732683114e-07 0.0002422833958987051
22.76258149452277 8.382105509157503e-07 0.0002264949554560341
22.89950941182054 7.83333005885259e-07 0.0002116663576727702
23.03726101664865 7.318099128380285e-07 0.0001977441746938751
23.17584126388527 6.834534724181703e-07 0.0001846776607888157
23.31525513821456 6.38084954436067e-07 0.0001724185208290091
23.45550765430593 5.955345521437779e-07 0.0001609208709112178
23.59660385699449 5.556413714773386e-07 0.0001501412354506843
23.73854882146243 5.182525669774201e-07 0.0001400383136961065
23.88134765342164 4.832229917549362e-07 0.0001305728851459739
24.02500548929732 4.504152840151413e-07 0.0001217078329284598
24.16952749641275 4.196992828245105e-07 0.0001134079859343378
24.31491887317515 3.909514986564436e-07 0.0001056399757518217
24.46118484926266 3.640550884908179e-07 9.837222993815329e-05
24.60833068581249 3.388996409457958e-07 9.157491395953463e-05
24.7563616756101 3.15380549682849e-07 8.521976187734264e-05
24.90528314327963 2.933988396044908e-07 7.92800293845866e-05
25.05510044547539 2.728611757798766e-07 7.373049621771702e-05
25.20581897107455 2.536793085763873e-07 6.854731622425191e-05
25.357444141371 2.357697810767881e-07 6.370793830324071e-05
25.5099814102703 2.190539449006182e-07 5.919111068040098e-05
25.66343626448592 2.034576399764319e-07 5.497679437858035e-05
25.81781422373652 1.889108024481267e-07 5.104605726915111e-05
25.97312084094457 1.753473969465794e-07 4.738105577096089e-05
26.12936170243603 1.627053226240423e-07 4.396500945965322e-05
26.28654242814131 1.509259976438447e-07 4.078208879159764e-05
26.44466867179741 1.399542080947561e-07 3.781737427866427e-05
26.6037461211513 1.297381106013543e-07 3.505685719357796e-05
26.76378049816449 1.202289112652443e-07 3.248735281582732e-05
26.92477755921884 1.113806471689365e-07 3.00964413912849e-05
27.08674309532363 1.031501691905632e-07 2.787246348852895e-05
27.24968293232387 9.549698264626938e-08 2.580447693842792e-05
27.41360293110984 8.838298331601183e-08 2.388218550501587e-05
27.57850898782788 8.177238750745703e-08 2.209591998788453e-05
27.74440703409252 7.563169431348681e-08 2.043662802369015e-05
27.91130303719981 6.992943436461465e-08 1.889580619591964e-05
28.07920300034196 6.463605676748599e-08 1.746546948426194e-05
28.24811296282329 5.972392276063051e-08 1.6138149550313e-05
28.41803900027744 5.516713712394919e-08 1.490684918231445e-05
28.58898722488593 5.094139893859685e-08 1.376500196861069e-05
28.76096378559799 4.702397468403771e-08 1.270646502813743e-05
28.93397486835177 4.339362657389545e-08 1.17254996458737e-05
29.1080266962968 4.003044867228755e-08 1.081672698942933e-05
29.28312553001787 3.691581138417394e-08 9.975113109644252e-06
29.4592776677602 3.403234609751084e-08 9.195964790706638e-06
29.63648944565603 3.136380596583538e-08 8.474891931869258e-06
29.81476723795246 2.889498882357002e-08 7.807786718202377e-06
29.99411745724076 2.66117270627324e-08 7.190820885154351e-06
30.17454655468706 2.450080622604839e-08 6.620423721394459e-06
30.35606102026435 2.254987105275831e-08 6.093256681216793e-06
30.53866738298595 2.074740120046859e-08 5.606206824281458e-06
30.72237221114033 1.90826814032427e-08 5.156378751958192e-06
30.90718211252742 1.754570739004296e-08 4.741069185314779e-06
31.09310373469621 1.612714777222414e-08 4.357756666642011e-06
31.28014376518396 1.481833607753009e-08 4.004099406940135e-06
31.46830893175665 1.361120011315235e-08 3.677916198935405e-06
31.65760600265105 1.249821311047173e-08 3.377173215779337e-06
31.84804178681812 1.147238390689294e-08 3.099981358057865e-06
32.03962313416796 1.052722066379154e-08 2.844586449927618e-06
32.23235693581619 9.656675879531933e-09 2.609354380946919e-06
32.42625012433181 8.855128634782955e-09 2.392766308538398e-06
32.62130967398656 8.117372731126845e-09 2.193415452893046e-06
32.81754260100581 7.438566619387068e-09 2.009993566979279e-06
33.01495596382091 6.81420946897775e-09 1.841284470182395e-06
33.21355686332307 6.240136072245594e-09 1.686162671394142e-06
33.4133524431188 5.712483721024563e-09 1.543584418644266e-06
33.61434988978685 5.227663290243023e-09 1.412579885530154e-06
33.81655643313671 4.782351655191821e-09 1.292251122268006e-06
34.01997934646867 4.373476643065394e-09 1.181767989411369e-06
34.22462594683541 3.998186997446633e-09 1.080360041879966e-06
34.43050359530524 3.653840992530292e-09 9.87313452380726e-07
34.63761969722685 3.338001543109209e-09 9.019696900650011e-07
34.84598170249565 3.048411559447614e-09 8.237188611076607e-07
35.0555971058218 2.782979856931279e-09 7.51995901318648e-07
35.26647344699975 2.539777717093484e-09 6.862796468892639e-07
35.47861831117944 2.317024452859377e-09 6.260889339409831e-07
35.69203932913916 2.113071379111913e-09 5.709782671722512e-07
35.90674417756002 1.926396741949005e-09 5.205364496804621e-07
36.12274057930207 1.755599833581107e-09 4.743849927338131e-07
36.34003630368208 1.599385657951027e-09 4.321739722303353e-07
36.55863916675303 1.456558270987547e-09 3.93580229151281e-07
36.77855703158521 1.326018516812138e-09 3.583067578559134e-07
36.9997978085491 1.206752802522388e-09 3.260796728878501e-07
37.22236945559986 1.097825260848906e-09 2.966460912271124e-07
37.4462799785636 9.983755329576318e-10 2.697735331756298e-07
37.67153743142533 9.076128928670487e-10 2.452483347014162e-07
37.89814991661868 8.248079124168325e-10 2.228733952090421e-07
38.12612558531732 7.492894192683547e-10 2.024673555533918e-07
38.35547263772817 6.804422582619792e-10 1.838639931304571e-07
38.58619932338635 6.176999884855462e-10 1.669102485340687e-07
38.81831394145193 5.605412382286875e-10 1.514652406190454e-07
39.05182484100842 5.084885438627327e-10 1.373999527520493e-07
39.2867404213631 4.611035917152005e-10 1.245959471066701e-07
39.52306913234914 4.179831088992585e-10 1.129442543142453e-07
39.76081947462954 3.787575361590027e-10 1.023450148500852e-07
40.00000000000288 3.430887787670806e-10 9.270687129793187e-08
