##########################################################################################
#
# SZ signal computed with SZpack v1.1.1
# Runmode: CNSN-basis
#
# General parameters:
# xmin= 0.1 xmax= 40 np= 1000
# Dtau= 0.01
# Te= 12keV (The ~ 0.0234834)
# betac= 0 muc= 1
# betao= 0 muo= 1
#
# Runmode specific parameters:
# eps= 0
# Te_order= 20 beta_order= 2
#
##########################################################################################
#
# Output format: x = (h nu/k T0) | x^3 Dn(x) | DI(x) in MJy/sr 
# Here a CMB temperature of T0 = 2.726 K is assumed.
#
##########################################################################################
0.1 -4.508457650553688e-06 -0.001218241542798487
0.1006015482792701 -4.562760779678123e-06 -0.001232914926232667
0.1012067151618632 -4.617716739156572e-06 -0.00124776471257873
0.1018155224154252 -4.673333349357761e-06 -0.00126279301499794
0.1024279919385451 -4.729618521290119e-06 -0.001278001971143537
0.1030441457615424 -4.786580258188271e-06 -0.001293393743589434
0.1036640060472596 -4.844226662019826e-06 -0.001308970521588427
0.1042875950918594 -4.902565930200211e-06 -0.001324734520184506
0.1049149353256267 -4.961606354646085e-06 -0.001340687979957071
0.1055460493137754 -5.02135632781032e-06 -0.001356833168651663
0.10618095975726 -5.081824343513688e-06 -0.001373172381404695
0.1068196894935924 -5.143018993398187e-06 -0.001389707939785098
0.1074622614976628 -5.204948970542989e-06 -0.001406442192771392
0.1081086988825668 -5.267623074973771e-06 -0.001423377518240379
0.1087590249004362 -5.33105020894921e-06 -0.001440516321693492
0.1094132629432757 -5.395239377790071e-06 -0.00145786103648083
0.1100714365438043 -5.460199697277684e-06 -0.001475414125800312
0.1107335693763015 -5.525940391270927e-06 -0.001493178082053763
0.1113996852574591 -5.59247078961002e-06 -0.001511155426280487
0.1120698081472377 -5.659800334042535e-06 -0.001529348709758555
0.1127439621497288 -5.727938581030402e-06 -0.001547760514763286
0.1134221715140214 -5.796895197083146e-06 -0.001566393453306236
0.1141044606350749 -5.866679961679246e-06 -0.001585250167924581
0.1147908540545956 -5.937302774600532e-06 -0.001604333333662963
0.1154813764619206 -6.008773651043096e-06 -0.001623645656752403
0.1161760526949047 -6.081102721479201e-06 -0.001643189874572979
0.1168749077408149 -6.154300239614433e-06 -0.001662968757803951
0.1175779667372284 -6.22837658152791e-06 -0.001682985110191437
0.118285254972937 -6.303342242225422e-06 -0.001703241767617027
0.118996797888857 -6.379207841157045e-06 -0.001723741599588708
0.119712621078944 -6.455984127336816e-06 -0.00174448751062427
0.1204327502911136 -6.533681973647706e-06 -0.001765482438712432
0.1211572114281675 -6.612312378907179e-06 -0.001786729355870987
0.1218860305487253 -6.691886476762546e-06 -0.001808231270550437
0.1226192338681618 -6.772415531283048e-06 -0.001829991226442917
0.12335684775955 -6.853910935557243e-06 -0.001852012302103191
0.1240988987546095 -6.936384219846268e-06 -0.001874297613151766
0.124845413544661 -7.019847052863754e-06 -0.001896850312620745
0.1255964189815867 -7.104311236844292e-06 -0.001919673589621257
0.1263519420787953 -7.189788712356867e-06 -0.001942770670644115
0.1271120100121947 -7.276291565919942e-06 -0.001966144821617499
0.1278766501211688 -7.363832023561778e-06 -0.001989799346166882
0.128645889909561 -7.452422451837058e-06 -0.002013737585889728
0.1294197570466637 -7.542075367878533e-06 -0.002037962923071577
0.1301982793682135 -7.63280343626999e-06 -0.002062478779841078
0.1309814848773924 -7.724619466064578e-06 -0.002087288617364306
0.1317694017458348 -7.817536418743996e-06 -0.002112395937995433
0.1325620583146414 -7.911567412197813e-06 -0.00213780428635199
0.1333594830953982 -8.006725714282805e-06 -0.00216351724757452
0.1341617047712022 -8.103024746667968e-06 -0.002189538448365548
0.1349687521976928 -8.200478094880877e-06 -0.002215871559704232
0.1357806544040905 -8.29909950168749e-06 -0.002242520295057505
0.13659744059424 -8.39890286677e-06 -0.002269488410293026
0.1374191401476617 -8.499902257474704e-06 -0.002296779706583387
0.1382457826206078 -8.602111907800553e-06 -0.002324398030132809
0.1390773977471256 -8.705546213576091e-06 -0.002352347270873887
0.1399140154401271 -8.810219739817751e-06 -0.002380631364455899
0.140755665792465 -8.916147227840295e-06 -0.00240925429416613
0.1416023790780148 -9.02334358745063e-06 -0.002438220088820547
0.1424541857527642 -9.131823899609535e-06 -0.002467532823483031
0.1433111164559082 -9.241603428519348e-06 -0.002497196622731619
0.1441732020109516 -9.352697615731415e-06 -0.002527215659066262
0.1450404734268171 -9.465122078080887e-06 -0.002557594152350787
0.1459129618989614 -9.57889261863321e-06 -0.002588336372770771
0.1467906988104967 -9.694025228605748e-06 -0.002619446641352784
0.1476737157333199 -9.810536080537697e-06 -0.002650929328118825
0.148562044429248 -9.928441534650247e-06 -0.002682788853804908
0.1494557168511607 -1.004775814929776e-05 -0.002715029692685101
0.1503547651441497 -1.016850267220654e-05 -0.002747656370204141
0.151259221646675 -1.029069204168787e-05 -0.002780673463305198
0.152169118891728 -1.041434340020252e-05 -0.00281408560409519
0.1530844896080017 -1.053947409027328e-05 -0.002847897478740286
0.1540053667210681 -1.066610165026217e-05 -0.002882113826324859
0.1549317833545624 -1.079424382498314e-05 -0.002916739441719174
0.1558637728313743 -1.092391857128438e-05 -0.002951779177087794
0.156801368674847 -1.105514404919948e-05 -0.002987237939498508
0.1577446046099826 -1.118793862695945e-05 -0.003023120692276659
0.1586935145646554 -1.132232089464904e-05 -0.00305943245869523
0.1596481326708324 -1.145830965528377e-05 -0.003096178319563762
0.1606084932658007 -1.159592392417747e-05 -0.003133363413057444
0.1615746308934029 -1.173518294334883e-05 -0.003170992938609954
0.1625465803052792 -1.187610618034946e-05 -0.00320907215659678
0.1635243764621181 -1.201871332154706e-05 -0.003247606386520246
0.1645080545349132 -1.216302428185445e-05 -0.003286601009638423
0.1654976499062288 -1.230905921451177e-05 -0.003326061471608402
0.1664931981714723 -1.245683850044087e-05 -0.003365993279609705
0.1674947351401746 -1.260638275162561e-05 -0.003406402003257707
0.1685022968372784 -1.275771282739951e-05 -0.00344729327900474
0.1695159195044337 -1.291084982660552e-05 -0.003488672808021575
0.1705356396013016 -1.30658150845748e-05 -0.003530546355381053
0.1715614938068656 -1.322263018769486e-05 -0.003572919753994572
0.172593519020751 -1.338131697622182e-05 -0.003615798905372002
0.1736317523645521 -1.3541897534872e-05 -0.003659189777079408
0.1746762311831677 -1.370439420113756e-05 -0.003703098404986039
0.1757269930461439 -1.386882957948987e-05 -0.003747530897102264
0.1767840757490262 -1.403522652952739e-05 -0.003792493430376982
0.1778475173147181 -1.420360816736284e-05 -0.003837992251072438
0.1789173559948495 -1.437399788375554e-05 -0.003884033679663819
0.1799936302711521 -1.45464193387899e-05 -0.003930624109401319
0.1810763788568441 -1.472089645592807e-05 -0.003977770004703083
0.1821656406980222 -1.48974534360161e-05 -0.004025477904939844
0.1832614549750625 -1.50761147650073e-05 -0.004073754426521884
0.1843638611040305 -1.525690520187947e-05 -0.004122606259634106
0.1854728987380978 -1.543984978507887e-05 -0.004172040169977278
0.1865886077689693 -1.562497385088524e-05 -0.004222063003730499
0.1877110283283176 -1.581230302145943e-05 -0.004272681684321506
0.1888402007892269 -1.600186320370114e-05 -0.004323903212118034
0.1899761657676448 -1.619368060835194e-05 -0.004375734669589681
0.1911189641238435 -1.638778174864817e-05 -0.004428183220943908
0.1922686369638894 -1.658419343102655e-05 -0.004481256109614582
0.1934252256411219 -1.678294276783091e-05 -0.004534960661695488
0.1945887717576404 -1.698405719059441e-05 -0.004589304289529352
0.1957593171658014 -1.718756443562334e-05 -0.004644294487812411
0.1969369039697233 -1.739349254819906e-05 -0.004699938834729814
0.1981215745268011 -1.760186990426351e-05 -0.00475624499781533
0.19931337144923 -1.781272520005045e-05 -0.004813220731149583
0.2005123376055381 -1.802608744769755e-05 -0.004870873874174367
0.2017185161221286 -1.824198599439171e-05 -0.004929212356865968
0.2029319503848305 -1.846045052636627e-05 -0.004988244200815253
0.2041526840404598 -1.868151105603687e-05 -0.005047977515751611
0.205380760998389 -1.890519793270913e-05 -0.005108420502436319
0.2066162254321268 -1.913154186161607e-05 -0.005169581457806676
0.2078591217809067 -1.9360573888009e-05 -0.005231468770677172
0.2091094947512857 -1.959232539863317e-05 -0.005294090922138213
0.2103673893187526 -1.982682814563874e-05 -0.005357456492017187
0.2116328507293451 -2.00641142396801e-05 -0.005421574157013788
0.2129059245012778 -2.030421614160129e-05 -0.005486452688453337
0.2141866564265795 -2.054716668064834e-05 -0.005552100957207964
0.2154750925727398 -2.079299906495265e-05 -0.00561852793652936
0.2167712792843669 -2.104174686517416e-05 -0.00568574269762895
0.2180752631848539 -2.129344402262056e-05 -0.00575375441187181
0.2193870911780562 -2.154812487356715e-05 -0.005822572357348195
0.2207068104499787 -2.180582413338054e-05 -0.00589220591458357
0.2220344684704725 -2.20665768945575e-05 -0.005962664566008669
0.2233701129949433 -2.233041865166073e-05 -0.006033957902697468
0.2247137920660681 -2.259738529975432e-05 -0.006106095623944406
0.2260655540155243 -2.286751312165621e-05 -0.006179087533819869
0.2274254474657272 -2.314083880423823e-05 -0.006252943545574637
0.2287935213315797 -2.341739945612636e-05 -0.006327673686422734
0.2301698248222314 -2.369723258836966e-05 -0.006403288092317917
0.2315544074428487 -2.398037611949481e-05 -0.006479797009319489
0.2329473189963953 -2.426686840388167e-05 -0.006557210801259719
0.2343486095854241 -2.455674821815812e-05 -0.006635539946067571
0.2357583296138787 -2.485005475488155e-05 -0.006714795034061345
0.237176529788907 -2.514682764724105e-05 -0.00679498677462353
0.2386032611226849 -2.544710697452878e-05 -0.00687612599767924
0.2400385749342508 -2.57509332447359e-05 -0.006958223648993404
0.2414825228513524 -2.60583474080322e-05 -0.007041290793813141
0.2429351568123028 -2.636939088177182e-05 -0.00712533862362461
0.2443965290678495 -2.668410552937202e-05 -0.007210378450445799
0.2458666921830531 -2.700253366167144e-05 -0.007296421707193536
0.2473456990391787 -2.732471806783749e-05 -0.007383479956035051
0.2488336028355976 -2.765070200644955e-05 -0.00747156488597856
0.250330457091701 -2.79805291939922e-05 -0.007560688309763962
0.2518363156488252 -2.83142438280214e-05 -0.007650862170122667
0.2533512326721881 -2.865189060100781e-05 -0.007742098543518207
0.2548752626528374 -2.899351467846471e-05 -0.007834409634236135
0.2564084604096108 -2.933916170886662e-05 -0.007927807777064167
0.2579508810911079 -2.968887785513271e-05 -0.008022305445799375
0.2595025801776736 -3.004270977378337e-05 -0.008117915247616054
0.261063613483394 -3.040070461168794e-05 -0.008214649922186902
0.2626340371581039 -3.076291003786314e-05 -0.008312522350275357
0.2642139076894062 -3.112937424156245e-05 -0.008411545553219324
0.2658032819047042 -3.150014591501166e-05 -0.008511732688266114
0.2674022169732455 -3.187527427376095e-05 -0.008613097054071806
0.2690107704081783 -3.225480907962522e-05 -0.008715652096900037
0.2706290000686201 -3.263880061512631e-05 -0.008819411403715964
0.2722569641617388 -3.302729968925705e-05 -0.00892438870374377
0.2738947212448469 -3.34203576736586e-05 -0.009030597878242235
0.2755423302275071 -3.38180264849557e-05 -0.009138052955731524
0.2771998503736515 -3.422035857575799e-05 -0.0092467681095616
0.2788673413037137 -3.462740696565876e-05 -0.009356757666288486
0.2805448629967726 -3.503922524833322e-05 -0.009468036107592321
0.2822324757927104 -3.545586756834766e-05 -0.009580618064010874
0.283930240394383 -3.58773886375468e-05 -0.009694518319367639
0.285638217869803 -3.630384376691239e-05 -0.009809751819380414
0.2873564696543368 -3.673528883896187e-05 -0.00992633366420307
0.2890850575529139 -3.717178030856517e-05 -0.01004427910864627
0.2908240437422505 -3.761337524170276e-05 -0.01016360357265038
0.2925734907730859 -3.806013130397106e-05 -0.01028432263817947
0.294333461572432 -3.851210674488493e-05 -0.01040645204497966
0.2961040194458372 -3.896936042636594e-05 -0.01053000769827704
0.2978852280796634 -3.94319518402685e-05 -0.01065500567351338
0.2996771515433765 -3.989994107965394e-05 -0.01078146220858408
0.3014798542918515 -4.037338885031688e-05 -0.01090939370695272
0.3032934011676903 -4.08523565101496e-05 -0.01103881674828783
0.3051178574035545 -4.133690604222981e-05 -0.01116974808119082
0.3069532886245115 -4.182710004957071e-05 -0.01130220462177743
0.3087997608503953 -4.232300179423277e-05 -0.01143620346424618
0.3106573404981812 -4.28246751947235e-05 -0.01157176188017579
0.3125260943843745 -4.333218480304038e-05 -0.01170889731232188
0.3144060897274139 -4.384559582902129e-05 -0.01184762738119674
0.3162973941500897 -4.436497416881323e-05 -0.01198796989276199
0.3182000756819758 -4.489038637177718e-05 -0.01212994282948578
0.3201142027618771 -4.542189964645282e-05 -0.0122735643519546
0.3220398442402905 -4.595958190484887e-05 -0.01241885281084105
0.3239770693818822 -4.650350173983412e-05 -0.01256582674079462
0.3259259478679787 -4.705372841251264e-05 -0.01271450485703033
0.3278865497990735 -4.761033188945146e-05 -0.01286490606538806
0.3298589456973481 -4.81733828511209e-05 -0.01301704946461332
0.3318432065092091 -4.874295266168217e-05 -0.0131709543381934
0.3338394036078401 -4.931911338779807e-05 -0.0133266401594403
0.3358476087957689 -4.990193783730081e-05 -0.01348412660193925
0.3378678943074497 -5.049149952395253e-05 -0.01364343353002657
0.3399003328118625 -5.108787266692295e-05 -0.01380458099864849
0.3419449974151257 -5.169113223708709e-05 -0.01396758926587142
0.3440019616631268 -5.230135394221493e-05 -0.01413247878887998
0.3460712995441669 -5.291861420600241e-05 -0.01429927021831091
0.3481530854916227 -5.354299020122404e-05 -0.01446798440721134
0.3502473943866234 -5.417455987042654e-05 -0.01463864241663048
0.3523543015607447 -5.481340188920677e-05 -0.01481126550569682
0.3544738827987177 -5.54595956784689e-05 -0.01498587513493018
0.3566062143411555 -5.611322145093262e-05 -0.01516249297880884
0.3587513728872951 -5.677436017722155e-05 -0.01534114091660618
0.3609094355977566 -5.744309357759574e-05 -0.0155218410301567
0.3630804800973185 -5.811950416727792e-05 -0.01570461561610372
0.3652645844777097 -5.880367525233553e-05 -0.01588948718478671
0.3674618273004187 -5.949569089998841e-05 -0.01607647845221801
0.369672287599519 -6.0195635965698e-05 -0.01626561234740265
0.3718960448845125 -6.090359612599568e-05 -0.01645691202120906
0.374133179143189 -6.161965783696197e-05 -0.01665040083514953
0.3763837708445035 -6.2343908339188e-05 -0.01684610236272096
0.3786479009414707 -6.307643570841797e-05 -0.01704404040308898
0.3809256508740766 -6.381732882719478e-05 -0.01724423897342636
0.3832171025722083 -6.456667736752727e-05 -0.01744672230422937
0.3855223384586003 -6.532457183235226e-05 -0.01765151485052143
0.3878414414518001 -6.609110356397741e-05 -0.01785864129413444
0.3901744949691499 -6.686636470606733e-05 -0.01806812653343692
0.3925215829297878 -6.765044822307654e-05 -0.0182799956885851
0.3948827897576659 -6.844344794337636e-05 -0.01849427411317631
0.3972582003845871 -6.924545851584882e-05 -0.0187109873825201
0.3996479002532602 -7.005657540661135e-05 -0.01893016129275327
0.402051975320373 -7.087689494981265e-05 -0.01915182187456545
0.4044705120596843 -7.170651432849727e-05 -0.01937599538802856
0.4069035974651345 -7.254553154748458e-05 -0.01960270831526833
0.4093513190539743 -7.339404546827907e-05 -0.01983198736989752
0.4118137648699132 -7.425215583045491e-05 -0.02006385950279425
0.4142910234862858 -7.511996320667022e-05 -0.02029835188994634
0.4167831840092382 -7.599756901343919e-05 -0.02053549193536206
0.4192903360809331 -7.688507556070908e-05 -0.02077530728446644
0.4218125698827739 -7.778258601070056e-05 -0.02101782581297942
0.4243499761386489 -7.869020436522667e-05 -0.0212630756234893
0.4269026461181943 -7.960803551274564e-05 -0.02151108505816697
0.429470671640077 -8.053618522089615e-05 -0.02176188269674884
0.4320541450752978 -8.1474760099746e-05 -0.02201549734660621
0.4346531593505136 -8.242386762789407e-05 -0.0222719580497983
0.43726780795138 -8.338361618524246e-05 -0.02253129409192773
0.4398981849259138 -8.435411500349943e-05 -0.02279353498876576
0.4425443848878763 -8.533547416769299e-05 -0.02305871048666131
0.4452065030201759 -8.632780466694338e-05 -0.02332685057626032
0.4478846350782926 -8.7331218359955e-05 -0.0235979854831812
0.4505788773937215 -8.834582795199488e-05 -0.02387214566179417
0.4532893268774382 -8.937174703462118e-05 -0.02414936180595637
0.4560160810233846 -9.040909009055934e-05 -0.02442966485032947
0.458759237911976 -9.145797244853343e-05 -0.02471308595817454
0.4615188962136283 -9.251851029898738e-05 -0.02499965652560007
0.464295155192308 -9.35908207344351e-05 -0.0252894081924652
0.4670881147091019 -9.467502169905681e-05 -0.02558237282875987
0.4698978752258099 -9.577123198031476e-05 -0.02587858253233937
0.4727245378085577 -9.687957125560968e-05 -0.02617806964153149
0.4755682041314329 -9.800016006739797e-05 -0.02648086672841286
0.4784289764801414 -9.913311978991251e-05 -0.0267870065898165
0.4813069577556875 -0.0001002785726585157 -0.02709652225526334
0.4842022514780743 -0.0001014366417852558 -0.02740944699116586
0.487114961790028 -0.0001026074511076302 -0.02772581428698311
0.4900451934607434 -0.0001037911253932459 -0.02804565785648015
0.4929930518896525 -0.0001049877902816365 -0.02836901164902753
0.4959586431102161 -0.0001061975722373069 -0.02869590983691329
0.4989420737937372 -0.000107420598530916 -0.02902638681025835
0.5019434512531983 -0.0001086569972769329 -0.02936047718719175
0.504962883447121 -0.0001099068974190767 -0.02969821580991618
0.5080004789834501 -0.0001111704286881507 -0.03003963773331427
0.5110563471234592 -0.0001124477216188296 -0.03038477822948476
0.5141305977856812 -0.0001137389075715056 -0.03073367279364564
0.5172233415498623 -0.0001150441186784065 -0.03108635712957446
0.520334689660939 -0.0001163634878371717 -0.03144286714787252
0.52346475403304 -0.0001176971487468794 -0.03180323897569989
0.5266136472535116 -0.0001190452358680032 -0.03216750894595521
0.5297814825869668 -0.0001204078843934575 -0.03253571358945178
0.5329683739793606 -0.0001217852302731653 -0.03290788964155607
0.5361744360620875 -0.0001231774102075178 -0.03328407404042035
0.5393997841561053 -0.0001245845615990638 -0.03366430391392877
0.5426445342760833 -0.0001260068225557049 -0.0340486165805605
0.5459088031345746 -0.0001274443319116732 -0.03443704955505834
0.5491927081462149 -0.0001288972291750416 -0.03482964053424524
0.5524963674319456 -0.000130365654510582 -0.03522642739239251
0.5558198998232626 -0.0001318497487632177 -0.03562744818755672
0.5591634248664905 -0.0001333496534253808 -0.03603274115275955
0.5625270628270829 -0.0001348655105998821 -0.03644234468595448
0.565910934693948 -0.000136397463008473 -0.03685629735234061
0.5693151621838011 -0.0001379456539874842 -0.03727463788318394
0.5727398677455418 -0.0001395102274373041 -0.03769740516216595
0.5761851745646592 -0.0001410913278122993 -0.03812463822265991
0.5796512065676627 -0.0001426891001316066 -0.03855637625064705
0.5831380884265391 -0.0001443036899314345 -0.03899265857182788
0.5866459455632378 -0.0001459352432384497 -0.03943352464443078
0.5901749041541815 -0.0001475839065750232 -0.03987901406062969
0.5937250911348052 -0.0001492498269304423 -0.04032916653876509
0.5972966342041217 -0.0001509331517193929 -0.04078402191212547
0.6008896618293151 -0.0001526340287732229 -0.04124362012658667
0.6045043032503616 -0.0001543526063282812 -0.04170800123746081
0.6081406884846782 -0.0001560890329777122 -0.04217720539647056
0.6117989483317994 -0.0001578434576495502 -0.04265127284583013
0.6154792143780822 -0.0001596160295977798 -0.04313024391582952
0.619181619001439 -0.000161406898359635 -0.0436141590132962
0.6229062953760992 -0.0001632162137226538 -0.04410305861269299
0.6266533774773996 -0.0001650441257078393 -0.04459698325156781
0.6304230000866031 -0.0001668907845363486 -0.0450959735215528
0.6342152987957473 -0.0001687563405890195 -0.0456000700574277
0.6380304100125211 -0.000170640944380985 -0.04610931353026058
0.6418684709651717 -0.0001725447465303089 -0.04662374463893263
0.6457296197074404 -0.0001744678977157236 -0.04714340409871855
0.6496139951235281 -0.0001764105486456896 -0.04766833263292582
0.6535217369330918 -0.0001783728500217979 -0.04819857096300577
0.6574529856962692 -0.0001803549524957324 -0.04873415979692421
0.6614078828187353 -0.0001823570066357298 -0.04927513982009842
0.6653865705567885 -0.0001843791628861386 -0.04982155168446963
0.6693891920224675 -0.0001864215715161437 -0.05037343599464757
0.673415891188699 -0.0001884843825866467 -0.05093083329896133
0.6774668128944764 -0.0001905677459108652 -0.05149378407881264
0.6815421028500694 -0.0001926718109899353 -0.05206232873127486
0.6856419076422656 -0.0001947967269765142 -0.05263650755925813
0.6897663747396426 -0.0001969426426400035 -0.05321636076211202
0.693915652497873 -0.0001991097062969809 -0.05380192841682747
0.6980898901650602 -0.0002012980657557604 -0.05439325046305623
0.702289237887107 -0.0002035078682904547 -0.05499036669610223
0.7065138467131162 -0.0002057392605783303 -0.05559331674999402
0.7107638686008243 -0.0002079923886128189 -0.0562021400739795
0.7150394564220665 -0.0002102673976832111 -0.05681687592703889
0.7193407639682761 -0.0002125644323259037 -0.05743756336471102
0.7236679459560159 -0.0002148836362156314 -0.05806424120970288
0.728021158032544 -0.000217225152127601 -0.05869694804165785
0.7324005567814114 -0.0002195891219076904 -0.05933572218910305
0.736806299728095 -0.0002219756863681283 -0.05998060170126055
0.7412385453456634 -0.0002243849852003695 -0.06063162432450548
0.7456974530604773 -0.0002268171569665661 -0.06128882750006117
0.7501831832579239 -0.0002292723390192522 -0.06195224834229712
0.754695897288186 -0.000231750667358972 -0.0626219236002583
0.7592357574720454 -0.000234252276628028 -0.06329788965597569
0.7638029271067222 -0.0002367773000601777 -0.06398018251087399
0.7683975704717476 -0.0002393258693200763 -0.0646688377423868
0.7730198528348741 -0.0002418981144472195 -0.06536389048880929
0.7776699404580188 -0.0002444941638437043 -0.06606537544599113
0.7823480006032453 -0.0002471141441377996 -0.06677332683047141
0.7870542015387785 -0.0002497581800393706 -0.06748777834041271
0.7917887125450584 -0.0002524263943582805 -0.06820876316057323
0.7965517039208285 -0.0002551189079137653 -0.06893631393781893
0.8013433469892614 -0.0002578358393196775 -0.06967046272309357
0.8061638141041211 -0.0002605773049839854 -0.07041124097128348
0.8110132786559631 -0.0002633434190698349 -0.07115867953069591
0.8158919150783704 -0.0002661342932810836 -0.0719128085851078
0.8207998988542287 -0.0002689500367610718 -0.07267365762641231
0.8257374065220374 -0.0002717907561134238 -0.07344125546023954
0.8307046156822607 -0.0002746565552411134 -0.07421563016247021
0.8357017050037151 -0.000277547535114931 -0.07499680901667245
0.8407288542299962 -0.0002804637938242402 -0.07578481852781693
0.8457862441859444 -0.0002834054264869822 -0.07657968439795884
0.8508740567841485 -0.0002863725249520608 -0.07738143144581866
0.8559924750314897 -0.0002893651777827678 -0.07819008360230346
0.8611416830357236 -0.000292383470248119 -0.07900566390816592
0.8663218660121029 -0.0002954274840590034 -0.07982819444270833
0.8715332102900397 -0.0002984972971852333 -0.08065769627434737
0.8767759033198074 -0.0003015929839256112 -0.08149418947954709
0.882050133679283 -0.0003047146147348553 -0.08233769309605189
0.8873560910807308 -0.0003078622558775124 -0.08318822502936964
0.8926939663776258 -0.00031103596950596 -0.08404580207384864
0.8980639515715189 -0.0003142358135881597 -0.08491043989315583
0.9034662398189428 -0.0003174618415249004 -0.08578215291685105
0.9089010254383604 -0.0003207141020810087 -0.08666095432179925
0.9143685039171535 -0.0003239926394306871 -0.08754685604442143
0.9198688719186553 -0.0003272974928564991 -0.08843986869935667
0.9254023272892237 -0.0003306286964417607 -0.0893400014963425
0.9309690690653579 -0.0003339862792028893 -0.09024726227597708
0.9365692974808579 -0.0003373702649202625 -0.09116165746401536
0.9422032139740265 -0.0003407806716607977 -0.09208319194236403
0.9478710211949153 -0.0003442175118588286 -0.09301186907093521
0.9535729230126136 -0.0003476807922879255 -0.09394769068003221
0.9593091245225821 -0.0003511705136006087 -0.09489065694597415
0.9650798320540293 -0.0003546866701576075 -0.09584076634495965
0.9708852531773335 -0.0003582292501533025 -0.09679801568696303
0.9767255967115094 -0.0003617982352975531 -0.09776240002975989
0.9826010727317186 -0.0003653936003408101 -0.09873391255060686
0.9885118925768263 -0.0003690153132713753 -0.09971254459954339
0.9944582688570029 -0.000372663335172198 -0.1006982856606966
1.000440415461372 -0.0003763376196101188 -0.101691123187247
1.006458547565703 -0.0003800381126736166 -0.1026910426116286
1.012512881640152 -0.0003837647530235039 -0.1036980273592272
1.018603635457047 -0.0003875174713741891 -0.104712058708211
1.024731028098722 -0.0003912961901615071 -0.105733115699774
1.030895279965397 -0.0003951008237722366 -0.1067611752001553
1.037096612783106 -0.0003989312782352017 -0.1077962118171697
1.043335249611672 -0.0004027874505481339 -0.1088381977183185
1.04961141485273 -0.0004066692289213863 -0.1098871026966434
1.055925334257799 -0.0004105764926931563 -0.110942894147819
1.062277234936404 -0.0004145091115987457 -0.1120055368726975
1.068667345364243 -0.0004184669457006033 -0.1130749930584055
1.075095895391404 -0.0004224498455572098 -0.114151222323979
1.081563116250635 -0.0004264576516770761 -0.1152341815728262
1.088069240565661 -0.0004304901939641345 -0.1163238248428662
1.094614502359551 -0.0004345472920659837 -0.1174201034006285
1.101199137063137 -0.0004386287551046985 -0.1185229656685148
1.107823381523478 -0.0004427343808009417 -0.1196323569881228
1.114487474012384 -0.0004468639557126802 -0.1207482196847504
1.121191654234987 -0.0004510172552553907 -0.1218704930728556
1.127936163338358 -0.0004551940428813738 -0.122999113234297
1.134721243920186 -0.0004593940698240672 -0.1241340129492435
1.141547140037501 -0.0004636170754235484 -0.1252751217841301
1.148414097215454 -0.0004678627865950773 -0.1264223659480505
1.155322362456149 -0.0004721309170031488 -0.1275756680695766
1.162272184247527 -0.0004764211675220122 -0.1287349473211961
1.169263812572304 -0.0004807332260452019 -0.1299001193678455
1.176297498916961 -0.0004850667664303857 -0.1310710960817951
1.183373496280794 -0.0004894214486527926 -0.1322477855841065
1.19049205918501 -0.0004937969189859788 -0.1334300922934786
1.197653443681885 -0.0004981928091388119 -0.1346179166930496
1.204857907363973 -0.0005026087357331174 -0.1358111551892504
1.212105709373372 -0.0005070443008151289 -0.1370097002500051
1.219397110411042 -0.0005114990913870149 -0.1382134402781435
1.22673237274619 -0.0005159726782923113 -0.1394222593102314
1.234111760225694 -0.0005204646167462459 -0.1406360371598702
1.241535538283603 -0.0005249744462777751 -0.1418546494020355
1.249003973950675 -0.0005295016895440183 -0.1430779670527214
1.256517335863991 -0.0005340458523009904 -0.1443058565610328
1.264075894276612 -0.0005386064238004282 -0.1455381799164126
1.271679921067302 -0.0005431828759480295 -0.1467747944211873
1.279329689750306 -0.0005477746624476457 -0.1480155524593174
1.287025475485191 -0.0005523812195075238 -0.1492603016872327
1.294767555086741 -0.0005570019654850617 -0.1505088849378404
1.302556207034913 -0.0005616362995184105 -0.1517611398507676
1.310391711484858 -0.0005662836020364345 -0.1530168990101585
1.318274350276994 -0.0005709432349038081 -0.1542759899838814
1.326204406947145 -0.0005756145401780481 -0.1555382349876631
1.334182166736741 -0.0005802968397974231 -0.1568034508007587
1.342207916603075 -0.0005849894362390729 -0.1580714489437831
1.350281945229628 -0.0005896916117726376 -0.1593420354770325
1.358404543036452 -0.0005944026272417119 -0.1606150106712184
1.366576002190616 -0.0005991217229371544 -0.1618901692434462
1.374796616616712 -0.000603848118414501 -0.1631673003078783
1.383066682007434 -0.0006085810109513608 -0.1644461869589031
1.391386495834208 -0.0006133195759193882 -0.1657266063716465
1.399756357357896 -0.0006180629672056607 -0.1670083299158337
1.408176567639557 -0.0006228103160068007 -0.1682911228299455
1.416647429551278 -0.0006275607301533587 -0.1695747440386584
1.425169247787069 -0.0006323132950512815 -0.170858946407241
1.433742328873819 -0.0006370670731064486 -0.1721434765860566
1.442366981182327 -0.0006418211021792649 -0.1734280745929748
1.45104351493839 -0.0006465743965453616 -0.174712474072965
1.459772242233963 -0.0006513259469597506 -0.1759964023154315
1.468553477038385 -0.0006560747190540293 -0.1772795798211184
1.477387535209671 -0.0006608196534528415 -0.1785617203335788
1.486274734505876 -0.0006655596665303731 -0.1798425310435891
1.495215394596523 -0.0006702936493498019 -0.1811217123025755
1.504209837074101 -0.0006750204665917438 -0.1823989573330667
1.513258385465633 -0.0006797389577633626 -0.1836739525554102
1.522361365244312 -0.0006844479368622425 -0.1849463774969467
1.531519103841213 -0.0006891461906242031 -0.1862159043185476
1.540731930657063 -0.0006938324794386859 -0.1874821980619642
1.550000177074097 -0.0006985055377435439 -0.1887449167565045
1.55932417646797 -0.0007031640725014643 -0.1900037110073438
1.568704264219756 -0.0007078067629732191 -0.1912582239342539
1.578140777728008 -0.0007124322618375665 -0.1925080914742147
1.587634056420891 -0.0007170391943845204 -0.1937529421634256
1.597184441768398 -0.0007216261570953875 -0.1949923967536134
1.606792277294626 -0.0007261917190505527 -0.1962260685924337
1.616457908590138 -0.0007307344219028434 -0.1974535636162741
1.626181683324388 -0.0007352527780948396 -0.1986744798685482
1.635963951258232 -0.0007397452715930702 -0.1998884076980854
1.645805064256506 -0.0007442103586782102 -0.2010949299726514
1.655705376300682 -0.0007486464666532647 -0.202293621729884
1.665665243501602 -0.0007530519932522316 -0.2034840500175061
1.675685024112287 -0.0007574253081052432 -0.204665774289225
1.685765078540822 -0.0007617647522770999 -0.2058383462800391
1.695905769363321 -0.0007660686366525847 -0.2070013095699289
1.70610746133697 -0.0007703352434167997 -0.2081541999838631
1.716370521413142 -0.000774562826408576 -0.2092965456872941
1.726695318750602 -0.0007787496095127465 -0.2104278667517297
1.737082224728785 -0.0007828937871242144 -0.2115476752801309
1.747531612961148 -0.0007869935253531422 -0.2126554757325684
1.758043859308618 -0.0007910469611103824 -0.213750764679095
1.768619341893104 -0.0007950522012330586 -0.2148330305634664
1.779258441111101 -0.0007990073242189845 -0.2159017541718029
1.789961539647373 -0.0008029103801722032 -0.2169564086178737
1.800729022488719 -0.000806759389250416 -0.2179964589235722
1.811561276937818 -0.0008105523430634402 -0.2190213623967976
1.822458692627162 -0.0008142872054579625 -0.2200305688435043
1.83342166153307 -0.0008179619112933917 -0.2210235202369224
1.844450577989788 -0.0008215743666401533 -0.2219996507711394
1.855545838703674 -0.0008251224503551978 -0.2229583872868219
1.866707842767465 -0.0008286040136573022 -0.2238991491564571
1.877936991674634 -0.000832016879178684 -0.2248213480280871
1.88923368933383 -0.0008353588428345807 -0.225724388330492
1.90059834208341 -0.0008386276742133123 -0.2266076673785907
1.912031358706049 -0.0008418211153794801 -0.2274705750500492
1.923533150443451 -0.0008449368820975957 -0.2283124941159211
1.935104131011135 -0.000847972665034697 -0.2291328005656094
1.946744716613318 -0.0008509261291013915 -0.2299308634288078
1.958455325957888 -0.0008537949135236535 -0.2307060447949017
1.970236380271462 -0.0008565766336701624 -0.2314577003067374
1.982088303314539 -0.0008592688811718372 -0.2321851791929221
1.994011521396743 -0.0008618692232316406 -0.2328878240813242
2.006006463392153 -0.0008643752044676553 -0.2335649714970955
2.018073560754737 -0.0008667843477443044 -0.2342159520872774
2.030213247533863 -0.0008690941536066746 -0.234840090467948
2.042425960389917 -0.0008713021013663966 -0.2354367055176406
2.05471213861001 -0.0008734056506159445 -0.2360051107865262
2.067072224123773 -0.0008754022412521281 -0.2365446145027611
2.079506661519261 -0.0008772892937159884 -0.2370545196373103
2.092015898058938 -0.0008790642108888155 -0.2375341244162747
2.104600383695769 -0.0008807243787385954 -0.2379827224955695
2.117260571089404 -0.0008822671662803478 -0.2383996029502065
2.129996915622458 -0.0008836899272848175 -0.2387840507360044
2.142809875416892 -0.0008849900014672002 -0.2391353470107967
2.155699911350493 -0.000886164714758356 -0.2394527692077175
2.16866748707345 -0.0008872113804651282 -0.2397355913487342
2.181713069025031 -0.0008881273008903133 -0.239983084482383
2.194837126450363 -0.0008889097680562885 -0.2401945168793025
2.208040131417308 -0.0008895560645403966 -0.2403691542579653
2.221322558833443 -0.0008900634652334273 -0.2405062602598413
2.234684886463145 -0.0008904292384196145 -0.2406050967412266
2.248127594944775 -0.0008906506467236075 -0.2406649240291266
2.261651167807962 -0.0008907249487463773 -0.240685001363299
2.275256091491004 -0.0008906494004009149 -0.2406645872571754
2.288942855358358 -0.0008904212561066609 -0.2406029398206117
2.302711951718243 -0.0008900377704216335 -0.240499317200909
2.316563875840352 -0.000889496199482236 -0.2403529779718679
2.330499125973664 -0.000888793802324328 -0.2401631814907582
2.344518203364364 -0.00088792784278614 -0.2399291884125103
2.358621612273878 -0.0008868955909931221 -0.23965026109094
2.372809859997005 -0.0008856943246674647 -0.2393256639325967
2.387083456880169 -0.0008843213312572524 -0.2389546639720883
2.401442916339774 -0.0008827739097829588 -0.2385365313710265
2.415888754880671 -0.0008810493719793557 -0.2380705397265851
2.430421492114737 -0.0008791450443367898 -0.2375559666230785
2.445041650779565 -0.0008770582707377912 -0.2369920943444063
2.459749756757268 -0.0008747864134103779 -0.2363782101316476
2.474546339093393 -0.0008723268546232744 -0.2357136066411309
2.489431930015952 -0.0008696770000155586 -0.234997582844146
2.504407064954564 -0.0008668342798749294 -0.2342294443723475
2.519472282559719 -0.0008637961503185652 -0.2334085038368381
2.534628124722145 -0.0008605600965947298 -0.2325340817203035
2.549875136592308 -0.0008571236356347308 -0.2316055070665831
2.565213866600017 -0.0008534843165686459 -0.2306221176200262
2.580644866474148 -0.0008496397233560954 -0.2295832605363592
2.596168691262497 -0.0008455874789652709 -0.2284882935119117
2.611785899351737 -0.0008413252456250808 -0.2273365848517488
2.627497052487508 -0.0008368507265374538 -0.2261275139323574
2.64330271579462 -0.0008321616707424982 -0.2248604725162728
2.659203457797384 -0.0008272558745315366 -0.2235348651338983
2.675199850440056 -0.0008221311819894998 -0.2221501092300668
2.691292469107416 -0.0008167854892130366 -0.2207056363038266
2.707481892645458 -0.0008112167481840261 -0.2192008929551131
2.723768703382218 -0.000805422966219862 -0.2176353407362086
2.740153487148712 -0.0007994022087776555 -0.2160084569094728
2.756636833300016 -0.0007931526055044244 -0.2143197360821796
2.77321933473646 -0.0007866723498238661 -0.2125686900948578
2.789901587924954 -0.000779959700144253 -0.21075484834768
2.806684192920446 -0.0007730129860470322 -0.2088777594726988
2.823567753387507 -0.0007658306104071834 -0.2069369919067944
2.840552876622036 -0.0007584110487066134 -0.2049321337061455
2.857640173573115 -0.0007507528536678807 -0.2028627937983188
2.874830258864976 -0.0007428546610043635 -0.2007286035360367
2.892123750819116 -0.0007347151874926204 -0.1985292161763051
2.909521271476531 -0.0007263332334173692 -0.1962643075410768
2.927023446620097 -0.0007177076903964235 -0.1939335781316475
2.944630905797074 -0.0007088375407009275 -0.1915367529449748
2.962344282341753 -0.0006997218572824762 -0.1890735814810058
2.980164213398238 -0.0006903598107390921 -0.1865438396249715
2.998091339943359 -0.0006807506728001322 -0.1839473305890522
3.016126306809736 -0.0006708938138647098 -0.1812838842472282
3.034269762708964 -0.000660788707366882 -0.1785533583148076
3.052522360254954 -0.0006504349376381702 -0.1757556404729783
3.070884755987404 -0.0006398321965888018 -0.1728906474720372
3.089357610395416 -0.0006289802851437526 -0.1699583255194276
3.107941587941251 -0.000617879122284627 -0.1669586527229675
3.126637357084233 -0.0006065287447558869 -0.1638916390114692
3.14544559030479 -0.0005949293052095398 -0.1607573256334109
3.164366964128648 -0.0005830810791188899 -0.1575557870251185
3.183402159151157 -0.0005709844701273652 -0.1542871322560856
3.202551860061779 -0.0005586400054728262 -0.1509515037925644
3.221816755668715 -0.0005460483393399214 -0.147549078403414
3.241197538923678 -0.0005332102624746017 -0.1440800697580623
3.260694906946819 -0.0005201266979060844 -0.1405447272705274
3.280309561051807 -0.0005067987006366331 -0.1369433360155921
3.300042206771049 -0.0004932274669441031 -0.1332762192424677
3.319893553881069 -0.0004794143351533484 -0.1295437385832379
3.339864316428041 -0.0004653607813537157 -0.1257462928956726
3.359955212753471 -0.000451068425281614 -0.1218843198527708
3.380166965520037 -0.0004365390375816596 -0.1179582979048135
3.400500301737581 -0.0004217745331553848 -0.1139687444821012
3.42095595278926 -0.0004067769728042353 -0.1099162164389124
3.441534654457853 -0.0003915485735611913 -0.1058013128452369
3.46223714695223 -0.0003760917042540621 -0.1016246737879223
3.483064174933973 -0.0003604088827648413 -0.09738697963011746
3.504016487544163 -0.00034450278439507 -0.09308895327169867
3.525094838430328 -0.0003283762441013891 -0.08873136075334306
3.546299985773546 -0.000312032249594587 -0.08431500939180565
3.567632692315724 -0.0002954739452663432 -0.07984074884097421
3.589093725387028 -0.0002787046407082682 -0.07530947339382033
3.610683856933487 -0.0002617278025205352 -0.0707221197689894
3.632403863544755 -0.0002445470536355317 -0.0660796669280429
3.654254526482051 -0.0002271661829277865 -0.06138313867218046
3.676236631706256 -0.0002095891413984549 -0.05663360261124038
3.698350969906183 -0.0001918200366116512 -0.05183216866032696
3.720598336527025 -0.0001738631389214533 -0.04697999072242517
3.742979531798957 -0.000155722885236688 -0.04207826770569227
3.765495360765927 -0.0001374038693044122 -0.03712824089793354
3.788146633314612 -0.0001189108430374569 -0.03213119432532089
3.810934164203546 -0.0001002487256956062 -0.02708845723326225
3.833858773092431 -8.142259452276231e-05 -0.02200140155644663
3.856921284571616 -6.243768123837781e-05 -0.01687144097078521
3.880122528191761 -4.329937952761575e-05 -0.01170003291734628
3.903463338493672 -2.401324227097323e-05 -0.006488677853764817
3.926944555038322 -4.584973396918055e-06 -0.001238917052723229
3.950567022437048 1.497956899884628e-05 0.004047666555184286
3.974331590381932 3.467436881222896e-05 0.009369447343524632
3.998239113676364 5.449326257672278e-05 0.01472475986670007
4.02229045226579 7.442994098080623e-05 0.02011189926996918
4.046486471268643 9.4477942549876e-05 0.02552911958222622
4.070828041007458 0.0001146306619935128 0.03097463597153645
4.095316037040186 0.0001348813562101852 0.03644662636768213
4.119951340191675 0.0001552231403497761 0.04194323039820809
4.144734836585366 0.0001756489901560388 0.04746255002138249
4.169667417675155 0.0001961517518234514 0.05300265218964194
4.194749980277468 0.0002167241422575453 0.05856156891993561
4.219983426603512 0.0002373587465822471 0.06413729662017779
4.24536866429173 0.0002580480289945856 0.06972779902232537
4.270906606440451 0.0002787843369228241 0.07533100830595681
4.296598171640729 0.0002995598983287018 0.08094482436930453
4.322444284009386 0.0003203668292469441 0.08656711686652428
4.348445873222255 0.0003411971416261144 0.0921957273263915
4.374603874547618 0.0003620427434333794 0.09782846918061003
4.400919228879844 0.0003828954415809716 0.1034631285545789
4.42739288277324 0.0004037469521494044 0.1090974670298325
4.454025788476091 0.0004245889037345296 0.1147292225484579
4.480818903964917 0.0004454128381747353 0.1203561096095918
4.50777319297893 0.0004662102204114236 0.1259758219338456
4.534889625054696 0.00048697244450537 0.1315860340890005
4.562169175561013 0.0005076908354479779 0.1371844019794309
4.589612825733993 0.0005283566563527775 0.1427685647893373
4.617221562712357 0.0005489611166292365 0.1483361471914124
4.644996379572944 0.0005694953758419527 0.1538847603896424
4.672938275366425 0.0005899505489267053 0.1594120035287498
4.701048255153248 0.0006103177151338368 0.1649154661108065
4.729327330039782 0.0006305879234640722 0.1703927294640599
4.757776517214689 0.0006507521979609858 0.175841368173024
4.786396839985513 0.0006708015460584945 0.1812589523340759
4.815189327815487 0.000690726964971519 0.1866430492822923
4.844155016360561 0.0007105194478760356 0.1919912252613768
4.873294947506656 0.000730169991975952 0.1973010476034303
4.902610169407141 0.0007496696050871726 0.2025700865080476
4.932101736520533 0.0007690093120853402 0.207795916784578
4.961770709648425 0.0007881801639950867 0.2129761203081539
4.991618155973645 0.0008071732443191473 0.2181082877298968
5.021645149098641 0.0008259796750088168 0.2231900200902089
5.051852769084097 0.0008445906264516826 0.2282189315175837
5.082242102487784 0.0008629973248311975 0.2331926512172537
5.112814242403641 0.0008811910568466736 0.2381088247465922
5.1435702885011 0.0008991631790201488 0.2429651165299448
5.174511347064628 0.0009169051281794804 0.2477592126912922
5.205638531033534 0.0009344084245942516 0.2524888219016108
5.23695296004199 0.0009516646792062303 0.2571516773326336
5.26845576045931 0.0009686656072248025 0.2617455403305056
5.300148065430462 0.0009854030314427672 0.266268201311753
5.332031014916829 0.001001868886717375 0.2707174809741163
5.364105755737212 0.001018055233463346 0.2750912339425314
5.39637344160908 0.001033954265294177 0.2793873508339066
5.42883523319007 0.001049558309948931 0.2836037585075531
5.461492298119737 0.001064859839638075 0.2877384228607582
5.494345811061548 0.00107985148504263 0.2917893526115324
5.52739695374514 0.001094526033824221 0.2957545988960042
5.560646915008824 0.001108876436563103 0.2996322568729508
5.594096890842349 0.001122895823953825 0.3034204703702796
5.627748084429916 0.00113657750792426 0.3071174321874052
5.661601706193463 0.00114991498243577 0.3107213843114628
5.695658973836199 0.001162901938229691 0.3142306219019944
5.729921112386407 0.00117553227212196 0.3176434958024707
5.764389354241504 0.001187800082561766 0.3209584113401853
5.799064939212376 0.001199699678598207 0.324173830749156
5.833949114567966 0.001211225597268458 0.3272882778686254
5.869043135080146 0.001222372597540618 0.3303003365063423
5.904348263068843 0.001233135662907803 0.3332086511395185
5.939865768447451 0.001243510019926678 0.336011931924171
5.975596928768503 0.00125349113868028 0.3387089548201828
6.01154302926963 0.001263074728159889 0.341298560343427
6.047705362919785 0.001272256749526261 0.3437796571491169
6.084085230465758 0.001281033427727619 0.3461512251711333
6.120683940478954 0.001289401241235886 0.3484123128486253
6.15750280940247 0.001297356927534655 0.3505620386089288
6.194543161598441 0.001304897502088713 0.3525995959933695
6.231806329395683 0.001312020249199278 0.3545242511862318
6.269293653137611 0.001318722719570353 0.3563353423571595
6.307006481230453 0.001325002747260664 0.35803228424178
6.344946170191752 0.001330858450913486 0.359614568474018
6.383114084699157 0.001336288223062792 0.3610817606964851
6.421511597639515 0.001341290739439845 0.3624335030752359
6.460140090158249 0.001345864972261755 0.3636695178905018
6.499000951709037 0.0013500101751347 0.3647896034573537
6.538095580103793 0.00135372588369047 0.3657936342977043
6.577425381562945 0.0013570119331718 0.3666815658920836
6.616991770766014 0.001359868448390961 0.3674534319663256
6.656796170902505 0.001362295835516354 0.3681093422722024
6.696840013723089 0.001364294794707155 0.3686494860014649
6.737124739591115 0.001365866322618978 0.3690741324629028
6.777651797534409 0.001367011696422751 0.3693836267640456
6.818422645297399 0.001367732477661656 0.3695783908533557
6.859438749393552 0.001368030525129725 0.369658927000187
6.900701585158119 0.001367907977225006 0.3696258130263887
6.942212636801205 0.001367367247277648 0.369479701043896
6.983973397461158 0.001366411036802532 0.3692213210357567
7.025985369258271 0.001365042326302742 0.3688514783711143
7.068250063348816 0.001363264361949655 0.3683710502060013
7.110768999979402 0.001361080662172084 0.3677809872638084
7.153543708541653 0.001358495020637816 0.367082314640934
7.196575727627224 0.001355511487144505 0.3662761266432635
7.239866605083138 0.001352134365901979 0.3653635863220282
7.28341789806747 0.001348368225110186 0.3643459280618853
7.327231173105349 0.001344217879591158 0.3632244528878585
7.37130800614531 0.00133968838145348 0.3620005259427602
7.41564998261598 0.001334785027072995 0.3606755783734652
7.460258697483103 0.001329513349312749 0.3592511052286438
7.505135755306914 0.001323879101183982 0.3577286610437561
7.550282770299852 0.001317888256169537 0.3561098599284415
7.59570136638462 0.001311547009811955 0.354396375995643
7.641393177252606 0.001304861760459235 0.3525899381588698
7.687359846422636 0.001297839103066241 0.3506923284572602
7.733603027300095 0.001290485833191301 0.3487053831355137
7.780124383236402 0.001282808931928792 0.3466309885724855
7.826925587588838 0.001274815553827462 0.3444710780165686
7.874008323780734 0.001266513027271677 0.3422276316887092
7.921374285362025 0.001257908847366867 0.3399026748599664
7.969025176070168 0.001249010659587703 0.3374982734330466
8.016962709891423 0.001239826255151002 0.3350165326920023
8.065188611122505 0.001230363569107995 0.3324595967867409
8.113704614432605 0.001220630663800008 0.329829644262543
8.162512464925786 0.001210635720184169 0.3271288857161588
8.211613918203758 0.001200387035604577 0.3243595631935521
8.26101074042902 0.001189893011506885 0.3215239468702255
8.310704708388393 0.001179162141463486 0.3186243318154772
8.360697609556926 0.001168203006263456 0.3156630366656421
8.410991242162195 0.001157024265958634 0.3126424014748429
8.461587415248985 0.001145634646545589 0.3095647841162919
8.512487948744354 0.001134042932746605 0.306432558331623
8.563694673523104 0.00112225796142572 0.3032481119518221
8.615209431473632 0.001110288609418753 0.3000138436087505
8.667034075564182 0.00109814378498532 0.2967321604253707
8.719170469909495 0.001085832420497623 0.2934054760401673
8.771620489837867 0.001073363462076753 0.2900362078067473
8.824386021958594 0.001060745860710369 0.2866267743937235
8.877468964229841 0.001047988564544795 0.283179593701946
8.930871226026907 0.001035100508742595 0.2796970801238895
8.984594728210904 0.00102209060733583 0.2761816423423044
9.038641403197854 0.001008967746087595 0.2726356814013122
9.09301319502819 0.0009957407718115768 0.2690615878204192
9.147712059436689 0.000982418484384631 0.265461739436213
9.202739963922818 0.000969009631169221 0.2618384998952376
9.258098887821502 0.0009555228970642636 0.2581942159656062
9.313790822374321 0.0009419668937505235 0.2545312146309737
9.369817770801134 0.0009283501579127757 0.2508518026101421
9.426181748372137 0.0009146811436100328 0.247158264295401
9.482884782480346 0.0009009682060037178 0.2434528573556762
9.539928912714528 0.0008872196022671193 0.2397378129822769
9.597316190932558 0.0008734434874966892 0.2360153347840761
9.655048681335227 0.0008596479005270769 0.2322875949545565
9.713128460540494 0.0008458407556566912 0.2285567320359539
9.771557617658175 0.0008320298512662375 0.2248248532480934
9.830338254365088 0.0008182228609899423 0.2210940321027441
9.889472484980656 0.000804427283045547 0.2173662947119508
9.948962436542953 0.0007906504968321806 0.213643635081486
10.00881024888521 0.0007768997631299438 0.2099280151647797
10.06901807471279 0.0007631821503532554 0.2062213449356532
10.12958807968063 0.0007495045746710235 0.2025254932292899
10.1905224424711 0.0007358738023841488 0.1988422883846669
10.25182335487242 0.0007222964268545351 0.1951735120104851
10.31349302185747 0.0007087788685672412 0.1915208990019634
10.3755336616631 0.0006953273797414794 0.1878861387867886
10.43794750586993 0.000681948036646662 0.1842708732488149
10.50073679948262 0.0006686467289485434 0.1806766938492584
10.56390380101059 0.0006554291672560485 0.1771051436659442
10.62745078254932 0.0006423008816127582 0.1735577169856876
10.69138002986203 0.0006292672085277919 0.170035855799876
10.7556938424619 0.0006163332951686708 0.1665409509374331
10.82039453369479 0.0006035041038336743 0.1630743432733058
10.88548443082247 0.0005907844026410385 0.1596373212125686
10.95096587510631 0.0005781787616006886 0.1562311196289574
11.01684122189147 0.0005656915622615972 0.152856922471706
11.08311284069168 0.0005533269944483068 0.1495158618837132
11.14978311527443 0.0005410890458467833 0.1462090153875112
11.21685444374672 0.0005289815125244379 0.1429374087279062
11.28432923864131 0.0005170080015579338 0.1397020165820452
11.35220992700354 0.000505171920911456 0.1365037598243974
11.42049895047856 0.0004934764838547033 0.1333435067205513
11.48919876539923 0.0004819247176265924 0.1302220752682556
11.55831184287442 0.0004705194581838321 0.1271402317784185
11.62784066887791 0.0004592633461813791 0.1240986897889763
11.69778774433782 0.0004481588395105827 0.121098113452857
11.76815558522656 0.0004372082139201689 0.118139117705778
11.83894672265132 0.0004264135547153707 0.115222266023247
11.91016370294514 0.0004157767675766219 0.1123480733439087
11.98180908775847 0.0004052995846690093 0.1095170077203945
12.05388545415131 0.0003949835584770095 0.1067294886533921
12.12639539468595 0.0003848300653587873 0.1039858880520605
12.19934151752018 0.0003748403166110819 0.1012865332239012
12.27272644650111 0.0003650153572844965 0.09863170655463398
12.34655282125957 0.0003553560630004371 0.09602164464809443
12.42082329730504 0.0003458631519048183 0.09345654155627425
12.49554054612116 0.0003365371896576058 0.09093655012755822
12.57070725526186 0.0003273785866235103 0.08846178124761428
12.64632612844798 0.0003183875913422294 0.08603230207497162
12.72239988566455 0.0003095643320175269 0.08364814725188781
12.79893126325863 0.000300908827127348 0.08130932177133429
12.87592301403773 0.0002924208234347513 0.07901575720552799
12.95337790736882 0.0002841000080135965 0.0767673689979191
13.03129872927796 0.0002759460599827506 0.07456407044241942
13.10968828255048 0.0002679583946123359 0.07240570353771598
13.18854938683184 0.0002601363204854822 0.07029208145433852
13.26788487872902 0.0002524790667584805 0.06822299590069328
13.34769761191256 0.0002449857336127021 0.06619820373455305
13.42799045721921 0.0002376553150367783 0.06421743311908649
13.50876630275517 0.0002304867071725792 0.06228038577804586
13.59002805400002 0.0002234787065580855 0.060386736520969
13.67177863391118 0.000216630013377735 0.05853613412146348
13.7540209830291 0.0002099392410900154 0.05672820391870247
13.83675805958297 0.0002034049196535975 0.0549625486891662
13.91999283959716 0.0001970254955554442 0.05323874865423726
14.00372831699829 0.0001907993401489926 0.05155636373328159
14.08796750372286 0.0001847247550424065 0.04991493499962155
14.17271342982564 0.0001787999728123516 0.04831398487340696
14.25796914358864 0.0001730231621142034 0.04675301850245688
14.34373771163077 0.0001673924344028653 0.04523152557830882
14.43002221901811 0.0001619058461310769 0.04374898093022883
14.51682576937491 0.0001565614013170013 0.04230484521900589
14.60415148499523 0.0001513570583933936 0.04089856678768259
14.69200250695523 0.0001462907336708912 0.03952958259737941
14.78038199522615 0.0001413603030240951 0.038197318682895
14.86929312878798 0.0001365636073027761 0.03690119161488162
14.95873910574384 0.0001318984566862581 0.03564060967645392
15.04872314343496 0.0001273626328003496 0.03441497343521015
15.13924847855642 0.0001229538922944017 0.03322367670979794
15.2303183672736 0.000118669971442625 0.03206610781324767
15.3219360853393 0.000114508588715355 0.03094165024776034
15.41410492821153 0.0001104674474345932 0.02984968342226796
15.50682821117208 0.0001065442398426428 0.02878958375182979
15.60010926944577 0.0001027366497954411 0.02776072538540432
15.69395145832038 9.904235527832724e-05 0.02676248088564105
15.7883581532674 9.54590316737153e-05 0.02579422211184675
15.88333275006339 9.198435429221416e-05 0.02485532090392543
15.97887866491215 8.861600073257282e-05 0.02394514972006519
16.07499933456759 8.535165381995162e-05 0.02306308243069567
16.17169821645737 8.218900367513185e-05 0.02220849487761442
16.26897878880723 7.912574966172926e-05 0.02138076540014824
16.36684455076612 7.615960330326519e-05 0.02057927562338221
16.46529902253208 7.328829001007859e-05 0.01980341092479291
16.56434574547881 7.050955042139715e-05 0.01905256079689279
16.66398828228309 6.782114298588118e-05 0.01832611954452533
16.76423021705294 6.522084598290408e-05 0.01762348683104025
16.86507515545651 6.2706458092282e-05 0.0169440678322416
16.96652672485178 6.027580022144101e-05 0.01628727373011114
17.06858857441703 5.79267181648154e-05 0.01565252243141094
17.17126437528214 5.565708261380125e-05 0.01503923857037296
17.27455782066058 5.346479007946785e-05 0.01444685375802723
17.37847262598229 5.134776564643121e-05 0.01387480732633281
17.48301252902732 4.930396332229696e-05 0.01332254642260165
17.58818129006027 4.733136593939709e-05 0.01278952598294662
17.69398269196554 4.542798720261525e-05 0.01227520928562949
17.80042054038342 4.359187316996391e-05 0.01177906835113132
17.90749866384694 4.182110122539936e-05 0.0113005836645943
18.01522091391964 4.011378103945694e-05 0.01083924443539736
18.12359116533404 3.846805697552574e-05 0.01039454924736162
18.23261331613107 3.68821068666234e-05 0.009966005728219695
18.34229128780023 3.535414188790982e-05 0.009553130515167291
18.45262902542071 3.388240877347424e-05 0.009155449853866762
18.56363049780323 3.246518964127151e-05 0.008772499551142694
18.67529969763284 3.110080072785852e-05 0.00840382463309189
18.78764064161249 2.978759364216721e-05 0.008048979683868508
18.90065737060757 2.852395666752083e-05 0.007707529197505093
19.0143539497912 2.730831276789449e-05 0.007379047039179289
19.12873446879051 2.613911970850448e-05 0.007063116477798581
19.24380304183367 2.501487205421692e-05 0.006759330725995268
19.35956380789796 2.393409955000739e-05 0.006467292502506421
19.47602093085858 2.289536614876097e-05 0.006186613769473328
19.59317859963845 2.189727151837559e-05 0.005916916139679636
19.71104102835891 2.093845086892291e-05 0.005657830829848052
19.82961245649123 2.001757298371898e-05 0.005408998128611061
19.94889714900919 1.913334070549531e-05 0.005170067527880426
20.06889939654243 1.828449213654103e-05 0.004940698047140563
20.18962351553079 1.746979833410424e-05 0.004720557610717241
20.31107384837959 1.668806279574528e-05 0.004509322908713585
20.4332547636158 1.593812293107559e-05 0.004306679794692298
20.55617065604522 1.521884861676148e-05 0.004112322895219652
20.67982594691049 1.452914070516499e-05 0.003925955206881613
20.80422508405019 1.386793184695558e-05 0.003747288318563801
20.92937254205879 1.32341865221256e-05 0.003576042419832251
21.05527282244758 1.262689884372939e-05 0.003411945707476296
21.18193045380665 1.204509247036933e-05 0.003254734361861217
21.30934999196772 1.148782163168467e-05 0.003104152824028108
21.43753602016806 1.095416902242888e-05 0.002959953226647314
21.5664931492153 1.044324489912193e-05 0.002821895149922563
21.69622601765332 9.954188021540569e-06 0.002689745875993428
21.82673929192908 9.486164632709348e-06 0.002563280113316141
21.95803766656046 9.038366782037787e-06 0.002442279543554335
22.09012586430514 8.61001261153852e-06 0.002326532898918756
22.22300863633048 8.200346577581895e-06 0.002215836022088126
22.35669076238438 7.808637398017731e-06 0.002109991311495808
22.49117705096725 7.434177624971475e-06 0.002008807605894
22.62647233950495 7.076284411817694e-06 0.001912100391599545
22.76258149452277 6.734297884546061e-06 0.001819691362416688
22.89950941182054 6.407580071602794e-06 0.001731408130466872
23.03726101664865 6.09551540346366e-06 0.001647084361179602
23.17584126388527 5.7975101318302e-06 0.001566559616352013
23.31525513821456 5.512990729238464e-06 0.001489678921703169
23.45550765430593 5.241403826509847e-06 0.001416292749972502
23.59660385699449 4.98221652185485e-06 0.001346257104443502
23.73854882146243 4.734914692376312e-06 0.001279433062690815
23.88134765342164 4.499002414563427e-06 0.001215686619990488
24.02500548929732 4.274002461180376e-06 0.001154888823585481
24.16952749641275 4.059455199911764e-06 0.00109691547508592
24.31491887317515 3.854917532825233e-06 0.001041646843898645
24.46118484926266 3.659963080064303e-06 0.0009889677168633179
24.60833068581249 3.474181932688907e-06 0.0009387673314668442
24.7563616756101 3.297179288306636e-06 0.0008909390071739038
24.90528314327963 3.128575208210314e-06 0.0008453800798024916
25.05510044547539 2.96800490794462e-06 0.0008019919800386463
25.20581897107455 2.815117513703933e-06 0.000760679897399622
25.357444141371 2.669575454773618e-06 0.0007213526160639396
25.5099814102703 2.53105473462864e-06 0.0006839225881256154
25.66343626448592 2.399244273118373e-06 0.0006483057558442857
25.81781422373652 2.273844969671356e-06 0.0006144212985114353
25.97312084094457 2.15456969346807e-06 0.0005821916297949593
26.12936170243603 2.041143236276906e-06 0.0005515423849948536
26.28654242814131 1.933301249521668e-06 0.0005224021338255826
26.44466867179741 1.83078994011902e-06 0.0004947022982275621
26.6037461211513 1.733366282167539e-06 0.0004683772095681823
26.76378049816449 1.640797190704959e-06 0.0004433638853807016
26.92477755921884 1.552858960574958e-06 0.0004196018777390453
27.08674309532363 1.469337377270392e-06 0.0003970333032090325
27.24968293232387 1.390027373253771e-06 0.0003756027499818781
27.41360293110984 1.314732269119699e-06 0.0003552570728268096
27.57850898782788 1.243263667045378e-06 0.0003359453643000633
27.74440703409252 1.175441492528526e-06 0.0003176189660229914
27.91130303719981 1.111093230858214e-06 0.0003002312623669497
28.07920300034196 1.050053628093046e-06 0.000283737599653868
28.24811296282329 9.921648161250541e-07 0.0002680953199500769
28.41803900027744 9.372758129209246e-07 0.0002532636260252471
28.58898722488593 8.852420489739209e-07 0.0002392034533937874
28.76096378559799 8.359253799771279e-07 0.0002258774737393135
28.93397486835177 7.891939357718252e-07 0.0002132500540986127
29.1080266962968 7.449215484589517e-07 0.0002012871023302217
29.28312553001787 7.029876145687864e-07 0.0001899560298709538
29.4592776677602 6.632771539542109e-07 0.0001792257676495935
29.63648944565603 6.256803040939637e-07 0.0001690666294413227
29.81476723795246 5.90092057334676e-07 0.0001594502408672383
29.99411745724076 5.564123175771059e-07 0.0001503495547116803
30.17454655468706 5.245456248831822e-07 0.0001417387765076168
30.35606102026435 4.944007839822075e-07 0.0001335932641543826
30.53866738298595 4.658908270424479e-07 0.0001258895178580975
30.72237221114033 4.389329640846604e-07 0.0001186051667327826
30.90718211252742 4.134481795272306e-07 0.0001117188597818196
31.09310373469621 3.893610994012811e-07 0.0001052102300178151
31.28014376518396 3.666000347369194e-07 9.905990618610676e-05
31.46830893175665 3.45096673084283e-07 9.324942940989831e-05
31.65760600265105 3.247858640500489e-07 8.77611952395469e-05
31.84804178681812 3.05605631977373e-07 8.257845707884132e-05
32.03962313416796 2.874970389096189e-07 7.768528915609032e-05
32.23235693581619 2.704039111784164e-07 7.306651264480281e-05
32.42625012433181 2.542727845964631e-07 6.870768085409873e-05
32.62130967398656 2.390528982427536e-07 6.459507754940016e-05
32.81754260100581 2.246959280869849e-07 6.071564497442022e-05
33.01495596382091 2.111558743073388e-07 5.705695340302112e-05
33.21355686332307 1.983890835783668e-07 5.360720716167887e-05
33.4133524431188 1.863540750887574e-07 5.035519761731197e-05
33.61434988978685 1.750113764853802e-07 4.729025884731387e-05
33.81655643313671 1.6432351330165e-07 4.440226478296515e-05
34.01997934646867 1.542549486704453e-07 4.168161291911128e-05
34.22462594683541 1.447718936980668e-07 3.911917307483893e-05
34.43050359530524 1.358422536059856e-07 3.670627284030392e-05
34.63761969722685 1.274356334313916e-07 3.443469911709049e-05
34.84598170249565 1.195231743103432e-07 3.229665387987459e-05
35.0555971058218 1.120774646200948e-07 3.028473016597125e-05
35.26647344699975 1.050725462793127e-07 2.839191377773175e-05
35.47861831117944 9.848382412135851e-08 2.661155879407321e-05
35.69203932913916 9.228794769640863e-08 2.493735563193577e-05
35.90674417756002 8.646279184465372e-08 2.336332579691847e-05
36.12274057930207 8.098743418169645e-08 2.188381579955265e-05
36.34003630368208 7.584203110952399e-08 2.049346365191883e-05
36.55863916675303 7.100777295584578e-08 1.918718674573566e-05
36.77855703158521 6.646688882608569e-08 1.796018316342881e-05
36.9997978085491 6.220255322774308e-08 1.680790644686757e-05
37.22236945559986 5.819881990854645e-08 1.572604771960797e-05
37.4462799785636 5.44406191229507e-08 1.471053494826623e-05
37.67153743142533 5.091371429537144e-08 1.375752123238361e-05
37.89814991661868 4.760462158055448e-08 1.286336306863403e-05
38.12612558531732 4.450058994479092e-08 1.202461496851968e-05
38.35547263772817 4.158959450215502e-08 1.123802765773933e-05
38.58619932338635 3.886026033435443e-08 1.050052749136077e-05
38.81831394145193 3.630182831024306e-08 9.809207217826493e-06
39.05182484100842 3.390415653720598e-08 9.161326371135972e-06
39.2867404213631 3.16576708087633e-08 8.554297881169633e-06
39.52306913234914 2.955331804855013e-08 7.98567549367099e-06
39.76081947462954 2.758255993883939e-08 7.453152048593983e-06
40.00000000000288 2.573735408750913e-08 6.954554391182408e-06
