##########################################################################################
#
# SZ signal computed with SZpack v1.1.1
# Runmode: CNSN-basis
#
# General parameters:
# xmin= 0.1 xmax= 40 np= 1000
# Dtau= 0.01
# Te= 34keV (The ~ 0.0665363)
# betac= 0 muc= 1
# betao= 0 muo= 1
#
# Runmode specific parameters:
# eps= 0
# Te_order= 20 beta_order= 2
#
##########################################################################################
#
# Output format: x = (h nu/k T0) | x^3 Dn(x) | DI(x) in MJy/sr 
# Here a CMB temperature of T0 = 2.726 K is assumed.
#
##########################################################################################
0.1 -1.193403908511527e-05 -0.003224726350725016
0.1006015482792701 -1.207773193329792e-05 -0.003263553952230299
0.1012067151618632 -1.222315105736402e-05 -0.003302848015030895
0.1018155224154252 -1.237031710775936e-05 -0.003342614119135071
0.1024279919385451 -1.25192509735906e-05 -0.003382857909040229
0.1030441457615424 -1.266997378678853e-05 -0.003423585094857895
0.1036640060472596 -1.28225069392197e-05 -0.003464801456937473
0.1042875950918594 -1.297687207401876e-05 -0.003506512843524147
0.1049149353256267 -1.31330910830809e-05 -0.003548725170081313
0.1055460493137754 -1.329118612292943e-05 -0.003591444423578172
0.10618095975726 -1.345117961688303e-05 -0.00363467666307538
0.1068196894935924 -1.361309424570312e-05 -0.003678428017197828
0.1074622614976628 -1.377695295709235e-05 -0.003722704686701259
0.1081086988825668 -1.394277898016929e-05 -0.003767512948383518
0.1087590249004362 -1.411059581304432e-05 -0.003812859151727388
0.1094132629432757 -1.428042722498233e-05 -0.003858749719484987
0.1100714365438043 -1.445229727584363e-05 -0.003905191152930948
0.1107335693763015 -1.462623030979435e-05 -0.003952190030162882
0.1113996852574591 -1.48022509497682e-05 -0.003999753004604881
0.1120698081472377 -1.498038411302742e-05 -0.004047886809212281
0.1127439621497288 -1.516065501852568e-05 -0.004096598258461208
0.1134221715140214 -1.534308917460817e-05 -0.004145894245024991
0.1141044606350749 -1.552771238667016e-05 -0.004195781741843593
0.1147908540545956 -1.571455077641541e-05 -0.004246267807327494
0.1154813764619206 -1.59036307689726e-05 -0.004297359581876359
0.1161760526949047 -1.609497909250925e-05 -0.004349064287774741
0.1168749077408149 -1.62886227991212e-05 -0.00440138923483667
0.1175779667372284 -1.648458926254037e-05 -0.004454341819786249
0.118285254972937 -1.668290616904797e-05 -0.004507929523802316
0.118996797888857 -1.688360153194842e-05 -0.004562159916429454
0.119712621078944 -1.708670370499185e-05 -0.004617040659204926
0.1204327502911136 -1.729224136736485e-05 -0.004672579501602997
0.1211572114281675 -1.750024352910494e-05 -0.00472878428249798
0.1218860305487253 -1.771073955448185e-05 -0.004785662936482147
0.1226192338681618 -1.792375915021943e-05 -0.004843223490683159
0.12335684775955 -1.813933236188578e-05 -0.004901474063788614
0.1240988987546095 -1.835748959544769e-05 -0.00496042287187035
0.124845413544661 -1.857826162030651e-05 -0.00502007822920474
0.1255964189815867 -1.880167955639698e-05 -0.005080448544786674
0.1263519420787953 -1.902777488687129e-05 -0.005141542325756921
0.1271120100121947 -1.925657947798517e-05 -0.00520336818277561
0.1278766501211688 -1.948812556216345e-05 -0.005265934825446336
0.128645889909561 -1.972244574063842e-05 -0.005329251063029073
0.1294197570466637 -1.995957300978202e-05 -0.00539332581155546
0.1301982793682135 -2.019954075285341e-05 -0.005458168091598891
0.1309814848773924 -2.044238273213719e-05 -0.005523787026150174
0.1317694017458348 -2.06881331097823e-05 -0.005590191846248445
0.1325620583146414 -2.093682645818822e-05 -0.005657391893787661
0.1333594830953982 -2.118849774306596e-05 -0.005725396616939466
0.1341617047712022 -2.144318233348094e-05 -0.005794215572866898
0.1349687521976928 -2.170091602814333e-05 -0.005863858434828371
0.1357806544040905 -2.196173503799572e-05 -0.00593433498747265
0.13659744059424 -2.222567598532512e-05 -0.006005655126598895
0.1374191401476617 -2.24927759318838e-05 -0.006077828866755258
0.1382457826206078 -2.27630723761765e-05 -0.006150866340505877
0.1390773977471256 -2.303660324077047e-05 -0.006224777795001858
0.1399140154401271 -2.331340689152593e-05 -0.006299573597177613
0.140755665792465 -2.359352215615955e-05 -0.00637526423876693
0.1416023790780148 -2.387698830373457e-05 -0.006451860330760944
0.1424541857527642 -2.416384505158137e-05 -0.00652937260527818
0.1433111164559082 -2.445413259688851e-05 -0.00660781192410082
0.1441732020109516 -2.474789160120193e-05 -0.006687189274486217
0.1450404734268171 -2.504516318496146e-05 -0.006767515767690581
0.1459129618989614 -2.534598895609317e-05 -0.006848802646694986
0.1467906988104967 -2.565041101496118e-05 -0.006931061287543417
0.1476737157333199 -2.595847193642571e-05 -0.007014303194494629
0.148562044429248 -2.627021478642394e-05 -0.007098540004502506
0.1494557168511607 -2.658568314923264e-05 -0.007183783494582751
0.1503547651441497 -2.690492110446952e-05 -0.007270045575598384
0.151259221646675 -2.722797323020137e-05 -0.007357338293099583
0.152169118891728 -2.755488463833726e-05 -0.007445673836887374
0.1530844896080017 -2.788570096384977e-05 -0.00753506453810108
0.1540053667210681 -2.822046835366147e-05 -0.007625522866215294
0.1549317833545624 -2.855923349430852e-05 -0.007717061436514944
0.1558637728313743 -2.890204362643163e-05 -0.007809693014010925
0.156801368674847 -2.924894652156557e-05 -0.007903430507168333
0.1577446046099826 -2.959999049515715e-05 -0.007998286971424086
0.1586935145646554 -2.995522444213848e-05 -0.008094275618799265
0.1596481326708324 -3.031469781351759e-05 -0.008191409811573611
0.1606084932658007 -3.067846061464536e-05 -0.008289703061817224
0.1615746308934029 -3.104656344273415e-05 -0.008389169041528557
0.1625465803052792 -3.141905748367626e-05 -0.008489821581774734
0.1635243764621181 -3.179599449442013e-05 -0.008591674667929391
0.1645080545349132 -3.21774268282667e-05 -0.008694742446508037
0.1654976499062288 -3.256340746026464e-05 -0.00879903923203019
0.1664931981714723 -3.295398995932683e-05 -0.008904579499484887
0.1674947351401746 -3.334922849695093e-05 -0.009011377886687098
0.1685022968372784 -3.374917788956712e-05 -0.009119449205720609
0.1695159195044337 -3.415389357796468e-05 -0.009228808437378834
0.1705356396013016 -3.456343161931033e-05 -0.009339470729008063
0.1715614938068656 -3.497784872499428e-05 -0.009451451404733939
0.172593519020751 -3.53972022678119e-05 -0.00956476596740204
0.1736317523645521 -3.58215502573274e-05 -0.009679430091920835
0.1746762311831677 -3.625095136141565e-05 -0.009795459631082548
0.1757269930461439 -3.668546494309556e-05 -0.009912870625516003
0.1767840757490262 -3.712515102952369e-05 -0.01003167929530831
0.1778475173147181 -3.757007031548302e-05 -0.01015190204094757
0.1789173559948495 -3.802028421041943e-05 -0.01027355545603272
0.1799936302711521 -3.847585482442492e-05 -0.01039665632348604
0.1810763788568441 -3.893684495262833e-05 -0.0105212216113353
0.1821656406980222 -3.940331811147556e-05 -0.01064726848251714
0.1832614549750625 -3.987533855862622e-05 -0.01077481430025342
0.1843638611040305 -4.035297126137894e-05 -0.01090387661951931
0.1854728987380978 -4.083628191327482e-05 -0.01103447319152975
0.1865886077689693 -4.132533698162622e-05 -0.01116662197658236
0.1877110283283176 -4.182020367627419e-05 -0.01130034113561527
0.1888402007892269 -4.232094994646655e-05 -0.01143564902936355
0.1899761657676448 -4.282764453027398e-05 -0.01157256423171205
0.1911189641238435 -4.334035695087502e-05 -0.01171110552869157
0.1922686369638894 -4.385915749225498e-05 -0.0118512919119124
0.1934252256411219 -4.438411723199564e-05 -0.01199314258742451
0.1945887717576404 -4.491530807549713e-05 -0.0121366769849647
0.1957593171658014 -4.545280271837766e-05 -0.01228191474779658
0.1969369039697233 -4.59966746571864e-05 -0.0124288757356053
0.1981215745268011 -4.654699824537841e-05 -0.01257758003962269
0.19931337144923 -4.710384866619588e-05 -0.01272804797529939
0.2005123376055381 -4.766730192110176e-05 -0.01288030007917954
0.2017185161221286 -4.823743487913806e-05 -0.01303435712223796
0.2029319503848305 -4.881432528699775e-05 -0.01319024011260171
0.2041526840404598 -4.939805173549237e-05 -0.01334797028648924
0.205380760998389 -4.998869368704111e-05 -0.01350756911563824
0.2066162254321268 -5.058633152462935e-05 -0.01366905832053492
0.2078591217809067 -5.119104651038616e-05 -0.01383245985922105
0.2091094947512857 -5.180292078917194e-05 -0.01399779592826345
0.2103673893187526 -5.242203745009331e-05 -0.01416508897937606
0.2116328507293451 -5.304848050835278e-05 -0.01433436171451547
0.2129059245012778 -5.368233488351302e-05 -0.01450563708000769
0.2141866564265795 -5.432368644625105e-05 -0.0146789382791817
0.2154750925727398 -5.49726220450724e-05 -0.01485428877958796
0.2167712792843669 -5.562922946379374e-05 -0.01503171230150964
0.2180752631848539 -5.629359744221701e-05 -0.01521123282354912
0.2193870911780562 -5.696581573849147e-05 -0.0153928745994789
0.2207068104499787 -5.764597508782309e-05 -0.01557666214708441
0.2220344684704725 -5.833416719712866e-05 -0.01576262024671948
0.2233701129949433 -5.903048480892859e-05 -0.01595077395857097
0.2247137920660681 -5.97350216969237e-05 -0.01614114862146354
0.2260655540155243 -6.04478726328069e-05 -0.01633376984389181
0.2274254474657272 -6.116913342788964e-05 -0.01652866351526825
0.2287935213315797 -6.18989009783898e-05 -0.01672585581816067
0.2301698248222314 -6.263727321495103e-05 -0.01692537321465156
0.2315544074428487 -6.338434911527903e-05 -0.0171272424497527
0.2329473189963953 -6.414022877704026e-05 -0.01733149057110323
0.2343486095854241 -6.490501338247491e-05 -0.01753814491940765
0.2357583296138787 -6.567880518153278e-05 -0.01774723312387892
0.237176529788907 -6.646170755456007e-05 -0.01795878311917725
0.2386032611226849 -6.725382502629063e-05 -0.01817282314919066
0.2400385749342508 -6.805526322068265e-05 -0.0183893817548313
0.2414825228513524 -6.886612889497389e-05 -0.01860848778323762
0.2429351568123028 -6.968653000327319e-05 -0.01883017040495757
0.2443965290678495 -7.051657564192704e-05 -0.01905445909918599
0.2458666921830531 -7.135637605256889e-05 -0.01928138365458854
0.2473456990391787 -7.220604270069487e-05 -0.01951097419053387
0.2488336028355976 -7.306568825224367e-05 -0.01974326115076517
0.250330457091701 -7.393542654371208e-05 -0.01997827529532506
0.2518363156488252 -7.481537264085632e-05 -0.02021604771641742
0.2533512326721881 -7.570564287326402e-05 -0.02045660984774912
0.2548752626528374 -7.660635477837007e-05 -0.02069999344940247
0.2564084604096108 -7.751762712586457e-05 -0.02094623061443051
0.2579508810911079 -7.843957999575275e-05 -0.02119535378994977
0.2595025801776736 -7.937233473194305e-05 -0.02144739576459925
0.261063613483394 -8.031601392122901e-05 -0.02170238966286096
0.2626340371581039 -8.127074145915689e-05 -0.0219603689628583
0.2642139076894062 -8.223664262460936e-05 -0.02222136751650938
0.2658032819047042 -8.321384395828405e-05 -0.02248541951669051
0.2674022169732455 -8.420247326276031e-05 -0.02275255949725416
0.2690107704081783 -8.520265979006898e-05 -0.02302282238371271
0.2706290000686201 -8.621453411734229e-05 -0.02329624345963747
0.2722569641617388 -8.723822813890675e-05 -0.0235728583645221
0.2738947212448469 -8.827387518327809e-05 -0.02385270312539607
0.2755423302275071 -8.932160996066716e-05 -0.02413581414264014
0.2771998503736515 -9.038156853862692e-05 -0.02442222818340586
0.2788673413037137 -9.145388842128395e-05 -0.02471198240302488
0.2805448629967726 -9.253870856578954e-05 -0.02500511434945429
0.2822324757927104 -9.363616932284526e-05 -0.02530166194720586
0.283930240394383 -9.474641247746292e-05 -0.02560166350835987
0.285638217869803 -9.586958132845564e-05 -0.02590515775404465
0.2873564696543368 -9.700582061774664e-05 -0.02621218379533488
0.2890850575529139 -9.815527653164376e-05 -0.02652278113359598
0.2908240437422505 -9.931809679763619e-05 -0.02683698968663983
0.2925734907730859 -0.000100494430654303 -0.02715484978059366
0.294333461572432 -0.0001016844288108577 -0.02747640213896849
0.2961040194458372 -0.0001028882435179385 -0.02780168790178752
0.2978852280796634 -0.000104106028610503 -0.02813074863717684
0.2996771515433765 -0.0001053379394345254 -0.02846362632155808
0.3014798542918515 -0.0001065841328750244 -0.02880036334722192
0.3032934011676903 -0.0001078447674536789 -0.02914100254870506
0.3051178574035545 -0.0001091200032600413 -0.02948558718420318
0.3069532886245115 -0.0001104100019373651 -0.02983416093174143
0.3087997608503953 -0.0001117149267794081 -0.03018676791533177
0.3106573404981812 -0.0001130349427225069 -0.03054345270283151
0.3125260943843745 -0.0001143702162869733 -0.03090426029010779
0.3144060897274139 -0.0001157209156368139 -0.03126923611717464
0.3162973941500897 -0.0001170872106493385 -0.03163842608700201
0.3182000756819758 -0.0001184692728311655 -0.03201187654281932
0.3201142027618771 -0.0001198672753319289 -0.03238963427181938
0.3220398442402905 -0.0001212813930531333 -0.03277174653457231
0.3239770693818822 -0.000122711802590247 -0.03315826104937829
0.3259259478679787 -0.0001241586822000001 -0.03354922598343124
0.3278865497990735 -0.0001256222118914585 -0.03394468997742811
0.3298589456973481 -0.0001271025734451947 -0.034344702150749
0.3318432065092091 -0.0001285999503368044 -0.03474931208079046
0.3338394036078401 -0.000130114527782119 -0.03515856981518244
0.3358476087957689 -0.0001316464928310964 -0.03557252589715881
0.3378678943074497 -0.000133196034278827 -0.03599123134150997
0.3399003328118625 -0.0001347633426627659 -0.03641473763383509
0.3419449974151257 -0.0001363486103752148 -0.03684309676093594
0.3440019616631268 -0.0001379520316247133 -0.03727636120038456
0.3460712995441669 -0.0001395738023826846 -0.03771458390610607
0.3481530854916227 -0.0001412141204632822 -0.03815781832995434
0.3502473943866234 -0.0001428731855720255 -0.0386061184348539
0.3523543015607447 -0.0001445511992135946 -0.03905953866988505
0.3544738827987177 -0.0001462483647201566 -0.03951813397793781
0.3566062143411555 -0.0001479648873630563 -0.03998195982589225
0.3587513728872951 -0.0001497009742674408 -0.04045107218154892
0.3609094355977566 -0.0001514568343901519 -0.04092552750765523
0.3630804800973185 -0.0001532326786282006 -0.04140538279121644
0.3652645844777097 -0.000155028719806067 -0.04189069554006414
0.3674618273004187 -0.0001568451726011531 -0.04238152376271243
0.369672287599519 -0.0001586822536075487 -0.04287792598558842
0.3718960448845125 -0.0001605401814129934 -0.04337996127382834
0.374133179143189 -0.0001624191764954743 -0.04388768920333683
0.3763837708445035 -0.00016431946123305 -0.04440116986344157
0.3786479009414707 -0.0001662412600236198 -0.04492046388925647
0.3809256508740766 -0.0001681847992133219 -0.04544563244233388
0.3832171025722083 -0.0001701503070522405 -0.04597673719869608
0.3855223384586003 -0.000172138013791624 -0.04651384037510502
0.3878414414518001 -0.0001741481517008252 -0.04705700473363952
0.3901744949691499 -0.0001761809549730372 -0.04760629355622416
0.3925215829297878 -0.000178236659769255 -0.04816177065650814
0.3948827897576659 -0.0001803155043180814 -0.04872350040683408
0.3972582003845871 -0.0001824177288084402 -0.04929154770924778
0.3996479002532602 -0.0001845435753789434 -0.0498659779926252
0.402051975320373 -0.0001866932882355187 -0.05044685724445677
0.4044705120596843 -0.0001888671136018984 -0.05103425199746898
0.4069035974651345 -0.000191065299651959 -0.0516282293113415
0.4093513190539743 -0.0001932880965891566 -0.05222885679417186
0.4118137648699132 -0.0001955357566928387 -0.05283620261498934
0.4142910234862858 -0.0001978085342080928 -0.05345033547399063
0.4167831840092382 -0.0002001066853677916 -0.05407132460849692
0.4192903360809331 -0.0002024304685048656 -0.05469923982329115
0.4218125698827739 -0.0002047801439510594 -0.05533415146326083
0.4243499761386489 -0.0002071559740035447 -0.05597613040437639
0.4269026461181943 -0.0002095582230306654 -0.05662524808226478
0.429470671640077 -0.0002119871574493537 -0.05728157648610725
0.4320541450752978 -0.0002144430456352404 -0.05794518813434969
0.4346531593505136 -0.0002169261579790969 -0.05861615608995425
0.43726780795138 -0.000219436766957284 -0.0592945539794353
0.4398981849259138 -0.0002219751470121258 -0.05998045596053512
0.4425443848878763 -0.000224541574551068 -0.06067393672199629
0.4452065030201759 -0.0002271363280579175 -0.0613750715136202
0.4478846350782926 -0.0002297596880075961 -0.06208393612323224
0.4505788773937215 -0.0002324119368085754 -0.06280060686112721
0.4532893268774382 -0.0002350933588881005 -0.06352516058309761
0.4560160810233846 -0.0002378042406965107 -0.06425767469160129
0.458759237911976 -0.000240544870598931 -0.06499822710649515
0.4615188962136283 -0.0002433155389054434 -0.06574689627318767
0.464295155192308 -0.0002461165379549031 -0.06650376118528722
0.4670881147091019 -0.0002489481619946533 -0.06726890135209945
0.4698978752258099 -0.0002518107071560045 -0.06804239679200151
0.4727245378085577 -0.0002547044715511963 -0.06882432805864232
0.4755682041314329 -0.000257629755209889 -0.06961477622378173
0.4784289764801414 -0.0002605868599987641 -0.07041382285556579
0.4813069577556875 -0.0002635760896792749 -0.07122155003413147
0.4842022514780743 -0.000266597749932776 -0.072038040358397
0.487114961790028 -0.0002696521482402967 -0.07286337691357528
0.4900451934607434 -0.0002727395938855606 -0.07369764327198963
0.4929930518896525 -0.0002758603980361991 -0.07454092351501881
0.4959586431102161 -0.0002790148736326313 -0.07539330220307099
0.4989420737937372 -0.000282203335339732 -0.07625486436252371
0.5019434512531983 -0.0002854260996178309 -0.07712569550490896
0.504962883447121 -0.0002886834846804314 -0.07800588161548801
0.5080004789834501 -0.0002919758103956234 -0.07889550912661213
0.5110563471234592 -0.0002953033983119223 -0.07979466492470456
0.5141305977856812 -0.0002986665716913747 -0.08070343635920606
0.5172233415498623 -0.0003020656553861496 -0.08162191120922827
0.520334689660939 -0.0003055009758153548 -0.08255017767728927
0.52346475403304 -0.0003089728610256512 -0.08348832440569236
0.5266136472535116 -0.000312481640595871 -0.08443644045075253
0.5297814825869668 -0.0003160276455672238 -0.08539461526393759
0.5329683739793606 -0.0003196112084791612 -0.08636293870155885
0.5361744360620875 -0.0003232326633399624 -0.08734150101682331
0.5393997841561053 -0.0003268923455179307 -0.0883303928304334
0.5426445342760833 -0.0003305905917340906 -0.08932970512861366
0.5459088031345746 -0.0003343277400840952 -0.09033952926903056
0.5491927081462149 -0.0003381041299210177 -0.09135995694912112
0.5524963674319456 -0.0003419201018083355 -0.09239108019338864
0.5558198998232626 -0.000345775997543868 -0.09343299135987113
0.5591634248664905 -0.0003496721600785088 -0.09448578311818155
0.5625270628270829 -0.000353608933431677 -0.09554954842666184
0.565910934693948 -0.0003575866626863656 -0.09662438053104488
0.5693151621838011 -0.0003616056939554262 -0.09771037295534425
0.5727398677455418 -0.0003656663742730903 -0.09880761947254178
0.5761851745646592 -0.0003697690515568134 -0.09991621409427749
0.5796512065676627 -0.0003739140745946966 -0.1010362510674508
0.5831380884265391 -0.0003781017929408683 -0.1021678248459511
0.5866459455632378 -0.0003823325568497823 -0.1033110300729046
0.5901749041541815 -0.0003866067172510933 -0.1044659615738852
0.5937250911348052 -0.0003909246256703388 -0.1056327143354817
0.5972966342041217 -0.0003952866341408198 -0.1068113834814869
0.6008896618293151 -0.0003996930951566911 -0.1080020642602222
0.6045043032503616 -0.0004041443616093925 -0.1092048520273603
0.6081406884846782 -0.0004086407866906226 -0.1104198422197075
0.6117989483317994 -0.0004131827238286837 -0.1116471303380035
0.6154792143780822 -0.000417770526619135 -0.1128868119281829
0.619181619001439 -0.000422404548729817 -0.1141389825557114
0.6229062953760992 -0.0004270851438267757 -0.11540373778557
0.6266533774773996 -0.0004318126654928779 -0.1166811731602637
0.6304230000866031 -0.0004365874671262786 -0.1179713841723859
0.6342152987957473 -0.0004414099018636308 -0.1192744662438689
0.6380304100125211 -0.0004462803224951894 -0.120590514703044
0.6418684709651717 -0.0004511990813398575 -0.1219196247508774
0.6457296197074404 -0.000456166530167655 -0.1232618914400201
0.6496139951235281 -0.0004611830201195293 -0.1246174096531398
0.6535217369330918 -0.0004662489015634323 -0.1259862740640313
0.6574529856962692 -0.0004713645239927969 -0.1273685791101835
0.6614078828187353 -0.0004765302359605654 -0.1287644189749528
0.6653865705567885 -0.0004817463849405694 -0.1301738875501065
0.6693891920224675 -0.0004870133171682066 -0.1315970783927717
0.673415891188699 -0.0004923313775909943 -0.133034084712074
0.6774668128944764 -0.0004977009097546958 -0.1344849993383676
0.6815421028500694 -0.0005031222555863391 -0.1359499146646043
0.6856419076422656 -0.0005085957553312408 -0.1374289226293165
0.6897663747396426 -0.0005141217474727329 -0.138922114694926
0.693915652497873 -0.0005197005685059129 -0.1404295817866094
0.6980898901650602 -0.0005253325527935856 -0.1419514142533708
0.702289237887107 -0.0005310180325311095 -0.1434877018585433
0.7065138467131162 -0.0005367573375584156 -0.1450385337289941
0.7107638686008243 -0.0005425507950978047 -0.1466039982842741
0.7150394564220665 -0.0005483987297444854 -0.1481841832340611
0.7193407639682761 -0.0005543014633378941 -0.1497791755433888
0.7236679459560159 -0.0005602593146287987 -0.1513890613426941
0.728021158032544 -0.0005662725992085392 -0.153013925908697
0.7324005567814114 -0.0005723416294533574 -0.1546538536493579
0.736806299728095 -0.0005784667142154388 -0.1563089280203932
0.7412385453456634 -0.000584648158587007 -0.1579792314615307
0.7456974530604773 -0.0005908862639209301 -0.1596648454020775
0.7501831832579239 -0.0005971813276079246 -0.1613658502007179
0.754695897288186 -0.0006035336426655976 -0.1630823250344675
0.7592357574720454 -0.0006099434977689996 -0.1648143479069291
0.7638029271067222 -0.0006164111771294655 -0.1665619956155534
0.7683975704717476 -0.0006229369600336022 -0.1683253436270684
0.7730198528348741 -0.0006295211207191238 -0.1701044660439281
0.7776699404580188 -0.0006361639283772429 -0.171899435604959
0.7823480006032453 -0.0006428656467729213 -0.1737103235827467
0.7870542015387785 -0.0006496265338534931 -0.175537199677881
0.7917887125450584 -0.0006564468418477995 -0.1773801320457439
0.7965517039208285 -0.0006633268170300222 -0.1792391872326939
0.8013433469892614 -0.0006702666991246435 -0.181114430015279
0.8061638141041211 -0.0006772667213514942 -0.1830059234124089
0.8110132786559631 -0.0006843271103473096 -0.1849137286641591
0.8158919150783704 -0.000691448085578784 -0.1868379050731702
0.8207998988542287 -0.0006986298590960813 -0.1887785099380439
0.8257374065220374 -0.0007058726356322289 -0.1907355985802002
0.8307046156822607 -0.0007131766121767893 -0.1927092242286781
0.8357017050037151 -0.0007205419773607202 -0.1946994378539174
0.8407288542299962 -0.0007279689116439399 -0.1967062882184409
0.8457862441859444 -0.0007354575870958286 -0.1987298218175435
0.8508740567841485 -0.0007430081666008637 -0.2007700826646442
0.8559924750314897 -0.0007506208038586022 -0.2028271122912824
0.8611416830357236 -0.0007582956433971803 -0.2049009497507648
0.8663218660121029 -0.0007660328198800014 -0.2069916314308242
0.8715332102900397 -0.0007738324576475848 -0.2090991909298212
0.8767759033198074 -0.0007816946709538992 -0.2112236591206046
0.882050133679283 -0.0007896195635280432 -0.2133650640320717
0.8873560910807308 -0.0007976072276726356 -0.2155234306055427
0.8926939663776258 -0.0008056577445294651 -0.2176987807665417
0.8980639515715189 -0.0008137711839201921 -0.2198911333817531
0.9034662398189428 -0.0008219476033520801 -0.2221005039903574
0.9089010254383604 -0.000830187047888144 -0.224326904768944
0.9143685039171535 -0.0008384895503100395 -0.2265703445755253
0.9198688719186553 -0.0008468551303541951 -0.2288308287431307
0.9254023272892237 -0.0008552837939459552 -0.2311083588728624
0.9309690690653579 -0.0008637755335983223 -0.2334029329416401
0.9365692974808579 -0.0008723303280046792 -0.2357145451921498
0.9422032139740265 -0.0008809481408318847 -0.2380431858067232
0.9478710211949153 -0.0008896289209865043 -0.2403888409792763
0.9535729230126136 -0.0008983726025833111 -0.2427514929067985
0.9593091245225821 -0.0009071791037919174 -0.2451311194776972
0.9650798320540293 -0.000916048326451299 -0.2475276941676383
0.9708852531773335 -0.000924980156442416 -0.2499411861402326
0.9767255967115094 -0.0009339744629103436 -0.2523715600368455
0.9826010727317186 -0.0009430310971006659 -0.2548187756621768
0.9885118925768263 -0.0009521498929212584 -0.257282788136061
0.9944582688570029 -0.0009613306666205943 -0.2597635478065415
1.000440415461372 -0.0009705732152847532 -0.2622609998437437
1.006458547565703 -0.0009798773169958979 -0.2647750842826975
1.012512881640152 -0.0009892427310108311 -0.2673057360715853
1.018603635457047 -0.0009986691965007146 -0.2698528847311989
1.024731028098722 -0.001008156431778858 -0.2724164541462777
1.030895279965397 -0.001017704134936168 -0.2749963627372157
1.037096612783106 -0.001027311983116713 -0.2775925232643092
1.043335249611672 -0.001036979630899273 -0.2802048423904326
1.04961141485273 -0.001046706710972193 -0.2828332208633906
1.055925334257799 -0.001056492833975391 -0.2854775534732284
1.062277234936404 -0.001066337586749838 -0.2881377285792182
1.068667345364243 -0.001076240532237899 -0.2908136280829305
1.075095895391404 -0.001086201209960202 -0.2935051275570904
1.081563116250635 -0.001096219134731056 -0.2962120958984666
1.088069240565661 -0.001106293795373477 -0.2989343949806563
1.094614502359551 -0.001116424655641805 -0.3016718799033877
1.101199137063137 -0.00112661115362313 -0.3044243988307773
1.107823381523478 -0.001136852699679559 -0.307191792435305
1.114487474012384 -0.001147148677107912 -0.3099738940760721
1.121191654234987 -0.001157498442251989 -0.3127705298291382
1.127936163338358 -0.001167901322591057 -0.3155815179710046
1.134721243920186 -0.001178356616210351 -0.3184066688355395
1.141547140037501 -0.001188863592656379 -0.3212457850450896
1.148414097215454 -0.001199421491730862 -0.3240986611845891
1.155322362456149 -0.001210029521604614 -0.3269650832919067
1.162272184247527 -0.001220686860000694 -0.329844829177547
1.169263812572304 -0.001231392653810358 -0.332737668320877
1.176297498916961 -0.001242146016675765 -0.3356433612169425
1.183373496280794 -0.001252946029448571 -0.3385616595003854
1.19049205918501 -0.001263791740692983 -0.3414923060813769
1.197653443681885 -0.001274682164735176 -0.3444350346185433
1.204857907363973 -0.001285616280538542 -0.3473895692150464
1.212105709373372 -0.001296593032990363 -0.3503556247662573
1.219397110411042 -0.001307611331885694 -0.3533329066851891
1.22673237274619 -0.001318670049432555 -0.3563211102283687
1.234111760225694 -0.001329768021587517 -0.3593199208567298
1.241535538283603 -0.001340904048002482 -0.3623290142212299
1.249003973950675 -0.001352076889380029 -0.3653480554482345
1.256517335863991 -0.001363285267522361 -0.3683766991527411
1.264075894276612 -0.001374527866335015 -0.3714145897095947
1.271679921067302 -0.00138580332998613 -0.3744613607561002
1.279329689750306 -0.0013971102610683 -0.3775166346953302
1.287025475485191 -0.00140844722231767 -0.3805800231606478
1.294767555086741 -0.001419812735895581 -0.3836511268215974
1.302556207034913 -0.001431205280398149 -0.3867295345758555
1.310391711484858 -0.001442623292133763 -0.3898148238944271
1.318274350276994 -0.001454065165548071 -0.3929065609364815
1.326204406947145 -0.001465529250533565 -0.3960042998223699
1.334182166736741 -0.001477013851861245 -0.3991075824800525
1.342207916603075 -0.001488517230767094 -0.4022159390737836
1.350281945229628 -0.001500037603387765 -0.4053288875814169
1.358404543036452 -0.00151157313817978 -0.408445933097039
1.366576002190616 -0.00152312195799052 -0.4115665683905766
1.374796616616712 -0.001534682139758397 -0.4146902738267806
1.383066682007434 -0.001546251711231929 -0.4178165164786779
1.391386495834208 -0.001557828651935062 -0.4209447503884139
1.399756357357896 -0.001569410894209861 -0.4240744168490015
1.408176567639557 -0.001580996320693302 -0.4272049437225171
1.416647429551278 -0.001592582762992473 -0.4303357450821249
1.425169247787069 -0.001604168003872743 -0.4334662218033468
1.433742328873819 -0.001615749776122921 -0.4365957612574135
1.442366981182327 -0.001627325759354345 -0.4397237364463403
1.45104351493839 -0.001638893582233677 -0.4428495066062545
1.459772242233963 -0.001650450822743453 -0.4459724172777995
1.468553477038385 -0.0016619950048772 -0.4490917994131147
1.477387535209671 -0.00167352359905796 -0.4522069694889259
1.486274734505876 -0.001685034023894878 -0.4553172299811968
1.495215394596523 -0.001696523644055191 -0.4584218687901137
1.504209837074101 -0.001707989768158014 -0.4615201586709617
1.513258385465633 -0.001719429651499449 -0.4646113579704811
1.522361365244312 -0.001730840495474242 -0.4676947104705932
1.531519103841213 -0.001742219444048471 -0.4707694444352765
1.540731930657063 -0.001753563585865493 -0.4738347731796191
1.550000177074097 -0.001764869955216461 -0.4768898953320654
1.55932417646797 -0.001776135529012719 -0.4799339940163192
1.568704264219756 -0.001787357226506217 -0.4829662367757953
1.578140777728008 -0.001798531911780719 -0.4859857762467772
1.587634056420891 -0.001809656392229689 -0.4889917497471207
1.597184441768398 -0.001820727415817205 -0.4919832785361195
1.606792277294626 -0.001831741674166089 -0.4949594686489571
1.616457908590138 -0.001842695802654649 -0.4979194109228471
1.626181683324388 -0.001853586376953697 -0.5008621800612918
1.635963951258232 -0.001864409914734112 -0.5037868350954876
1.645805064256506 -0.001875162877441142 -0.5066924198637638
1.655705376300682 -0.001885841667849326 -0.5095779623508914
1.665665243501602 -0.00189644262908718 -0.5124424744245413
1.675685024112287 -0.001906962047781448 -0.5152849526849002
1.685765078540822 -0.001917396153298444 -0.518104378259672
1.695905769363321 -0.001927741114731208 -0.5208997159899698
1.70610746133697 -0.001937993044072116 -0.5236699152875931
1.716370521413142 -0.001948147997090343 -0.526413910372132
1.726695318750602 -0.001958201970355523 -0.5291306194667209
1.737082224728785 -0.001968150902394968 -0.5318189451107338
1.747531612961148 -0.001977990676260654 -0.5344777748534175
1.758043859308618 -0.00198771711793303 -0.5371059808225784
1.768619341893104 -0.00199732599486627 -0.5397024193314935
1.779258441111101 -0.002006813019588929 -0.5422659318518521
1.789961539647373 -0.002016173849791217 -0.5447953450373367
1.800729022488719 -0.002025404085579292 -0.5472894699817015
1.811561276937818 -0.002034499272422492 -0.5497471030151492
1.822458692627162 -0.00204345490286205 -0.5521670261660476
1.83342166153307 -0.002052266414416353 -0.5545480065949052
1.844450577989788 -0.002060929190243157 -0.5568887967733083
1.855545838703674 -0.002069438562352761 -0.5591881353521632
1.866707842767465 -0.002077789811036937 -0.5614447470073829
1.877936991674634 -0.002085978163394653 -0.5636573420415221
1.88923368933383 -0.002093998797092072 -0.5658246173997734
1.90059834208341 -0.002101846841315935 -0.5679452569275852
1.912031358706049 -0.00210951737486527 -0.5700179308550163
1.923533150443451 -0.002117005428721812 -0.5720412964912959
1.935104131011135 -0.002124305988497127 -0.574013998886067
1.946744716613318 -0.002131413993525208 -0.5759346705841953
1.958455325957888 -0.00213832433735809 -0.5778019317596895
1.970236380271462 -0.002145031871338037 -0.5796143911809509
1.982088303314539 -0.002151531405095763 -0.5813706463453996
1.994011521396743 -0.002157817705724984 -0.5830692832564277
2.006006463392153 -0.002163885501375796 -0.5847088773943748
2.018073560754737 -0.002169729483005465 -0.586287994189614
2.030213247533863 -0.002175344303805938 -0.5878051888678573
2.042425960389917 -0.002180724581502779 -0.5892590070713571
2.05471213861001 -0.002185864901272649 -0.5906479856472467
2.067072224123773 -0.002190759816186392 -0.5919706527672658
2.079506661519261 -0.0021954038481405 -0.5932255281794555
2.092015898058938 -0.002199791491397096 -0.5944111241647051
2.104600383695769 -0.002203917214050099 -0.5955259459329288
2.117260571089404 -0.002207775458577482 -0.5965684917722931
2.129996915622458 -0.002211360645087816 -0.5975372539264708
2.142809875416892 -0.00221466717363352 -0.5984307192197137
2.155699911350493 -0.00221768942529141 -0.5992473693488285
2.16866748707345 -0.002220421764653389 -0.5999856815561924
2.181713069025031 -0.002222858542760199 -0.6006441294224893
2.194837126450363 -0.002224994098840353 -0.6012211833365924
2.208040131417308 -0.002226822762503307 -0.6017153110881845
2.221322558833443 -0.002228338856846495 -0.6021249787073193
2.234684886463145 -0.002229536700638337 -0.6024486510542973
2.248127594944775 -0.002230410610813753 -0.6026847924939837
2.261651167807962 -0.002230954905544487 -0.6028318677254488
2.275256091491004 -0.002231163906646188 -0.6028883424323924
2.288942855358358 -0.002231031942376902 -0.6028526840393298
2.302711951718243 -0.002230553350906121 -0.6027233626489732
2.316563875840352 -0.002229722482692317 -0.6024988516846697
2.330499125973664 -0.002228533703239261 -0.6021776286351952
2.344518203364364 -0.002226981397394694 -0.6017581762163068
2.358621612273878 -0.002225059971802185 -0.6012389830332671
2.372809859997005 -0.002222763857346018 -0.6006185442414822
2.387083456880169 -0.002220087513851808 -0.5998953628166674
2.401442916339774 -0.002217025433568719 -0.5990679504957852
2.415888754880671 -0.002213572142983676 -0.5981348282672692
2.430421492114737 -0.002209722207090547 -0.5970945275246097
2.445041650779565 -0.002205470234829954 -0.5959455915362578
2.459749756757268 -0.002200810880345159 -0.5946865757849832
2.474546339093393 -0.002195738846268501 -0.5933160488559089
2.489431930015952 -0.002190248890692568 -0.5918325943202102
2.504407064954564 -0.002184335829163468 -0.59023481127372
2.519472282559719 -0.002177994536663627 -0.5885213148727073
2.534628124722145 -0.002171219954380087 -0.5866907381627537
2.549875136592308 -0.002164007094553986 -0.5847417333891457
2.565213866600017 -0.002156351040890753 -0.5826729721077128
2.580644866474148 -0.002148246953733115 -0.5804831465826398
2.596168691262497 -0.002139690078409082 -0.5781709720421948
2.611785899351737 -0.002130675745026083 -0.5757351866231044
2.627497052487508 -0.002121199371576028 -0.573174552209579
2.64330271579462 -0.002111256473646649 -0.5704878570574384
2.659203457797384 -0.00210084266666858 -0.5676739164013005
2.675199850440056 -0.002089953666473354 -0.5647315726053607
2.691292469107416 -0.002078585297546818 -0.5616596973935651
2.707481892645458 -0.002066733500378531 -0.5584571938355122
2.723768703382218 -0.002054394329700371 -0.555122995870501
2.740153487148712 -0.002041563959744084 -0.5516560697281866
2.756636833300016 -0.002028238695990212 -0.548055417103287
2.77321933473646 -0.002014414973666595 -0.544320074749861
2.789901587924954 -0.002000089359693913 -0.5404491150070159
2.806684192920446 -0.001985258564625014 -0.5364416490250644
2.823567753387507 -0.001969919446247971 -0.5322968277391147
2.840552876622036 -0.001954069007671296 -0.5280138413516724
2.857640173573115 -0.001937704406077091 -0.5235919216978503
2.874830258864976 -0.00192082296352832 -0.5190303451656293
2.892123750819116 -0.001903422162561864 -0.5143284315050449
2.909521271476531 -0.001885499650552312 -0.5094855450073399
2.927023446620097 -0.001867053254549244 -0.5045010985141828
2.944630905797074 -0.001848080979326683 -0.4993745528906053
2.962344282341753 -0.001828581006959388 -0.4941054169105117
2.980164213398238 -0.001808551709912697 -0.4886932507937171
2.998091339943359 -0.001787991657212191 -0.4831376678730685
3.016126306809736 -0.001766899609151659 -0.4774383331644713
3.034269762708964 -0.00174527452529146 -0.4715949655281443
3.052522360254954 -0.001723115579065089 -0.4656073416154992
3.070884755987404 -0.001700422150834506 -0.4594752939926018
3.089357610395416 -0.001677193830218606 -0.4531987117693536
3.107941587941251 -0.001653430432914798 -0.4467775451448943
3.126637357084233 -0.001629131999569903 -0.4402118051025015
3.14544559030479 -0.001604298791795614 -0.4335015623329219
3.164366964128648 -0.001578931304891568 -0.4266469506722997
3.183402159151157 -0.001553030277463521 -0.4196481697011323
3.202551860061779 -0.001526596682272653 -0.4125054822716342
3.221816755668715 -0.00149963173218791 -0.4052192161161373
3.241197538923678 -0.001472136897858126 -0.3977897686223159
3.260694906946819 -0.001444113899152789 -0.3902176045203782
3.280309561051807 -0.001415564704203048 -0.3825032556239312
3.300042206771049 -0.00138649154646428 -0.3746473254405012
3.319893553881069 -0.001356896925683194 -0.3666504894328571
3.339864316428041 -0.001326783599494589 -0.358513492748349
3.359955212753471 -0.00129615459407297 -0.3502371530971083
3.380166965520037 -0.001265013217260028 -0.3418223642992568
3.400500301737581 -0.001233363045768192 -0.3332700928271458
3.42095595278926 -0.001201207927940942 -0.324581378551228
3.441534654457853 -0.001168552002615868 -0.3157573398370916
3.46223714695223 -0.001135399690454345 -0.3067991712026295
3.483064174933973 -0.001101755688678321 -0.2977081418958544
3.504016487544163 -0.001067624986366254 -0.2884856000280512
3.525094838430328 -0.001033012867789357 -0.2791329734752733
3.546299985773546 -0.0009979248997564669 -0.2696517664587669
3.567632692315724 -0.0009623669388599479 -0.2600435615029049
3.589093725387028 -0.0009263451466316011 -0.2503100235305036
3.610683856933487 -0.0008898659742509017 -0.2404528957307964
3.632403863544755 -0.0008529361611324011 -0.2304739991777331
3.654254526482051 -0.0008155627524301836 -0.2203752375599022
3.676236631706256 -0.0007777530921049156 -0.2101585953071609
3.698350969906183 -0.0007395148119667714 -0.1998261346298975
3.720598336527025 -0.0007008558431050854 -0.1893799986074653
3.742979531798957 -0.0006617844264505979 -0.1788224140422338
3.765495360765927 -0.0006223090866916641 -0.1681556844114227
3.788146633314612 -0.0005824386356315513 -0.1573821907742854
3.810934164203546 -0.0005421822046345347 -0.146504400539449
3.833858773092431 -0.0005015492106795368 -0.1355248582921842
3.856921284571616 -0.0004605493505630306 -0.1244461842279573
3.880122528191761 -0.0004191926230848706 -0.1132710801473184
3.903463338493672 -0.0003774893195394647 -0.1020023268864976
3.926944555038322 -0.0003354500091143277 -0.09064278037191217
3.950567022437048 -0.0002930855454969685 -0.07919537340542913
3.974331590381932 -0.0002504070735892273 -0.06766311747866376
3.998239113676364 -0.0002074260105125305 -0.05604909764036192
4.02229045226579 -0.0001641540431401444 -0.04435647182958439
4.046486471268643 -0.0001206031398956104 -0.03258847406379127
4.070828041007458 -7.678553586764358e-05 -0.02074841041670171
4.095316037040186 -3.271372207526231e-05 -0.008839656117598016
4.119951340191675 1.159954678098278e-05 0.003134342354195617
4.144734836585366 5.614125604752548e-05 0.01517006827680478
4.169667417675155 0.0001008981488009451 0.0272639394640158
4.194749980277468 0.0001458567257903343 0.03941230824970279
4.219983426603512 0.0001910032403162739 0.05161146010406264
4.24536866429173 0.0002363237173264886 0.06385761879349978
4.270906606440451 0.0002818039604942373 0.07614694829329535
4.296598171640729 0.0003274295464151283 0.08847555121951448
4.322444284009386 0.0003731858378674527 0.1008394724121137
4.348445873222255 0.0004190579974573448 0.1132347026220338
4.374603874547618 0.0004650309864789213 0.1256571782031952
4.400919228879844 0.0005110895698058147 0.1381027824342511
4.42739288277324 0.0005572183339598637 0.1505673504009735
4.454025788476091 0.0006034016921478642 0.1630466703572462
4.480818903964917 0.0006496238840049628 0.1755364836557262
4.50777319297893 0.0006958689932091497 0.1880324895075
4.534889625054696 0.0007421209578572281 0.2005303477857997
4.562169175561013 0.0007883635718667266 0.2130256794048176
4.589612825733993 0.000834580497038983 0.2255140695793016
4.617221562712357 0.0008807552777901989 0.2379910718050705
4.644996379572944 0.0009268713466181976 0.2504522093361999
4.672938275366425 0.0009729120314965655 0.2628929771830119
4.701048255153248 0.001018860572265431 0.2753088465410677
4.729327330039782 0.001064700129518833 0.2876952671926459
4.757776517214689 0.001110413791509274 0.3000476693724389
4.786396839985513 0.00115598458897765 0.3123614677747845
4.815189327815487 0.001201395506443953 0.3246320646045562
4.844155016360561 0.001246629490956723 0.3368548519413725
4.873294947506656 0.001291669465061275 0.3490252152437747
4.902610169407141 0.001336498339155234 0.3611385366878471
4.932101736520533 0.001381099021508547 0.3731901978747481
4.961770709648425 0.001425454431679969 0.3851755834560137
4.991618155973645 0.001469547512601689 0.3970900843989733
5.021645149098641 0.001513361240654419 0.4089291007091644
5.051852769084097 0.001556878640369559 0.420688045403042
5.082242102487784 0.001600082797277921 0.4323623479798639
5.112814242403641 0.001642956866811759 0.4439474568271297
5.1435702885011 0.001685484088521333 0.4554388430620744
5.174511347064628 0.001727647802633432 0.4668320050059888
5.205638531033534 0.00176943145698526 0.4781224700578406
5.23695296004199 0.001810818618724532 0.489305797855787
5.26845576045931 0.001851792995095124 0.5003775858937173
5.300148065430462 0.001892338440503596 0.5113334714307152
5.332031014916829 0.001932438964569123 0.5221691336662507
5.364105755737212 0.001972078752947754 0.5328802993671549
5.39637344160908 0.002011242180359529 0.5434627463877091
5.42883523319007 0.002049913813666056 0.5539123045012461
5.461492298119737 0.002088078428321355 0.5642248598453715
5.494345811061548 0.002125721030602387 0.5743963609289323
5.52739695374514 0.002162826857158533 0.5844228185102784
5.560646915008824 0.002199381385094188 0.5943003083217073
5.594096890842349 0.002235370359046746 0.6040249783862724
5.627748084429916 0.002270779794551299 0.6135930499269671
5.661601706193463 0.002305595980537441 0.6230008180413925
5.695658973836199 0.00233980550288065 0.6322446580656351
5.729921112386407 0.002373395260091143 0.64132102981359
5.764389354241504 0.002406352457923265 0.650226476120353
5.799064939212376 0.002438664624246178 0.6589576268604629
5.833949114567966 0.002470319637213047 0.6675112065595709
5.869043135080146 0.002501305717396295 0.6758840322692862
5.904348263068843 0.002531611432943369 0.684073014960328
5.939865768447451 0.00256122572969314 0.6920751676603546
5.975596928768503 0.002590137933438281 0.6998876060652842
6.01154302926963 0.00261833774395248 0.7075075469253751
6.047705362919785 0.002645815257019298 0.7149323139976962
6.084085230465758 0.002672560984276791 0.7221593434083937
6.120683940478954 0.002698565838431179 0.7291861796572383
6.15750280940247 0.002723821143144787 0.7360104782894709
6.194543161598441 0.002748318664721256 0.742630014457542
6.231806329395683 0.002772050599133675 0.7490426794159512
6.269293653137611 0.002795009569409534 0.7552464798146292
6.307006481230453 0.002817188654312038 0.7612395454489856
6.344946170191752 0.002838581392093403 0.7670201302740981
6.383114084699157 0.002859181764699249 0.7725866081365415
6.421511597639515 0.002878984214282139 0.7779374772365508
6.460140090158249 0.00289798366669339 0.7830713664758046
6.499000951709037 0.002916175508603545 0.7879870292750883
6.538095580103793 0.002933555590017172 0.7926833442538261
6.577425381562945 0.002950120255079281 0.7971593235543583
6.616991770766014 0.002965866327577158 0.8014141089243562
6.656796170902505 0.002980791098996538 0.8054469684894506
6.696840013723089 0.002994892351385153 0.8092573029312501
6.737124739591115 0.003008168363875856 0.8128446472499663
6.777651797534409 0.003020617887895562 0.8162086640655638
6.818422645297399 0.003032240155513775 0.8193491458736365
6.859438749393552 0.003043034903711194 0.8222660216030846
6.900701585158119 0.003053002346838251 0.8249593491740713
6.942212636801205 0.003062143170647957 0.8274293138856211
6.983973397461158 0.003070458557547234 0.8296762352388468
7.025985369258271 0.003077950173625746 0.8317005634319748
7.068250063348816 0.003084620147934608 0.8335028737611971
7.110768999979402 0.00309047108646953 0.8350838703990889
7.153543708541653 0.003095506080648701 0.8364443886854392
7.196575727627224 0.003099728676523902 0.8375853868077099
7.239866605083138 0.003103142874313053 0.838507945674724
7.28341789806747 0.003105753148969105 0.8392132744746352
7.327231173105349 0.003107564422499562 0.8397027031953205
7.37130800614531 0.003108582049969558 0.839977678842234
7.41564998261598 0.003108811835758351 0.8400397698311153
7.460258697483103 0.003108260023452821 0.8398906632570873
7.505135755306914 0.003106933269072281 0.8395321576596653
7.550282770299852 0.003104838645224899 0.8389661641458737
7.59570136638462 0.003101983648870055 0.8381947084877327
7.641393177252606 0.003098376168987671 0.8372199223861065
7.687359846422636 0.003094024478438092 0.8360440412711425
7.733603027300095 0.003088937246846721 0.8346694077838602
7.780124383236402 0.003083123516338803 0.8330984652193869
7.826925587588838 0.003076592681879777 0.8313337522146748
7.874008323780734 0.003069354497299111 0.8293779043762178
7.921374285362025 0.003061419067267689 0.8272336521122398
7.969025176070168 0.003052796818780359 0.8249038129269239
8.016962709891423 0.003043498496843503 0.8223912902551401
8.065188611122505 0.003033535168025724 0.8196990744218852
8.113704614432605 0.003022918191208407 0.8168302347387186
8.162512464925786 0.00301165920430633 0.8137879159155068
8.211613918203758 0.002999770127651271 0.810575338974714
8.26101074042902 0.002987263144390225 0.807195795954759
8.310704708388393 0.002974150679133462 0.8036526441404511
8.360697609556926 0.002960445394939193 0.7999493052482097
8.410991242162195 0.002946160185105383 0.7960892632081114
8.461587415248985 0.002931308147605205 0.7920760572560279
8.512487948744354 0.002915902575387925 0.7879132793128064
8.563694673523104 0.002899956953122584 0.7836045731043706
8.615209431473632 0.002883484934174267 0.7791536279404209
8.667034075564182 0.002866500325734522 0.7745641746964892
8.719170469909495 0.00284901708351247 0.7698399843794088
8.771620489837867 0.002831049295815164 0.7649848638256306
8.824386021958594 0.002812611165020524 0.7600026506949774
8.877468964229841 0.002793716998658387 0.7548972110606327
8.930871226026907 0.002774381198508727 0.7496724364633439
8.984594728210904 0.002754618241734503 0.7443322388132821
9.038641403197854 0.002734442669560131 0.7388805473308235
9.09301319502819 0.002713869077001184 0.7333213057713865
9.147712059436689 0.002692912096564918 0.7276584680211112
9.202739963922818 0.002671586385821816 0.7218959947385329
9.258098887821502 0.002649906616303071 0.7160378503545464
9.313790822374321 0.002627887459070801 0.7100879991732962
9.369817770801134 0.002605543572776683 0.7040504021454707
9.426181748372137 0.002582889592845024 0.6979290139454328
9.482884782480346 0.002559940116586713 0.6917277789488241
9.539928912714528 0.00253670969261806 0.685450628373403
9.597316190932558 0.002513212811567303 0.6791014777678269
9.655048681335227 0.002489463890968708 0.6726842229298496
9.713128460540494 0.002465477263993889 0.6662027368613832
9.771557617658175 0.002441267172856181 0.6596608679862765
9.830338254365088 0.002416847755856639 0.6530624366499839
9.889472484980656 0.00239223303285176 0.6464112311927611
9.948962436542953 0.00236743690092005 0.6397110067787176
10.00881024888521 0.002342473125364652 0.6329654829646147
10.06901807471279 0.002317355322975541 0.6261783391771023
10.12958807968063 0.002292096957638527 0.6193532135262155
10.1905224424711 0.002266711336004304 0.6124937016350973
10.25182335487242 0.002241211591356621 0.6056033522809795
10.31349302185747 0.002215610674609168 0.5986856649624257
10.3755336616631 0.002189921355578704 0.591744090243348
10.43794750586993 0.002164156211871151 0.5847820267498915
10.50073679948262 0.002138327612659803 0.5778028167871027
10.56390380101059 0.002112447723136515 0.5708097475416963
10.62745078254932 0.00208652849985204 0.5638060498229566
10.69138002986203 0.002060581672288481 0.5567948930833839
10.7556938424619 0.00203461874368836 0.5497793856427199
10.82039453369479 0.002008650993472092 0.5427625753411778
10.88548443082247 0.001982689462913159 0.5357474456686965
10.95096587510631 0.001956744946546002 0.5287369134432457
11.01684122189147 0.001930828001116917 0.5217338312294705
11.08311284069168 0.001904948938758002 0.514740985494204
11.14978311527443 0.001879117810191898 0.5077610920681824
11.21685444374672 0.001853344415070872 0.5007967989397912
11.28432923864131 0.001827638302831627 0.4938506864860472
11.35220992700354 0.00180200875616884 0.4869252630069412
11.42049895047856 0.001776464793550846 0.480022965405208
11.48919876539923 0.001751015178226095 0.4731461616199835
11.55831184287442 0.001725668408248002 0.4662971479313934
11.62784066887791 0.001700432707507176 0.4594781465373515
11.69778774433782 0.001675316040317124 0.4526913094947972
11.76815558522656 0.001650326109726637 0.445938718263682
11.83894672265132 0.001625470342288187 0.4392223795912009
11.91016370294514 0.001600755900464029 0.4325442288640741
11.98180908775847 0.001576189688995299 0.4259061318295586
12.05388545415131 0.001551778342715479 0.4193098813024932
12.12639539468595 0.00152752822830027 0.4127571976381371
12.19934151752018 0.001503445458288719 0.4062497325208525
12.27272644650111 0.0014795358864191 0.3997890677038016
12.34655282125957 0.00145580509861567 0.3933767125734561
12.42082329730504 0.001432258430166389 0.3870141087912306
12.49554054612116 0.001408900968700218 0.3807026310979867
12.57070725526186 0.001385737542341716 0.3744435841132567
12.64632612844798 0.001362772731641513 0.3682382055590067
12.72239988566455 0.0013400108790002 0.3620876688060886
12.79893126325863 0.001317456081557675 0.3559930809528536
12.87592301403773 0.001295112199087822 0.3499554849583922
12.95337790736882 0.001272982856431594 0.343975860299984
13.03129872927796 0.001251071442129111 0.3380551226034738
13.10968828255048 0.001229381123935662 0.3321941278358879
13.18854938683184 0.001207914848290331 0.3263936721618517
13.26788487872902 0.001186675344702035 0.3206544931287512
13.34769761191256 0.00116566512444385 0.3149772693139231
13.42799045721921 0.001144886487234858 0.3093626221301742
13.50876630275517 0.001124341533863836 0.3038111192368592
13.59002805400002 0.00110403216407132 0.2983232739675883
13.67177863391118 0.001083960075662499 0.2928995450905194
13.7540209830291 0.001064126780508058 0.2875403411319868
13.83675805958297 0.001044533607779459 0.2822460212507136
13.91999283959716 0.001025181698670701 0.2770168938115648
14.00372831699829 0.00100607201983529 0.2718532200163868
14.08796750372286 0.0009872053716298462 0.2667552161315297
14.17271342982564 0.0009685823847031259 0.2617230525661611
14.25796914358864 0.0009502035258119194 0.2567568554437928
14.34373771163077 0.0009320691103042939 0.2518567099754095
14.43002221901811 0.0009141793029854729 0.2470226606934401
14.51682576937491 0.0008965341171849082 0.242254711199669
14.60415148499523 0.0008791334282757796 0.2375528278183734
14.69200250695523 0.0008619769784832343 0.23291694089557
14.78038199522615 0.0008450643743121214 0.2283469441039563
14.86929312878798 0.0008283950961538811 0.2238426970388124
14.95873910574384 0.0008119685066256529 0.2194040274713321
15.04872314343496 0.0007957838501724786 0.2150307312411331
15.13924847855642 0.000779840256641056 0.2107225732219296
15.2303183672736 0.0007641367518866123 0.2064792901876424
15.3219360853393 0.0007486722603632953 0.2023005915123545
15.41410492821153 0.0007334456048113157 0.1981861590857737
15.50682821117208 0.0007184555162197861 0.194135650005315
15.60010926944577 0.0007037006388434958 0.1901486979316969
15.69395145832038 0.0006891795298455001 0.1862249129923639
15.7883581532674 0.0006748906654936444 0.1823638834558649
15.88333275006339 0.0006608324482444514 0.1785651776460077
15.97887866491215 0.0006470032080603493 0.1748283442977911
16.07499933456759 0.0006334012047203204 0.1711529131817703
16.17169821645737 0.000620024635628853 0.1675383972141337
16.26897878880723 0.0006068716387982998 0.163984293262573
16.36684455076612 0.0005939402934652511 0.1604900823128353
16.46529902253208 0.0005812286265149951 0.1570552312046923
16.56434574547881 0.000568734616738701 0.1536791937822841
16.66398828228309 0.0005564561958357586 0.1503614111649642
16.76423021705294 0.0005443912522070631 0.1471013127722924
16.86507515545651 0.0005325376360399306 0.1438983176980424
16.96652672485178 0.0005208931612001046 0.1407518352214452
17.06858857441703 0.0005094556070797749 0.1376612653065474
17.17126437528214 0.0004982227235118012 0.1346259999300958
17.27455782066058 0.0004871922333078766 0.1316454237673803
17.37847262598229 0.0004763618335907153 0.1287189145522081
17.48301252902732 0.0004657291994933743 0.1258458440765066
17.58818129006027 0.0004552919871139909 0.1230255789887301
17.69398269196554 0.0004450478350479754 0.1202574812078776
17.80042054038342 0.0004349943668040864 0.1175409085763466
17.90749866384694 0.0004251291937855226 0.1148752156654609
18.01522091391964 0.0004154499170009864 0.1122597542378219
18.12359116533404 0.0004059541288429819 0.1096938737278266
18.23261331613107 0.0003966394156376321 0.10717692193066
18.34229128780023 0.0003875033593430817 0.1047082454612248
18.45262902542071 0.0003785435391767301 0.1022871901938402
18.56363049780323 0.0003697575336313051 0.09991310180701017
18.67529969763284 0.0003611429219996036 0.09758532619542716
18.78764064161249 0.0003526972858406258 0.09530320986614009
18.90065737060757 0.0003444182107911326 0.09306610042805975
19.0143539497912 0.0003363032877605171 0.09087334691482803
19.12873446879051 0.0003283501140948859 0.08872430009936713
19.24380304183367 0.0003205562953664613 0.08661831297739833
19.35956380789796 0.0003129194463606383 0.08455474103415732
19.47602093085858 0.0003054371918391004 0.0825329424505974
19.59317859963845 0.000298107168101354 0.08055227852533574
19.71104102835891 0.0002909270241862082 0.07861211399930805
19.82961245649123 0.0002838944221513333 0.07671181713130895
19.94889714900919 0.0002770070381601039 0.0748507599916704
20.06889939654243 0.0002702625641049568 0.07302831890091341
20.18962351553079 0.0002636587075617016 0.07124387441740206
20.31107384837959 0.0002571931923253111 0.06949681148212082
20.4332547636158 0.0002508637601038096 0.06778651987638434
20.55617065604522 0.0002446681707287833 0.06611239427871991
20.67982594691049 0.0002386042020741881 0.06447383424292838
20.80422508405019 0.0002326696513240761 0.06287024454063975
20.92937254205879 0.0002268623359343092 0.06130103542117998
21.05527282244758 0.0002211800930060489 0.05976562244228031
21.18193045380665 0.000215620779896719 0.05826342663516696
21.30934999196772 0.000210182275776953 0.05679387492526766
21.43753602016806 0.0002048624809466461 0.05535639994740056
21.5664931492153 0.0001996593167900711 0.05395044003364574
21.69622601765332 0.000194570727228844 0.05257543960595484
21.82673929192908 0.0001895946787446446 0.0512308491822904
21.95803766656046 0.0001847291596468811 0.04991612517873968
22.09012586430514 0.0001799721809502637 0.04863073014664593
22.22300863633048 0.0001753217773687805 0.04737413304119326
22.35669076238438 0.0001707760061538433 0.04614580890745899
22.49117705096725 0.0001663329472725195 0.04494523892857415
22.62647233950495 0.0001619907048745152 0.0437719108221207
22.76258149452277 0.0001577474064191146 0.04262531860421957
22.89950941182054 0.0001536012021608518 0.04150496245055281
23.03726101664865 0.0001495502663143392 0.04041034901111482
23.17584126388527 0.0001455927971787665 0.03934099144385334
23.31525513821456 0.0001417270159796624 0.03829640910169923
23.45550765430593 0.0001379511673636795 0.03727612766626339
23.59660385699449 0.0001342635204847756 0.03627967944133659
23.73854882146243 0.0001306623676405185 0.03530660298440189
23.88134765342164 0.0001271460240901103 0.03435644305746264
24.02500548929732 0.0001237128293435334 0.03342875097538578
24.16952749641275 0.000120361146431879 0.03252308440873549
24.31491887317515 0.0001170893610379326 0.03163900714884656
24.46118484926266 0.000113895882328855 0.03077608933282515
24.60833068581249 0.0001107791433184715 0.0299339075414439
24.7563616756101 0.0001077375994857551 0.0291120444258388
24.90528314327963 0.0001047697289356797 0.0283100887509738
25.05510044547539 0.0001018740335185724 0.0275276356981037
25.20581897107455 9.904903752461068e-05 0.02676428651201101
25.357444141371 9.629328721229774e-05 0.02601964837359416
25.5099814102703 9.360535186226507e-05 0.02529333468461801
25.66343626448592 9.098382333884698e-05 0.0245849649492459
25.81781422373652 8.842731498640149e-05 0.02389416447581173
25.97312084094457 8.593446214219133e-05 0.02322056451540681
26.12936170243603 8.35039227259506e-05 0.02256380242118818
26.28654242814131 8.113437580780789e-05 0.0219235212614135
26.44466867179741 7.882452150373388e-05 0.02129936979118969
26.6037461211513 7.657308202360212e-05 0.0206910027356721
26.76378049816449 7.437880060200486e-05 0.0200980805011575
26.92477755921884 7.224044079909795e-05 0.01952026898616375
27.08674309532363 7.015678728999506e-05 0.0189572397947339
27.24968293232387 6.812664575069259e-05 0.01840867020561169
27.41360293110984 6.614884163466633e-05 0.0178742428416627
27.57850898782788 6.422222040456173e-05 0.01735364573247999
27.74440703409252 6.234564826199755e-05 0.01684657251158608
27.91130303719981 6.051801080937312e-05 0.01635272205483663
28.07920300034196 5.873821273857068e-05 0.0158717983963039
28.24811296282329 5.700517872618284e-05 0.0154035109701784
28.41803900027744 5.531785267864013e-05 0.0149475744067929
28.58898722488593 5.367519687718673e-05 0.01450370830158424
28.76096378559799 5.207619250707797e-05 0.01407163735808905
28.93397486835177 5.051983981406841e-05 0.01365109143022884
29.1080266962968 4.900515686929703e-05 0.01324180518856653
29.28312553001787 4.753117957767463e-05 0.0128435181225728
29.4592776677602 4.609696243321038e-05 0.01245597474472482
29.63648944565603 4.470157738494224e-05 0.01207892428406642
29.81476723795246 4.334411336443984e-05 0.01171212055853355
29.99411745724076 4.202367698601957e-05 0.01135532216416105
30.17454655468706 4.073939211200858e-05 0.01100829235761163
30.35606102026435 3.949039891196531e-05 0.01067079880196546
30.53866738298595 3.827585415524744e-05 0.01034261364577572
30.72237221114033 3.709493156318826e-05 0.01002351361823103
30.90718211252742 3.594682064496426e-05 0.009713279714592338
31.09310373469621 3.483072653647098e-05 0.00941169715265518
31.28014376518396 3.374587068816524e-05 0.009118555558613227
31.46830893175665 3.26914899992113e-05 0.008833648733093766
31.65760600265105 3.166683622597055e-05 0.008556774491324233
31.84804178681812 3.067117647753092e-05 0.008287734797030448
32.03962313416796 2.970379306041033e-05 0.008026335720473539
32.23235693581619 2.876398252106724e-05 0.007772387179724356
32.42625012433181 2.785105574228735e-05 0.007525702966708341
32.62130967398656 2.696433839570221e-05 0.007286100869481719
32.81754260100581 2.610316992181106e-05 0.007053402396620666
33.01495596382091 2.52669032447818e-05 0.006827432700156962
33.21355686332307 2.445490533515628e-05 0.006608020727627985
33.4133524431188 2.366655662343705e-05 0.006394999063620541
33.61434988978685 2.290125033878905e-05 0.006188203751079799
33.81655643313671 2.215839281387664e-05 0.005987474373680053
34.01997934646867 2.143740354108676e-05 0.005792654071016939
34.22462594683541 2.073771426038083e-05 0.005603589292133617
34.43050359530524 2.005876890895956e-05 0.005420129781919579
34.63761969722685 1.94000240825237e-05 0.005242128705749066
34.84598170249565 1.876094821278713e-05 0.005069442427234826
35.0555971058218 1.814102119419709e-05 0.004901930407363276
35.26647344699975 1.753973480056146e-05 0.004739455317072377
35.47861831117944 1.695659234973289e-05 0.004581882946645109
35.69203932913916 1.639110802265839e-05 0.004429082021708174
35.90674417756002 1.584280700742403e-05 0.004280924242154662
36.12274057930207 1.53112256895807e-05 0.004137284333572449
36.34003630368208 1.47959108363873e-05 0.003998039826816529
36.55863916675303 1.429641944588231e-05 0.00386307101722626
36.77855703158521 1.381231915017384e-05 0.003732261073599385
36.9997978085491 1.334318761255157e-05 0.003605495875284126
37.22236945559986 1.288861209958403e-05 0.003482663896554554
37.4462799785636 1.244818975598565e-05 0.003363656280883079
37.67153743142533 1.202152746977148e-05 0.00324836680450358
37.89814991661868 1.160824121656081e-05 0.003136691699234056
38.12612558531732 1.120795608057691e-05 0.003028529658151017
38.35547263772817 1.082030650553753e-05 0.00292378190338323
38.58619932338635 1.044493561246999e-05 0.002822352001776837
38.81831394145193 1.008149498329476e-05 0.002724145806416943
39.05182484100842 9.729644974935476e-06 0.002629071541504057
39.2867404213631 9.389054321842856e-06 0.002537039694951092
39.52306913234914 9.059399689772343e-06 0.002447962897808519
39.76081947462954 8.740365829080383e-06 0.002361755965686932
40.00000000000288 8.431645576366095e-06 0.002278335899200646
