##########################################################################################
#
# SZ signal computed with SZpack v1.1.1
# Runmode: CNSN-basis
#
# General parameters:
# xmin= 0.1 xmax= 40 np= 1000
# Dtau= 0.01
# Te= 39keV (The ~ 0.0763211)
# betac= 0 muc= 1
# betao= 0 muo= 1
#
# Runmode specific parameters:
# eps= 0
# Te_order= 20 beta_order= 2
#
##########################################################################################
#
# Output format: x = (h nu/k T0) | x^3 Dn(x) | DI(x) in MJy/sr 
# Here a CMB temperature of T0 = 2.726 K is assumed.
#
##########################################################################################
0.1 -1.348746021003356e-05 -0.003644480132287942
0.1006015482792701 -1.364984365409345e-05 -0.003688358166141084
0.1012067151618632 -1.381417759006172e-05 -0.003732763247258692
0.1018155224154252 -1.39804853426758e-05 -0.003777701678276014
0.1024279919385451 -1.414879050605569e-05 -0.003823179834618836
0.1030441457615424 -1.431911694839897e-05 -0.003869204165772122
0.1036640060472596 -1.449148883129071e-05 -0.003915781200497805
0.1042875950918594 -1.46659305999148e-05 -0.003962917544189757
0.1049149353256267 -1.484246698021944e-05 -0.004010619878107871
0.1055460493137754 -1.502112299682121e-05 -0.004058894964215966
0.10618095975726 -1.52019239754453e-05 -0.004107749645841163
0.1068196894935924 -1.538489553236489e-05 -0.004157190844820283
0.1074622614976628 -1.557006358511646e-05 -0.004207225564395249
0.1081086988825668 -1.575745436882935e-05 -0.00425786089362554
0.1087590249004362 -1.594709442219818e-05 -0.004309104003597761
0.1094132629432757 -1.613901058991926e-05 -0.004360962148084001
0.1100714365438043 -1.633323004462485e-05 -0.004413442669468729
0.1107335693763015 -1.652978027977361e-05 -0.004466552996827714
0.1113996852574591 -1.672868910339933e-05 -0.004520300644238857
0.1120698081472377 -1.692998465566893e-05 -0.004574693215526573
0.1127439621497288 -1.713369541717523e-05 -0.004629738406502606
0.1134221715140214 -1.73398501950541e-05 -0.004685444001214713
0.1141044606350749 -1.754847813162237e-05 -0.004741817874280722
0.1147908540545956 -1.775960872609872e-05 -0.004798867996757805
0.1154813764619206 -1.797327182005931e-05 -0.004856602432212394
0.1161760526949047 -1.818949759699614e-05 -0.004915029336600856
0.1168749077408149 -1.84083166058788e-05 -0.004974156964636157
0.1175779667372284 -1.862975975855898e-05 -0.005033993669086544
0.118285254972937 -1.885385831951231e-05 -0.005094547898003649
0.118996797888857 -1.908064392216031e-05 -0.005155828199132896
0.119712621078944 -1.931014858400001e-05 -0.005217843224001702
0.1204327502911136 -1.954240468967643e-05 -0.005280601723345455
0.1211572114281675 -1.977744499706874e-05 -0.005344112548752069
0.1218860305487253 -2.001530266360855e-05 -0.005408384659773523
0.1226192338681618 -2.025601123314768e-05 -0.005473427120377351
0.12335684775955 -2.049960463177282e-05 -0.005539249097815727
0.1240988987546095 -2.074611719193262e-05 -0.005605859869144897
0.124845413544661 -2.099558365613812e-05 -0.005673268822225088
0.1255964189815867 -2.124803916231746e-05 -0.005741485451763155
0.1263519420787953 -2.150351925803336e-05 -0.005810519363154344
0.1271120100121947 -2.17620599229637e-05 -0.005880380278556798
0.1278766501211688 -2.202369754977919e-05 -0.005951078031724489
0.128645889909561 -2.228846894710554e-05 -0.006022622568807622
0.1294197570466637 -2.255641136921394e-05 -0.006095023956375366
0.1301982793682135 -2.282756250670009e-05 -0.006168292378897228
0.1309814848773924 -2.310196047760745e-05 -0.006242438136344435
0.1317694017458348 -2.337964385091728e-05 -0.006317471650537234
0.1325620583146414 -2.366065165824713e-05 -0.006393403468305976
0.1333594830953982 -2.394502337473701e-05 -0.006470244256326318
0.1341617047712022 -2.423279893036299e-05 -0.006548004804176298
0.1349687521976928 -2.452401873956862e-05 -0.006626696032343114
0.1357806544040905 -2.481872368161629e-05 -0.006706328986913818
0.13659744059424 -2.511695509957446e-05 -0.006786914839301657
0.1374191401476617 -2.541875483201041e-05 -0.00686846489480984
0.1382457826206078 -2.57241652099153e-05 -0.006950990591800657
0.1390773977471256 -2.60332290423832e-05 -0.007034503497825773
0.1399140154401271 -2.634598963827852e-05 -0.007119015315481042
0.140755665792465 -2.666249082714668e-05 -0.00720453788805682
0.1416023790780148 -2.698277693607617e-05 -0.007291083193285819
0.1424541857527642 -2.730689279748678e-05 -0.007378663345447574
0.1433111164559082 -2.763488378472376e-05 -0.007467290604986433
0.1441732020109516 -2.796679579456599e-05 -0.007556977373785047
0.1450404734268171 -2.830267524105251e-05 -0.007647736193496214
0.1459129618989614 -2.864256908769395e-05 -0.007739579754246824
0.1467906988104967 -2.898652485303313e-05 -0.00783252089614039
0.1476737157333199 -2.93345905904052e-05 -0.007926572603787988
0.148562044429248 -2.968681490660866e-05 -0.008021748011353398
0.1494557168511607 -3.004324699260902e-05 -0.008118060410849627
0.1503547651441497 -3.040393659759916e-05 -0.008215523245129683
0.151259221646675 -3.076893403248452e-05 -0.008314150108828317
0.152169118891728 -3.113829020974653e-05 -0.008413954759133632
0.1530844896080017 -3.151205663127234e-05 -0.008514951112498502
0.1540053667210681 -3.189028537581235e-05 -0.008617153241251464
0.1549317833545624 -3.227302913013046e-05 -0.008720575382013885
0.1558637728313743 -3.266034120530539e-05 -0.008825231940104797
0.156801368674847 -3.305227551055642e-05 -0.008931137482468276
0.1577446046099826 -3.344888656789002e-05 -0.009038306741631148
0.1586935145646554 -3.385022955214952e-05 -0.009146754626524908
0.1596481326708324 -3.425636026461721e-05 -0.009256496215352681
0.1606084932658007 -3.466733513103899e-05 -0.009367546755055451
0.1615746308934029 -3.508321124385975e-05 -0.009479921672724599
0.1625465803052792 -3.550404635861482e-05 -0.009593636574626811
0.1635243764621181 -3.592989887405053e-05 -0.009708707240832427
0.1645080545349132 -3.636082786058861e-05 -0.009825149632906857
0.1654976499062288 -3.679689308889944e-05 -0.009942979901631446
0.1664931981714723 -3.723815499846755e-05 -0.01006221437850946
0.1674947351401746 -3.768467470738674e-05 -0.01018286957841288
0.1685022968372784 -3.813651406001747e-05 -0.01030496221245998
0.1695159195044337 -3.859373560378396e-05 -0.01042850918174568
0.1705356396013016 -3.905640258015862e-05 -0.01055352757490533
0.1715614938068656 -3.952457896724482e-05 -0.01068003467962121
0.172593519020751 -3.999832948782433e-05 -0.01080804798479698
0.1736317523645521 -4.047771958158655e-05 -0.0109375851730537
0.1746762311831677 -4.096281542935032e-05 -0.01106866412727484
0.1757269930461439 -4.145368399449007e-05 -0.01120130294180017
0.1767840757490262 -4.195039298799184e-05 -0.01133551991298347
0.1778475173147181 -4.245301087234858e-05 -0.01147133354024504
0.1789173559948495 -4.296160691446551e-05 -0.01160876254036743
0.1799936302711521 -4.347625116983849e-05 -0.01174782584322023
0.1810763788568441 -4.399701446494962e-05 -0.01188854258700313
0.1821656406980222 -4.452396843806039e-05 -0.01203093212926874
0.1832614549750625 -4.505718556155457e-05 -0.01217501405295995
0.1843638611040305 -4.559673910636338e-05 -0.01232080815679711
0.1854728987380978 -4.614270316061104e-05 -0.01246833446031635
0.1865886077689693 -4.669515268304511e-05 -0.01261761321830705
0.1877110283283176 -4.725416346783321e-05 -0.01276866491129959
0.1888402007892269 -4.781981214101046e-05 -0.01292151024460525
0.1899761657676448 -4.83921762160251e-05 -0.01307617016332549
0.1911189641238435 -4.897133408950274e-05 -0.01323266585120727
0.1922686369638894 -4.955736501386314e-05 -0.01339101872324384
0.1934252256411219 -5.015034913415656e-05 -0.01355125043562835
0.1945887717576404 -5.075036752649488e-05 -0.01371338289613842
0.1957593171658014 -5.135750215570709e-05 -0.01387743825269413
0.1969369039697233 -5.197183588734039e-05 -0.01404343889660085
0.1981215745268011 -5.259345255054647e-05 -0.01421140747954194
0.19931337144923 -5.32224369075224e-05 -0.01438136690532126
0.2005123376055381 -5.385887464045302e-05 -0.01455334032633484
0.2017185161221286 -5.450285240694892e-05 -0.01472735115855093
0.2029319503848305 -5.515445785129802e-05 -0.01490342308455034
0.2041526840404598 -5.581377956670802e-05 -0.01508158004332381
0.205380760998389 -5.648090712615058e-05 -0.01526184623860656
0.2066162254321268 -5.715593113731906e-05 -0.01544424615372851
0.2078591217809067 -5.783894319599868e-05 -0.01562880453901436
0.2091094947512857 -5.853003589003913e-05 -0.015815546412857
0.2103673893187526 -5.922930286841389e-05 -0.01600449708037823
0.2116328507293451 -5.993683882074074e-05 -0.01619568212789491
0.2129059245012778 -6.06527394527917e-05 -0.01638912741630149
0.2141866564265795 -6.137710153895507e-05 -0.01658485909524584
0.2154750925727398 -6.211002295215922e-05 -0.01678290361121511
0.2167712792843669 -6.285160261602846e-05 -0.0169832876946076
0.2180752631848539 -6.360194052803828e-05 -0.01718603836598959
0.2193870911780562 -6.436113782947158e-05 -0.01739118295499842
0.2207068104499787 -6.512929675895098e-05 -0.01759874908778631
0.2220344684704725 -6.590652064635834e-05 -0.01780876468537737
0.2233701129949433 -6.669291398449687e-05 -0.01802125798303154
0.2247137920660681 -6.748858242403245e-05 -0.01823625752887774
0.2260655540155243 -6.82936327361121e-05 -0.01845379217381288
0.2274254474657272 -6.910817285902381e-05 -0.01867389108410993
0.2287935213315797 -6.993231194910655e-05 -0.01889658375517442
0.2301698248222314 -7.076616032363014e-05 -0.01912189999610991
0.2315544074428487 -7.160982947487396e-05 -0.01934986993352222
0.2329473189963953 -7.246343215223224e-05 -0.01958052403370527
0.2343486095854241 -7.332708232240989e-05 -0.01981389309188555
0.2357583296138787 -7.420089515014783e-05 -0.02005000822701383
0.237176529788907 -7.50849870681689e-05 -0.0202889009006654
0.2386032611226849 -7.597947579319434e-05 -0.02053060292136798
0.2400385749342508 -7.688448027508291e-05 -0.02077514643085843
0.2414825228513524 -7.780012073483712e-05 -0.02102256391435253
0.2429351568123028 -7.872651873584393e-05 -0.02127288821979507
0.2443965290678495 -7.96637971224603e-05 -0.02152615254126496
0.2458666921830531 -8.061208002332096e-05 -0.02178239041986897
0.2473456990391787 -8.157149293931431e-05 -0.02204163576751397
0.2488336028355976 -8.254216271718162e-05 -0.02230392285977305
0.250330457091701 -8.352421751587096e-05 -0.02256928632679398
0.2518363156488252 -8.451778687221267e-05 -0.02283776117104551
0.2533512326721881 -8.552300173963478e-05 -0.02310938277777878
0.2548752626528374 -8.653999442488503e-05 -0.0233841868979288
0.2564084604096108 -8.756889861561216e-05 -0.02366220965556728
0.2579508810911079 -8.860984946907432e-05 -0.02394348757187274
0.2595025801776736 -8.966298355343703e-05 -0.02422805754926848
0.261063613483394 -9.072843883483103e-05 -0.02451595686792545
0.2626340371581039 -9.180635476374234e-05 -0.02480722320910594
0.2642139076894062 -9.289687228769207e-05 -0.02510189465858981
0.2658032819047042 -9.400013378277896e-05 -0.02540000968817643
0.2674022169732455 -9.511628309858693e-05 -0.02570160716781925
0.2690107704081783 -9.624546565345897e-05 -0.02600672639137002
0.2706290000686201 -9.738782834675414e-05 -0.0263154070528695
0.2722569641617388 -9.854351956913367e-05 -0.02662768924932695
0.2738947212448469 -9.971268931043153e-05 -0.02694361350986805
0.2755423302275071 -0.0001008954891066902 -0.0272632207814233
0.2771998503736515 -0.0001020920720134804 -0.02758655242151877
0.2788673413037137 -0.0001033025926930616 -0.02791365022182777
0.2805448629967726 -0.0001045272074330397 -0.02824455641321265
0.2822324757927104 -0.000105766074079611 -0.02857931364768621
0.283930240394383 -0.0001070193520828952 -0.02891796501066151
0.285638217869803 -0.0001082872025856109 -0.02926055404491284
0.2873564696543368 -0.0001095697883437919 -0.02960712472915247
0.2890850575529139 -0.0001108672737280132 -0.02995772147836184
0.2908240437422505 -0.000112179824831346 -0.03031238917296238
0.2925734907730859 -0.0001135076094354512 -0.0306711731496535
0.294333461572432 -0.000114850796965153 -0.03103411918913789
0.2961040194458372 -0.0001162095585672966 -0.03140127353742982
0.2978852280796634 -0.0001175840671583702 -0.03177268291872315
0.2996771515433765 -0.0001189744973423682 -0.03214839451319697
0.3014798542918515 -0.0001203810254418609 -0.03252845596541112
0.3032934011676903 -0.0001218038296066907 -0.03291291541367709
0.3051178574035545 -0.0001232430897368688 -0.03330182146922388
0.3069532886245115 -0.0001246989874665097 -0.03369522321185681
0.3087997608503953 -0.0001261717062715756 -0.03409317021907144
0.3106573404981812 -0.0001276614314606873 -0.03449571256357063
0.3125260943843745 -0.0001291683501094561 -0.03490290079552007
0.3144060897274139 -0.0001306926511268195 -0.03531478596047313
0.3162973941500897 -0.0001322345253323089 -0.03573141962024941
0.3182000756819758 -0.0001337941653620489 -0.03615285382753477
0.3201142027618771 -0.0001353717656837544 -0.03657914112993361
0.3220398442402905 -0.0001369675227177067 -0.03701033460265812
0.3239770693818822 -0.0001385816347718231 -0.0374464878309833
0.3259259478679787 -0.0001402143020049042 -0.03788765490031597
0.3278865497990735 -0.0001418657265277456 -0.03833389042351634
0.3298589456973481 -0.0001435361124240593 -0.03878524954655129
0.3318432065092091 -0.000145225665664929 -0.03924178792537903
0.3338394036078401 -0.0001469345941588101 -0.03970356173945985
0.3358476087957689 -0.0001486631078555986 -0.04017062771987673
0.3378678943074497 -0.0001504114186471473 -0.0406430431224537
0.3399003328118625 -0.0001521797403638312 -0.04112086572682762
0.3419449974151257 -0.0001539682888992415 -0.04160415387014213
0.3440019616631268 -0.0001557772821667437 -0.04209296643530913
0.3460712995441669 -0.000157606940039744 -0.042587362834868
0.3481530854916227 -0.0001594574844400371 -0.04308740303485817
0.3502473943866234 -0.0001613291393913247 -0.04359314756928072
0.3523543015607447 -0.0001632221309162751 -0.04410465751228237
0.3544738827987177 -0.0001651366870675735 -0.04462199448654577
0.3566062143411555 -0.0001670730380514311 -0.04514522069666317
0.3587513728872951 -0.0001690314161322172 -0.04567439890336689
0.3609094355977566 -0.000171012055607466 -0.04620959241677569
0.3630804800973185 -0.000173015192927738 -0.04675086512878301
0.3652645844777097 -0.0001750410666818975 -0.04729828150907864
0.3674618273004187 -0.0001770899175138922 -0.04785190658266154
0.369672287599519 -0.0001791619881929563 -0.04841180594880966
0.3718960448845125 -0.0001812575236982729 -0.04897804580395664
0.374133179143189 -0.0001833767711037353 -0.0495506929105531
0.3763837708445035 -0.000185519979588314 -0.05012981459986769
0.3786479009414707 -0.0001876874005680624 -0.05071547880765686
0.3809256508740766 -0.0001898792876160985 -0.05130775405254278
0.3832171025722083 -0.0001920958964129876 -0.05190670942260626
0.3855223384586003 -0.0001943374848536955 -0.05251241460428672
0.3878414414518001 -0.0001966043130655316 -0.05312493988723069
0.3901744949691499 -0.0001988966433032013 -0.0537443561359337
0.3925215829297878 -0.0002012147399967846 -0.05437073480270463
0.3948827897576659 -0.000203558869861223 -0.05500414795725043
0.3972582003845871 -0.0002059293017769571 -0.05564466825442304
0.3996479002532602 -0.0002083263067775213 -0.05629236893086708
0.402051975320373 -0.0002107501581786038 -0.05694732383989377
0.4044705120596843 -0.0002132011315224653 -0.0576096074364619
0.4069035974651345 -0.0002156795045025252 -0.05827929475680024
0.4093513190539743 -0.0002181855570501834 -0.05895646144186788
0.4118137648699132 -0.0002207195713848669 -0.05964118375087731
0.4142910234862858 -0.0002232818318917287 -0.06033353852824726
0.4167831840092382 -0.000225872625145142 -0.06103360320995108
0.4192903360809331 -0.000228492240031292 -0.06174145585664266
0.4218125698827739 -0.000231140967635669 -0.06245717512325545
0.4243499761386489 -0.0002338191012054742 -0.06318084024884431
0.4269026461181943 -0.0002365269362648935 -0.06391253108773368
0.429470671640077 -0.0002392647705890606 -0.06465232810248225
0.4320541450752978 -0.0002420329041042893 -0.06540031233692443
0.4346531593505136 -0.0002448316389490647 -0.06615656543265093
0.43726780795138 -0.0002476612795500676 -0.06692116964955151
0.4398981849259138 -0.0002505221324897317 -0.06769420783002723
0.4425443848878763 -0.0002534145065043016 -0.06847576339846585
0.4452065030201759 -0.0002563387126044177 -0.06926592039382519
0.4478846350782926 -0.0002592950639803283 -0.07006476344402028
0.4505788773937215 -0.0002622838759377348 -0.07087237774858811
0.4532893268774382 -0.0002653054659897324 -0.07168884910353099
0.4560160810233846 -0.0002683601538599369 -0.07251426390216144
0.458759237911976 -0.0002714482613627799 -0.07334870910275659
0.4615188962136283 -0.0002745701124351769 -0.07419227223711518
0.464295155192308 -0.0002777260332262785 -0.0750450414348095
0.4670881147091019 -0.0002809163519646696 -0.07590710538730092
0.4698978752258099 -0.0002841413989302923 -0.07677855334035316
0.4727245378085577 -0.0002874015065582968 -0.0776594751220941
0.4755682041314329 -0.0002906970093680163 -0.07854996112382384
0.4784289764801414 -0.0002940282438739949 -0.07945010227597342
0.4813069577556875 -0.0002973955486470204 -0.08035999006459656
0.4842022514780743 -0.0003007992643392234 -0.08127971653815177
0.487114961790028 -0.0003042397335518161 -0.08220937427176381
0.4900451934607434 -0.0003077173008366424 -0.08314905636764243
0.4929930518896525 -0.0003112323127817532 -0.08409885647820597
0.4959586431102161 -0.0003147851178889663 -0.08505886877299643
0.4989420737937372 -0.0003183760665197753 -0.08602918792406343
0.5019434512531983 -0.0003220055109695873 -0.08700990912602426
0.504962883447121 -0.0003256738054194299 -0.08800112808301426
0.5080004789834501 -0.000329381305827602 -0.08900294097940974
0.5110563471234592 -0.0003331283699550986 -0.09001544448669803
0.5141305977856812 -0.000336915357398025 -0.09103873577223613
0.5172233415498623 -0.0003407426294525467 -0.09207291246275853
0.520334689660939 -0.0003446105490876177 -0.09311807263700811
0.52346475403304 -0.0003485194810063916 -0.09417431484233001
0.5266136472535116 -0.0003524697915410291 -0.0952417380662476
0.5297814825869668 -0.0003564618485755637 -0.0963204417156195
0.5329683739793606 -0.0003604960215805736 -0.09741052562600863
0.5361744360620875 -0.0003645726815777821 -0.09851209005211659
0.5393997841561053 -0.0003686922010214388 -0.09962523563573147
0.5426445342760833 -0.000372854953787078 -0.1007500634026904
0.5459088031345746 -0.0003770613151896663 -0.1018866747677828
0.5491927081462149 -0.0003813116618560693 -0.1030351715002898
0.5524963674319456 -0.0003856063716719066 -0.1041956557096235
0.5558198998232626 -0.0003899458238011335 -0.1053682298506184
0.5591634248664905 -0.0003943303985957224 -0.1065529966991257
0.5625270628270829 -0.0003987604775033115 -0.1077500593270596
0.565910934693948 -0.0004032364430563626 -0.1089595210994669
0.5693151621838011 -0.0004077586788300564 -0.1101814856631501
0.5727398677455418 -0.0004123275693252809 -0.1114160569150496
0.5761851745646592 -0.0004169434999235883 -0.1126633389900719
0.5796512065676627 -0.0004216068568652352 -0.1139234362551563
0.5831380884265391 -0.0004263180271358285 -0.1151964532786453
0.5866459455632378 -0.0004310773983934632 -0.1164824948105957
0.5901749041541815 -0.0004358853589330967 -0.1177816657731527
0.5937250911348052 -0.0004407422975969104 -0.1190940712363283
0.5972966342041217 -0.0004456486036795393 -0.1204198163923927
0.6008896618293151 -0.0004506046668709011 -0.121759006540427
0.6045043032503616 -0.000455610877178638 -0.1231117470653651
0.6081406884846782 -0.0004606676248250372 -0.1244781434101407
0.6117989483317994 -0.0004657753001745206 -0.125858301056094
0.6154792143780822 -0.0004709342936471636 -0.1272523254996037
0.619181619001439 -0.0004761449956155552 -0.1286603222242168
0.6229062953760992 -0.0004814077963241873 -0.130082396678867
0.6266533774773996 -0.0004867230857911663 -0.131518654251316
0.6304230000866031 -0.000492091253691763 -0.1329692002366866
0.6342152987957473 -0.0004975126892780843 -0.1344341398157579
0.6380304100125211 -0.0005029877812804588 -0.1359135780283176
0.6418684709651717 -0.0005085169177591281 -0.1374076197330878
0.6457296197074404 -0.0005141004860243785 -0.1389163695861432
0.6496139951235281 -0.0005197388725466817 -0.1404399320166301
0.6535217369330918 -0.0005254324627856158 -0.1419784111805387
0.6574529856962692 -0.0005311816410793961 -0.1435319109308532
0.6614078828187353 -0.0005369867905750399 -0.1451005347986809
0.6653865705567885 -0.0005428482930665882 -0.1466843859495383
0.6693891920224675 -0.0005487665288122245 -0.1482835671339337
0.673415891188699 -0.0005547418764860835 -0.149898180674346
0.6774668128944764 -0.0005607747130487586 -0.1515283284302336
0.6815421028500694 -0.0005668654134952061 -0.1531741117299153
0.6856419076422656 -0.0005730143507905209 -0.1548356313532161
0.6897663747396426 -0.0005792218957821988 -0.1565129875077591
0.693915652497873 -0.0005854884169385098 -0.158206279758271
0.6980898901650602 -0.0005918142801875465 -0.1599156069830909
0.702289237887107 -0.0005981998488842263 -0.1616410673652536
0.7065138467131162 -0.0006046454835953702 -0.1633827583344158
0.7107638686008243 -0.0006111515417997457 -0.1651407764858032
0.7150394564220665 -0.0006177183778859141 -0.1669152175796297
0.7193407639682761 -0.0006243463430081075 -0.1687061765021525
0.7236679459560159 -0.0006310357847045822 -0.1705137471625474
0.728021158032544 -0.0006377870468238987 -0.1723380224729883
0.7324005567814114 -0.0006446004694670098 -0.1741790943329984
0.736806299728095 -0.0006514763886347843 -0.1760370535342074
0.7412385453456634 -0.0006584151359626007 -0.1779119896886348
0.7456974530604773 -0.0006654170387517221 -0.1798039912371681
0.7501831832579239 -0.0006724824197176824 -0.1817131453815734
0.754695897288186 -0.0006796115965232339 -0.1836395379582923
0.7592357574720454 -0.0006868048818216134 -0.1855832534501327
0.7638029271067222 -0.0006940625831230738 -0.187544374950204
0.7683975704717476 -0.0007013850022713799 -0.1895229840204598
0.7730198528348741 -0.0007087724353093054 -0.1915191606553534
0.7776699404580188 -0.0007162251724879859 -0.1935329832843654
0.7823480006032453 -0.0007237434978378032 -0.195564528656051
0.7870542015387785 -0.000731327688728138 -0.1976138717190794
0.7917887125450584 -0.0007389780159881167 -0.1996810856548619
0.7965517039208285 -0.0007466947436426729 -0.2017662418062317
0.8013433469892614 -0.0007544781282406294 -0.2038694094958836
0.8061638141041211 -0.000762328418914045 -0.2059906560424102
0.8110132786559631 -0.0007702458572950123 -0.2081300467378195
0.8158919150783704 -0.0007782306768542073 -0.210287644668803
0.8207998988542287 -0.0007862831026286863 -0.2124635106431827
0.8257374065220374 -0.0007944033513418484 -0.2146577032223267
0.8307046156822607 -0.0008025916309255434 -0.2168702785920168
0.8357017050037151 -0.0008108481398297809 -0.2191012903759231
0.8407288542299962 -0.0008191730672437836 -0.2213507896953355
0.8457862441859444 -0.0008275665928533929 -0.2236188251036116
0.8508740567841485 -0.0008360288859485987 -0.2259054423450202
0.8559924750314897 -0.0008445601054329151 -0.2282106843572746
0.8611416830357236 -0.0008531603998451246 -0.2305345912774082
0.8663218660121029 -0.0008618299065825808 -0.2328772002319014
0.8715332102900397 -0.0008705687513929499 -0.2352385451993435
0.8767759033198074 -0.0008793770486490937 -0.2376186570847096
0.882050133679283 -0.0008882549008611664 -0.240017563587523
0.8873560910807308 -0.000897202397666976 -0.2424352889290388
0.8926939663776258 -0.0009062196161437421 -0.2448718539364837
0.8980639515715189 -0.0009153066206350064 -0.2473272759962862
0.9034662398189428 -0.0009244634616371376 -0.2498015687531953
0.9089010254383604 -0.0009336901756654024 -0.2522947420740921
0.9143685039171535 -0.0009429867854443501 -0.2548068020994336
0.9198688719186553 -0.0009523532990571894 -0.2573377510134036
0.9254023272892237 -0.0009617897090963535 -0.259887586814385
0.9309690690653579 -0.0009712959931193195 -0.262456303438128
0.9365692974808579 -0.0009808721131994175 -0.265043890636373
0.9422032139740265 -0.0009905180145832629 -0.2676503336140717
0.9478710211949153 -0.001000233625998762 -0.2702756131126148
0.9535729230126136 -0.001010018859627382 -0.2729197054023382
0.9593091245225821 -0.001019873609822811 -0.2755825819362897
0.9650798320540293 -0.001029797752692039 -0.2782642092370308
0.9708852531773335 -0.001039791146519048 -0.280964549011125
0.9767255967115094 -0.001049853630903706 -0.2836835579164533
0.9826010727317186 -0.001059985025475932 -0.2864211872147683
0.9885118925768263 -0.001070185130531575 -0.2891773829435154
0.9944582688570029 -0.001080453726681693 -0.2919520858210634
1.000440415461372 -0.001090790573188235 -0.2947452307969853
1.006458547565703 -0.001101195408151839 -0.2975567471028042
1.012512881640152 -0.001111667948719683 -0.3003865583081558
1.018603635457047 -0.001122207889692649 -0.3032345819444283
1.024731028098722 -0.001132814902678391 -0.3061007292759104
1.030895279965397 -0.001143488636808288 -0.3089849054935199
1.037096612783106 -0.001154228717941602 -0.3118870094997584
1.043335249611672 -0.001165034746879756 -0.3148069334261871
1.04961141485273 -0.001175906300127591 -0.3177445628391264
1.055925334257799 -0.001186842929727586 -0.3206997766948623
1.062277234936404 -0.001197844161329457 -0.3236724468180251
1.068667345364243 -0.00120890949409284 -0.3266624378752965
1.075095895391404 -0.001220038401226548 -0.3296696075211209
1.081563116250635 -0.001231230328576176 -0.3326938060160597
1.088069240565661 -0.001242484693214932 -0.3357348758460161
1.094614502359551 -0.001253800884477268 -0.3387926520015351
1.101199137063137 -0.001265178263307094 -0.3418669618016834
1.107823381523478 -0.001276616159995586 -0.3449576242827754
1.114487474012384 -0.001288113874924549 -0.3480644503992403
1.121191654234987 -0.001299670678701636 -0.3511872430601604
1.127936163338358 -0.00131128581006174 -0.3543257965621996
1.134721243920186 -0.001322958475297668 -0.3574798964357651
1.141547140037501 -0.001334687849216785 -0.3606493197035052
1.148414097215454 -0.001346473073822523 -0.3638338345240354
1.155322362456149 -0.001358313256250195 -0.3670331996341703
1.162272184247527 -0.001370207470085787 -0.3702471647052779
1.169263812572304 -0.00138215475495484 -0.373475470232189
1.176297498916961 -0.001394154113875239 -0.3767178468178899
1.183373496280794 -0.001406204513778541 -0.3799740153143901
1.19049205918501 -0.001418304886076681 -0.3832436869758533
1.197653443681885 -0.001430454124530384 -0.3865265628826167
1.204857907363973 -0.001442651084029943 -0.3898223336117414
1.212105709373372 -0.001454894582024503 -0.3931306796232231
1.219397110411042 -0.001467183397419075 -0.3964512709619508
1.22673237274619 -0.001479516267852085 -0.3997837665220673
1.234111760225694 -0.001491891891179171 -0.4031278144479095
1.241535538283603 -0.001504308925428241 -0.4064830521218646
1.249003973950675 -0.001516765985914517 -0.4098491053848185
1.256517335863991 -0.001529261645314724 -0.4132255885562024
1.264075894276612 -0.001541794434781858 -0.416612104735219
1.271679921067302 -0.001554362841943148 -0.4200082452598635
1.279329689750306 -0.001566965308907613 -0.4234135891685439
1.287025475485191 -0.001579600234165579 -0.4268277037133523
1.294767555086741 -0.001592265971817434 -0.4302501441516653
1.302556207034913 -0.001604960828321843 -0.4336804528674714
1.310391711484858 -0.001617683063912676 -0.4371181597542421
1.318274350276994 -0.001630430893079415 -0.4405627823447442
1.326204406947145 -0.00164320248164562 -0.4440138250216052
1.334182166736741 -0.001655995946169834 -0.4474707788554297
1.342207916603075 -0.001668809355695592 -0.4509331220776734
1.350281945229628 -0.001681640730061123 -0.4544003196239051
1.358404543036452 -0.001694488037105881 -0.4578718223789749
1.366576002190616 -0.001707349194949541 -0.4613470677928275
1.374796616616712 -0.001720222071681962 -0.464825479796727
1.383066682007434 -0.001733104481809177 -0.4683064678429193
1.391386495834208 -0.001745994187327766 -0.4717894271949396
1.399756357357896 -0.001758888898878354 -0.4752737392393038
1.408176567639557 -0.001771786273018877 -0.4787587707487095
1.416647429551278 -0.001784683910807461 -0.4822438734991125
1.425169247787069 -0.001797579360202879 -0.4857283849183615
1.433742328873819 -0.001810470114849257 -0.4892116277578081
1.442366981182327 -0.001823353610621744 -0.4926929091589065
1.45104351493839 -0.001836227228075465 -0.4961715213149488
1.459772242233963 -0.001849088292747248 -0.4996467415525973
1.468553477038385 -0.001861934071591046 -0.5031178313686885
1.477387535209671 -0.001874761773457783 -0.506584036559897
1.486274734505876 -0.001887568551021288 -0.510044587743144
1.495215394596523 -0.001900351498492073 -0.513498699737832
1.504209837074101 -0.001913107649361428 -0.5169455709562728
1.513258385465633 -0.001925833979377201 -0.520384384207779
1.522361365244312 -0.001938527405937607 -0.5238143065348634
1.531519103841213 -0.001951184784299034 -0.5272344881885417
1.540731930657063 -0.001963802909881301 -0.5306440632512414
1.550000177074097 -0.001976378519338357 -0.5340421499261185
1.55932417646797 -0.001988908287309051 -0.5374278496590753
1.568704264219756 -0.002001388826143547 -0.5408002470648323
1.578140777728008 -0.002013816688618067 -0.5441584106604884
1.587634056420891 -0.002026188366313509 -0.5475013924274015
1.597184441768398 -0.002038500286687902 -0.5508282270201297
1.606792277294626 -0.00205074881643509 -0.5541379326739903
1.616457908590138 -0.002062930261611034 -0.5574295112391862
1.626181683324388 -0.002075040863928264 -0.5607019471795238
1.635963951258232 -0.002087076802625484 -0.5639542080776002
1.645805064256506 -0.002099034196402434 -0.5671852451576295
1.655705376300682 -0.002110909100812905 -0.5703939925810017
1.665665243501602 -0.002122697507246372 -0.5735793671711077
1.675685024112287 -0.002134395346337155 -0.5767402693345368
1.685765078540822 -0.002145998487172567 -0.5798755828471089
1.695905769363321 -0.002157502734086116 -0.5829841739873572
1.70610746133697 -0.002168903830096252 -0.5860648924657214
1.716370521413142 -0.002180197457872814 -0.5891165716856916
1.726695318750602 -0.002191379236571749 -0.5921380278885127
1.737082224728785 -0.002202444723110345 -0.5951280604977665
1.747531612961148 -0.00221338941494665 -0.5980854528704058
1.758043859308618 -0.002224208748395769 -0.6010089718417966
1.768619341893104 -0.002234898097106415 -0.6038973673140637
1.779258441111101 -0.002245452775947102 -0.6067493733061888
1.789961539647373 -0.002255868041125906 -0.6095637079863702
1.800729022488719 -0.002266139087287872 -0.6123390728877065
1.811561276937818 -0.002276261050700969 -0.6150741537690821
1.822458692627162 -0.002286229011109788 -0.6177676211160589
1.83342166153307 -0.002296037989530895 -0.6204181295451531
1.844450577989788 -0.002305682948998177 -0.6230243180052371
1.855545838703674 -0.002315158798022248 -0.6255848107123143
1.866707842767465 -0.002324460390012207 -0.6280982169932713
1.877936991674634 -0.00233358252174508 -0.6305631308723006
1.88923368933383 -0.00234251993740748 -0.6329781321630095
1.90059834208341 -0.002351267329640168 -0.635341786750672
1.912031358706049 -0.002359819337546683 -0.6376526460541365
1.923533150443451 -0.002368170549473066 -0.6399092477769417
1.935104131011135 -0.002376315505638613 -0.6421101166181793
1.946744716613318 -0.002384248697208778 -0.6442537640219795
1.958455325957888 -0.002391964566872457 -0.6463386883335028
1.970236380271462 -0.002399457512666278 -0.6483633758323083
1.982088303314539 -0.002406721888539882 -0.6503263008851013
1.994011521396743 -0.002413752003536041 -0.6522259257241901
2.006006463392153 -0.002420542125636211 -0.6540607014866031
2.018073560754737 -0.002427086483649758 -0.6558290687245806
2.030213247533863 -0.002433379266665067 -0.6575294572572589
2.042425960389917 -0.00243941462653108 -0.6591602868412104
2.05471213861001 -0.002445186680974491 -0.6607199680127511
2.067072224123773 -0.002450689514120954 -0.6622069022287765
2.079506661519261 -0.002455917177546406 -0.6636194821508418
2.092015898058938 -0.002460863694044987 -0.6649560926633016
2.104600383695769 -0.002465523059221479 -0.6662151113036062
2.117260571089404 -0.002469889242156128 -0.6673949084419456
2.129996915622458 -0.002473956188866166 -0.668493848216595
2.142809875416892 -0.00247771782477909 -0.6695102892022263
2.155699911350493 -0.002481168055952609 -0.6704425847395534
2.16866748707345 -0.002484300771764054 -0.6712890836620433
2.181713069025031 -0.002487109848020866 -0.6720481311364088
2.194837126450363 -0.00248958914885775 -0.6727180691752447
2.208040131417308 -0.002491732529146634 -0.6732972372882278
2.221322558833443 -0.002493533837780605 -0.673783973369476
2.234684886463145 -0.00249498692001622 -0.6741766143304732
2.248127594944775 -0.002496085620215993 -0.6744734968411207
2.261651167807962 -0.002496823785116019 -0.6746729582126915
2.275256091491004 -0.002497195266375646 -0.6747733370867822
2.288942855358358 -0.002497193923622563 -0.6747729742581358
2.302711951718243 -0.002496813628193183 -0.6746702136853376
2.316563875840352 -0.002496048265623475 -0.6744634031638708
2.330499125973664 -0.00249489173861521 -0.6741508951276327
2.344518203364364 -0.002493337971697537 -0.6737310479085505
2.358621612273878 -0.002491380913795406 -0.6732022264306011
2.372809859997005 -0.00248901454082936 -0.6725628029123081
2.387083456880169 -0.002486232860801844 -0.6718111582411253
2.401442916339774 -0.002483029917504172 -0.6709456829751054
2.415888754880671 -0.002479399792407059 -0.6699647778537462
2.430421492114737 -0.002475336609255665 -0.6688668550396283
2.445041650779565 -0.002470834539916746 -0.6676503396983881
2.459749756757268 -0.002465887805649946 -0.6663136703422371
2.474546339093393 -0.002460490680617464 -0.6648552997783168
2.489431930015952 -0.002454637499389616 -0.6632736971367978
2.504407064954564 -0.002448322659013913 -0.6615673484299673
2.519472282559719 -0.002441540621097529 -0.65973475711494
2.534628124722145 -0.002434285919079534 -0.6577744460587056
2.549875136592308 -0.002426553163396349 -0.655684958933899
2.565213866600017 -0.002418337041851481 -0.6534648603187082
2.580644866474148 -0.002409632325148571 -0.6511127371919724
2.596168691262497 -0.002400433875834813 -0.6486272013498048
2.611785899351737 -0.002390736648000738 -0.6460068893244714
2.627497052487508 -0.002380535690571564 -0.6432504632737546
2.64330271579462 -0.002369826157711008 -0.6403566137921936
2.659203457797384 -0.002358603311164746 -0.6373240605443151
2.675199850440056 -0.002346862520799412 -0.6341515524102794
2.691292469107416 -0.002334599273426316 -0.6308378698701571
2.707481892645458 -0.002321809180634698 -0.6273818271205747
2.723768703382218 -0.002308487976829089 -0.623782271544382
2.740153487148712 -0.002294631524824332 -0.6200380852224997
2.756636833300016 -0.002280235828400063 -0.6161481883262949
2.77321933473646 -0.002265297030616448 -0.6121115386624724
2.789901587924954 -0.002249811415847783 -0.6079271322225794
2.806684192920446 -0.002233775422530203 -0.6035940066275958
2.823567753387507 -0.00221718564695396 -0.5991112421526535
2.840552876622036 -0.002200038841153353 -0.5944779611568717
2.857640173573115 -0.002182331922232071 -0.5896933306031785
2.874830258864976 -0.002164061983870958 -0.5847565651678547
2.892123750819116 -0.00214522629154726 -0.5796669259487126
2.909521271476531 -0.002125822287155624 -0.5744237217137493
2.927023446620097 -0.002105847604822766 -0.5690263131744671
2.944630905797074 -0.002085300068756236 -0.5634741124045823
2.962344282341753 -0.00206417769274099 -0.5577665827039932
2.980164213398238 -0.002042478694079682 -0.5519032423656213
2.998091339943359 -0.002020201500122465 -0.5458836664398434
3.016126306809736 -0.001997344742559048 -0.5397074851921372
3.034269762708964 -0.001973907265915611 -0.5333743863990504
3.052522360254954 -0.001949888143094312 -0.5268841195471721
3.070884755987404 -0.001925286667902051 -0.52023649381431
3.089357610395416 -0.001900102357492098 -0.51343137872925
3.107941587941251 -0.001874334970264246 -0.5064687090085999
3.126637357084233 -0.001847984504603243 -0.4993484842158978
3.14544559030479 -0.001821051194584269 -0.4920707676011804
3.164366964128648 -0.001793535523498837 -0.4846356897558478
3.183402159151157 -0.001765438234057691 -0.4770434513696154
3.202551860061779 -0.001736760318589483 -0.4692943205820734
3.221816755668715 -0.001707503025348263 -0.4613886346870501
3.241197538923678 -0.001677667877301616 -0.4533268052094007
3.260694906946819 -0.001647256662964628 -0.4451093154282293
3.280309561051807 -0.001616271435344115 -0.4367367200916092
3.300042206771049 -0.001584714530077605 -0.4282096503179589
3.319893553881069 -0.001552588566421499 -0.4195288138630579
3.339864316428041 -0.001519896438269314 -0.4106949926930639
3.359955212753471 -0.001486641325465049 -0.4017090460415232
3.380166965520037 -0.00145282670774519 -0.3925719141766773
3.400500301737581 -0.001418456351086577 -0.3832846147124846
3.42095595278926 -0.001383534310620224 -0.373848243395971
3.441534654457853 -0.001348064950679613 -0.3642639795245297
3.46223714695223 -0.001312052935572598 -0.3545330834523742
3.483064174933973 -0.00127550322391309 -0.3446568950588886
3.504016487544163 -0.001238421084844981 -0.3346368381325356
3.525094838430328 -0.001200812101800156 -0.3244744213863156
3.546299985773546 -0.001162682158853297 -0.3141712347706679
3.567632692315724 -0.001124037448324586 -0.3037289515278129
3.589093725387028 -0.001084884487021054 -0.2931493325803693
3.610683856933487 -0.001045230099962047 -0.2824342221337713
3.632403863544755 -0.001005081418875165 -0.2715855472698518
3.654254526482051 -0.0009644459008212416 -0.2606053229795453
3.676236631706256 -0.000923331320749536 -0.2494956501512078
3.698350969906183 -0.0008817457600231294 -0.2382587124700352
3.720598336527025 -0.0008396976185718794 -0.2268967797019435
3.742979531798957 -0.0007971956250564183 -0.215412210440008
3.765495360765927 -0.0007542488115208886 -0.2038074452553163
3.788146633314612 -0.0007108665167359028 -0.1920850076002771
3.810934164203546 -0.0006670584162605688 -0.1802475119317556
3.833858773092431 -0.0006228344910624017 -0.1682976552317812
3.856921284571616 -0.0005782050212806302 -0.1562382153223153
3.880122528191761 -0.0005331806076403881 -0.1440720566516334
3.903463338493672 -0.0004877721625336171 -0.1318021278842734
3.926944555038322 -0.0004419908944569875 -0.1194314576959675
3.950567022437048 -0.0003958483149398383 -0.1069631566456582
3.974331590381932 -0.0003493562459798532 -0.09440041918471072
3.998239113676364 -0.0003025267997380065 -0.08174651817023408
4.02229045226579 -0.00025537237594496 -0.06900480416425696
4.046486471268643 -0.0002079056746608803 -0.05617870888158963
4.070828041007458 -0.0001601396804781314 -0.04327174092119431
4.095316037040186 -0.000112087651150559 -0.03028748269367592
4.119951340191675 -6.376312597499444e-05 -0.01722959268606897
4.144734836585366 -1.517992195736214e-05 -0.004101804425871976
4.169667417675155 3.364788498912298e-05 0.009092078599434344
4.194749980277468 8.270595985720563e-05 0.02234818289192491
4.219983426603512 0.0001319797028021837 0.03566256339129016
4.24536866429173 0.0001814542695334492 0.04903120898488505
4.270906606440451 0.0002311145787584008 0.06245004451916693
4.296598171640729 0.000280945305701111 0.07591492904835888
4.322444284009386 0.0003309308960748628 0.08942165961000319
4.348445873222255 0.0003810555806309601 0.1029659751562318
4.374603874547618 0.0004313033737876228 0.1165435561832764
4.400919228879844 0.0004816580783998938 0.1301500260203573
4.42739288277324 0.0005321033050683429 0.1437809560471356
4.454025788476091 0.0005826224773815158 0.1574318671102891
4.480818903964917 0.0006331988312448755 0.1710982293421833
4.50777319297893 0.0006838154336063643 0.1847754672207525
4.534889625054696 0.0007344551933908166 0.198458962524114
4.562169175561013 0.000785100862620284 0.2121440546332949
4.589612825733993 0.0008357350490953842 0.2258260439588898
4.617221562712357 0.0008863402320462493 0.2395001961701433
4.644996379572944 0.0009368987676613867 0.2531617436889169
4.672938275366425 0.0009873928965844047 0.2668058877153975
4.701048255153248 0.001037804761388913 0.2804278029500344
4.729327330039782 0.001088116415860521 0.294022640101651
4.757776517214689 0.001138309831856334 0.3075855277409649
4.786396839985513 0.001188366915035113 0.321111576551076
4.815189327815487 0.001238269516822646 0.3345958825606571
4.844155016360561 0.001287999443280207 0.348033529540323
4.873294947506656 0.001337538468609851 0.3614195926519297
4.902610169407141 0.001386868348384996 0.3747491420236438
4.932101736520533 0.001435970829915788 0.3880172455507913
4.961770709648425 0.001484827665978484 0.4012189726057102
4.991618155973645 0.001533420627793758 0.4143493975446508
5.021645149098641 0.0015817315156182 0.4274036025697295
5.051852769084097 0.001629742173780653 0.4403766817919362
5.082242102487784 0.001677434504277397 0.4532637449047225
5.112814242403641 0.001724790476310411 0.4660599197613578
5.1435702885011 0.00177179214094037 0.4787603563343545
5.174511347064628 0.001818421648280038 0.4913602313613352
5.205638531033534 0.001864661255099985 0.5038547504001929
5.23695296004199 0.001910493337028781 0.5162391511257374
5.26845576045931 0.001955900409984353 0.5285087091207129
5.300148065430462 0.002000865137886066 0.5406587399597004
5.332031014916829 0.002045370341209669 0.5526846015207707
5.364105755737212 0.002089399018495887 0.5645816997973735
5.39637344160908 0.002132934360064214 0.5763454926039764
5.42883523319007 0.002175959751538079 0.587971490528609
5.461492298119737 0.002218458790934962 0.599455261550824
5.494345811061548 0.002260415311751227 0.6107924372795095
5.52739695374514 0.00230181338288199 0.6219787129312344
5.560646915008824 0.002342637319221401 0.6330098501945784
5.594096890842349 0.002382871709729785 0.6438816848142229
5.627748084429916 0.002422501421241788 0.6545901276199597
5.661601706193463 0.00246151160130002 0.6651311652923779
5.695658973836199 0.002499887702627249 0.6755008669755539
5.729921112386407 0.002537615499587749 0.6856953887251155
5.764389354241504 0.002574681082916835 0.6957109720840956
5.799064939212376 0.002611070875273467 0.7055439482854394
5.833949114567966 0.00264677166056612 0.7151907461762209
5.869043135080146 0.002681770576129346 0.7246478901036527
5.904348263068843 0.002716055118264488 0.7339120014122565
5.939865768447451 0.002749613173603463 0.742979806918747
5.975596928768503 0.002782433021738041 0.7518481396224976
6.01154302926963 0.002814503329263186 0.7605139370959766
6.047705362919785 0.002845813172797816 0.7689742477052428
6.084085230465758 0.00287635205982055 0.7772262362400261
6.120683940478954 0.00290610991358899 0.7852671798387272
6.15750280940247 0.00293507708359549 0.7930944708136999
6.194543161598441 0.002963244378699693 0.8007056256040725
6.231806329395683 0.002990603053929516 0.8080982812092127
6.269293653137611 0.00301714480797359 0.8152701945111509
6.307006481230453 0.003042861813221035 0.822219250391704
6.344946170191752 0.003067746719944098 0.8289434628626755
6.383114084699157 0.003091792640100067 0.8354409706889316
6.421511597639515 0.003114993164736341 0.8417100420914673
6.460140090158249 0.003137342388734077 0.8477490814334484
6.499000951709037 0.003158834887239598 0.8535566228516861
6.538095580103793 0.003179465718502716 0.8591313310235836
6.577425381562945 0.003199230456276129 0.8644720099218614
6.616991770766014 0.003218125174994832 0.8695775988098461
6.656796170902505 0.003236146437540443 0.8744471689352401
6.696840013723089 0.003253291319375918 0.8790799300516237
6.737124739591115 0.003269557415698018 0.8834752323511387
6.777651797534409 0.003284942815792012 0.88763255953481
6.818422645297399 0.003299446112016213 0.8915515312402813
6.859438749393552 0.003313066425537101 0.8952319099957627
6.900701585158119 0.0033258033778156 0.8986735935152703
6.942212636801205 0.003337657084619675 0.9018766130807538
6.983973397461158 0.003348628182831379 0.904841140785695
7.025985369258271 0.003358717817212864 0.9075674859591191
7.068250063348816 0.003367927618954014 0.9100560893688967
7.110768999979402 0.00337625972068383 0.9123075272780091
7.153543708541653 0.003383716765796383 0.9143225139645358
7.196575727627224 0.003390301876420217 0.916101893066587
7.239866605083138 0.003396018653247521 0.9176466375361452
7.28341789806747 0.003400871197636815 0.9189578556114851
7.327231173105349 0.003404864082856506 0.9200367830468259
7.37130800614531 0.003408002339664149 0.9208847792156644
7.41564998261598 0.003410291473902503 0.921503331865452
7.460258697483103 0.003411737456317421 0.9218940543662596
7.505135755306914 0.003412346694637108 0.9220586781662452
7.550282770299852 0.003412126038391606 0.9219990540939385
7.59570136638462 0.003411082787701195 0.921717154732977
7.641393177252606 0.00340922465945601 0.921215065283417
7.687359846422636 0.003406559779098843 0.9204949813413421
7.733603027300095 0.003403096694913879 0.9195592127598597
7.780124383236402 0.003398844352779733 0.9184101768270562
7.826925587588838 0.003393812075690879 0.9170503927324309
7.874008323780734 0.003388009570766531 0.9154824834607833
7.921374285362025 0.003381446921373026 0.9137091736635832
7.969025176070168 0.003374134557163332 0.9117332815632706
8.016962709891423 0.003366083250024725 0.9095577178582692
8.065188611122505 0.003357304118682505 0.9071854869669655
8.113704614432605 0.003347808597922478 0.9046196787112424
8.162512464925786 0.003337608424877576 0.9018634646109487
8.211613918203758 0.003326715643512646 0.8989200990957488
8.26101074042902 0.003315142584270298 0.8957929140051746
8.310704708388393 0.003302901841585488 0.8924853125127858
8.360697609556926 0.003290006271433782 0.8890007684636805
8.410991242162195 0.003276468983445674 0.8853428242436845
8.461587415248985 0.003262303313760374 0.8815150834441066
8.512487948744354 0.003247522815218424 0.877521208211661
8.563694673523104 0.003232141255016265 0.8733649186147021
8.615209431473632 0.003216172590305905 0.8690499860499498
8.667034075564182 0.003199630952596557 0.8645802290276176
8.719170469909495 0.003182530643159098 0.8599595119296399
8.771620489837867 0.003164886116609024 0.8551917405735819
8.824386021958594 0.003146711961077011 0.8502808568544765
8.877468964229841 0.003128022889452296 0.8452308363786787
8.930871226026907 0.003108833728849233 0.8400456856175946
8.984594728210904 0.003089159400217247 0.8347294363980393
9.038641403197854 0.003069014906628971 0.8292861427375428
9.09301319502819 0.003048415323631027 0.8237198782370125
9.147712059436689 0.003027375781845738 0.8180347313794979
9.202739963922818 0.003005911453632909 0.8122348019260363
9.258098887821502 0.00298403754230325 0.806324198000987
9.313790822374321 0.002961769267388967 0.8003070321119594
9.369817770801134 0.002939121851400883 0.7941874175714226
9.426181748372137 0.002916110508857782 0.7879694655322973
9.482884782480346 0.00289275043167301 0.7816572810392314
9.539928912714528 0.002869056777267516 0.775254959816598
9.597316190932558 0.002845044658712232 0.7687665856048416
9.655048681335227 0.002820729129905121 0.7621962261551308
9.713128460540494 0.002796125173482507 0.7555479299628507
9.771557617658175 0.002771247693311238 0.7488257242388904
9.830338254365088 0.002746111501507689 0.742033611402015
9.889472484980656 0.002720731303498472 0.7351755650420846
9.948962436542953 0.002695121692938335 0.7282555285468061
10.00881024888521 0.002669297142343839 0.7212774125708352
10.06901807471279 0.00264327198584557 0.7142450903752104
10.12958807968063 0.002617060414264934 0.7071623964970403
10.1905224424711 0.002590676470183609 0.7000331254172074
10.25182335487242 0.002564134031636581 0.6928610271540254
10.31349302185747 0.002537446802576618 0.6856498046866186
10.3755336616631 0.002510628313321858 0.6784031140758658
10.43794750586993 0.002483691909186058 0.6711245613921535
10.50073679948262 0.002456650733951782 0.6638176982496234
10.56390380101059 0.002429517733594825 0.6564860228125587
10.62745078254932 0.002402305651173651 0.6491329784144463
10.69138002986203 0.00237502700804497 0.6417619484821916
10.7556938424619 0.0023476941041665 0.6343762566179284
10.82039453369479 0.002320319019955294 0.6269791671011615
10.88548443082247 0.002292913601664465 0.6195738809373763
10.95096587510631 0.002265489452342572 0.6121635334151506
11.01684122189147 0.002238057940167821 0.6047511963581618
11.08311284069168 0.002210630191281532 0.597339876188698
11.14978311527443 0.002183217072635868 0.5899325092929015
11.21685444374672 0.002155829201761161 0.5825319646600221
11.28432923864131 0.002128476947242704 0.5751410440112522
11.35220992700354 0.00210117041183551 0.5677624772371238
11.42049895047856 0.002073919434478571 0.5603989229417857
11.48919876539923 0.002046733598944301 0.5530529707801926
11.55831184287442 0.00201962222351539 0.5457271386686614
11.62784066887791 0.001992594351503786 0.5384238702229804
11.69778774433782 0.001965658765518267 0.5311455386136885
11.76815558522656 0.001938823985462888 0.5238944460252268
11.83894672265132 0.001912098252812564 0.5166728194070082
11.91016370294514 0.001885489542709219 0.5094828137419452
11.98180908775847 0.00185900557007856 0.5023265136992811
12.05388545415131 0.00183265377697602 0.4952059302153035
12.12639539468595 0.001806441333946715 0.4881230008608233
12.19934151752018 0.001780375153903904 0.4810795935913066
12.27272644650111 0.001754461887100289 0.4740775053880588
12.34655282125957 0.001728707911585571 0.4671184596797351
12.42082329730504 0.001703119350310626 0.4602041109641042
12.49554054612116 0.001677702073884178 0.4533360455529346
12.57070725526186 0.001652461688161226 0.4465157782182326
12.64632612844798 0.00162740354591687 0.4397447553466572
12.72239988566455 0.001602532756435648 0.4330243575306769
12.79893126325863 0.001577854177931553 0.426355897520365
12.87592301403773 0.001553372423532954 0.4197406218405991
12.95337790736882 0.001529091866606019 0.4131797122295165
13.03129872927796 0.001505016639376032 0.4066742852659779
13.10968828255048 0.001481150643194213 0.4002253951437894
13.18854938683184 0.001457497551537057 0.3938340344821604
13.26788487872902 0.00143406081472174 0.3875011355998681
13.34769761191256 0.001410843656769827 0.3812275696677893
13.42799045721921 0.001387849082399162 0.3750141485981973
13.50876630275517 0.001365079889805493 0.3688616284985173
13.59002805400002 0.001342538668068377 0.3627707089703691
13.67177863391118 0.001320227795822341 0.3567420327504977
13.7540209830291 0.001298149457588352 0.3507761901237406
13.83675805958297 0.001276305646845252 0.3448737197529687
13.91999283959716 0.001254698160093082 0.3390351070749217
14.00372831699829 0.001233328610528054 0.3332607879953555
14.08796750372286 0.001212198436378256 0.3275511511414551
14.17271342982564 0.001191308896940663 0.3219065367909848
14.25796914358864 0.001170661078261834 0.3163272384072832
14.34373771163077 0.001150255905970776 0.3108135061068648
14.43002221901811 0.001130094145847487 0.3053655468130446
14.51682576937491 0.001110176402368199 0.2999835238628472
14.60415148499523 0.001090503132681829 0.2946675607836174
14.69200250695523 0.001071074651394919 0.2894177425859709
14.78038199522615 0.001051891127369861 0.2842341148986332
14.86929312878798 0.0010329525935644 0.2791166866271995
14.95873910574384 0.001014258955635258 0.2740654322789374
15.04872314343496 0.0009958099910892231 0.2690802917334038
15.13924847855642 0.0009776053526402745 0.2641611711495802
15.2303183672736 0.0009596445793177169 0.2593079459674296
15.3219360853393 0.0009419270988964694 0.2545204615645914
15.41410492821153 0.0009244522270214981 0.2497985330197915
15.50682821117208 0.0009072191776770389 0.2451419479417575
15.60010926944577 0.0008902270683263009 0.2405504678580306
15.69395145832038 0.0008734749189981127 0.2360238279681657
15.7883581532674 0.0008569616586359183 0.2315617388593101
15.88333275006339 0.0008406861325979444 0.2271638885328413
15.97887866491215 0.0008246471036577033 0.2228299426747163
16.07499933456759 0.0008088432540008174 0.2185595451950381
16.17169821645737 0.0007932731936279103 0.214352320498622
16.26897878880723 0.0007779354633130828 0.2102078742844121
16.36684455076612 0.0007628285346685543 0.2061257935629493
16.46529902253208 0.0007479508170360439 0.2021056485185073
16.56434574547881 0.0007333006620043967 0.1981469937298128
16.66398828228309 0.0007188763639673661 0.1942493683207643
16.76423021705294 0.0007046761639475414 0.1904122969937055
16.86507515545651 0.0006906982552126569 0.1866352915470222
16.96652672485178 0.0006769407849946526 0.1829178513396538
17.06858857441703 0.0006634018559468894 0.1792594636848512
17.17126437528214 0.0006500795316761674 0.1756596053449967
17.27455782066058 0.0006369718393796291 0.1721177432441292
17.37847262598229 0.0006240767706879881 0.1686333346957938
17.48301252902732 0.00061139228572876 0.1652058285009787
17.58818129006027 0.0005989163164531958 0.1618346658470934
17.69398269196554 0.000586646767854732 0.1585192806372096
17.80042054038342 0.0005745815203030085 0.1552591001207413
17.90749866384694 0.00056271843310672 0.1520535458561727
18.01522091391964 0.0005510553461776356 0.1489020341606961
18.12359116533404 0.0005395900814090844 0.1458039764826967
18.23261331613107 0.0005283204457888561 0.1427587802428967
18.34229128780023 0.0005172442332988768 0.1397658493476716
18.45262902542071 0.0005063592261550955 0.1368245845240829
18.56363049780323 0.0004956631970548108 0.1339343839271342
18.67529969763284 0.0004851539111497051 0.1310946436729091
18.78764064161249 0.0004748291273299869 0.128304758185563
18.90065737060757 0.0004646865998648286 0.1255641206405895
19.0143539497912 0.0004547240801800558 0.1228721234451745
19.12873446879051 0.0004449393180793461 0.1202281585681792
19.24380304183367 0.0004353300631716711 0.1176316179258528
19.35956380789796 0.0004258940663169845 0.1150818937724756
19.47602093085858 0.0004166290806717061 0.1125783789828615
19.59317859963845 0.0004075328629774166 0.1101204674005799
19.71104102835891 0.0003986031748677596 0.1077075541910964
19.82961245649123 0.0003898377836299224 0.1053390360475349
19.94889714900919 0.0003812344632251168 0.1030143114664239
20.06889939654243 0.0003727909956957807 0.1007327811279402
20.18962351553079 0.0003645051716563122 0.09849384802851109
20.31107384837959 0.0003563747909644046 0.09629691766221785
20.4332547636158 0.0003483976641239718 0.09414139839988328
20.55617065604522 0.000340571612831558 0.09202670163671874
20.67982594691049 0.0003328944702291545 0.08995224186063823
20.80422508405019 0.0003253640820104505 0.08791743695118127
20.92937254205879 0.0003179783073880953 0.08592170844087911
21.05527282244758 0.0003107350189412675 0.08396448147406613
21.18193045380665 0.0003036321032527584 0.08204518497902767
21.30934999196772 0.0002966674622588369 0.08016325203275049
21.43753602016806 0.0002898390130022218 0.07831811979417254
21.5664931492153 0.0002831446877814041 0.07650922954453203
21.69622601765332 0.000276582435413079 0.07473602702849207
21.82673929192908 0.0002701502214606608 0.07299796251588839
21.95803766656046 0.0002638460278546326 0.07129449069914304
22.09012586430514 0.0002576678537078536 0.06962507091357061
22.22300863633048 0.0002516137162562364 0.06798916739156091
22.35669076238438 0.0002456816501277809 0.06638624906506299
22.49117705096725 0.0002398697076069775 0.06481578963702998
22.62647233950495 0.0002341759599319748 0.06327726793193007
22.76258149452277 0.0002285984967632509 0.06177016775217491
22.89950941182054 0.0002231354258915233 0.06029397779919321
23.03726101664865 0.0002177848742897122 0.05884819195768424
23.17584126388527 0.0002125449883577892 0.05743230936177918
23.31525513821456 0.0002074139331014124 0.05604583417309796
23.45550765430593 0.0002023898926360676 0.0546882757169745
23.59660385699449 0.0001974710712038388 0.05335914875720085
23.73854882146243 0.00019265569216838 0.05205797322445599
23.88134765342164 0.0001879419979556934 0.05078427420030337
24.02500548929732 0.0001833282512360599 0.0495375822365633
24.16952749641275 0.0001788127344303289 0.04831743322190621
24.31491887317515 0.0001743937490690584 0.04712336820868449
24.46118484926266 0.000170069616587981 0.04595493362787704
24.60833068581249 0.0001658386787471122 0.04481168140233789
24.7563616756101 0.000161699296545827 0.04369316865363613
24.90528314327963 0.0001576498504406695 0.04259895776091086
25.05510044547539 0.0001536887414107553 0.04152861664875624
25.20581897107455 0.0001498143899260735 0.04048171850844371
25.357444141371 0.0001460252356136775 0.03945784170772277
25.5099814102703 0.000142319738265892 0.03845657006325084
25.66343626448592 0.0001386963775534605 0.03747749276308236
25.81781422373652 0.0001351536521331384 0.03652020412552922
25.97312084094457 0.0001316900801779673 0.03558430374244743
26.12936170243603 0.000128304199993662 0.0346693966457927
26.28654242814131 0.0001249945688256044 0.03377509298525518
26.44466867179741 0.0001217597628341863 0.03290100802159696
26.6037461211513 0.0001185983781234999 0.03204676240461678
26.76378049816449 0.0001155090298625778 0.03121198193569848
26.92477755921884 0.0001124903517201863 0.03039629741508475
27.08674309532363 0.0001095409966599164 0.02959934485672093
27.24968293232387 0.0001066596369202957 0.02882076548288079
27.41360293110984 0.0001038449629657523 0.02806020544070391
27.57850898782788 0.0001010956837672839 0.02731731587803616
27.74440703409252 9.841052755973208e-05 0.02659175314805441
27.91130303719981 9.57882406758211e-05 0.02588317849420941
28.07920300034196 9.322758731744454e-05 0.02519125798842453
28.24811296282329 9.072735046950589e-05 0.02451566277802695
28.41803900027744 8.828633127000638e-05 0.02385606891553746
28.58898722488593 8.590334826575585e-05 0.02321215715755428
28.76096378559799 8.357723797953837e-05 0.0225836131180083
28.93397486835177 8.130685513835953e-05 0.02197012732983831
29.1080266962968 7.909107156102492e-05 0.02137139494440088
29.28312553001787 7.69287762243415e-05 0.02078711574935871
29.4592776677602 7.481887606446663e-05 0.02021699438521525
29.63648944565603 7.276029495274369e-05 0.01966074006857257
29.81476723795246 7.075197329326644e-05 0.01911806648338836
29.99411745724076 6.879286877049141e-05 0.01858869198299001
30.17454655468706 6.688195599800442e-05 0.01807233949516704
30.35606102026435 6.501822565344674e-05 0.01756873628841729
30.53866738298595 6.320068482373231e-05 0.01707761406522892
30.72237221114033 6.142835742517763e-05 0.01659870907560478
30.90718211252742 5.970028311023866e-05 0.01613176182164906
31.09310373469621 5.801551715865512e-05 0.01567651702815312
31.28014376518396 5.637313123112981e-05 0.01523272384624906
31.46830893175665 5.477221256587358e-05 0.0148001356363061
31.65760600265105 5.321186343347035e-05 0.01437850982062837
31.84804178681812 5.1691201695305e-05 0.01396760803434905
32.03962313416796 5.020936071263333e-05 0.01356719610085994
32.23235693581619 4.876548842428936e-05 0.01317704378259649
32.42625012433181 4.735874749496753e-05 0.01279692482110544
32.62130967398656 4.598831584364357e-05 0.01242661707983083
32.81754260100581 4.465338564947003e-05 0.01206590227549447
33.01495596382091 4.335316310264655e-05 0.01171456591077802
33.21355686332307 4.208686904592018e-05 0.01137239744766438
33.4133524431188 4.08537384230816e-05 0.01103919015841448
33.61434988978685 3.965301963312594e-05 0.0107147409510535
33.81655643313671 3.848397489959803e-05 0.0103988504691725
34.01997934646867 3.734588038962319e-05 0.01009132312409209
34.22462594683541 3.623802529730916e-05 0.009791966847186159
34.43050359530524 3.515971183331805e-05 0.009500593087064095
34.63761969722685 3.411025577264403e-05 0.00921701695758715
34.84598170249565 3.308898562608198e-05 0.008941057013988923
35.0555971058218 3.209524227987165e-05 0.008672535155502724
35.26647344699975 3.112837949395979e-05 0.008411276759998207
35.47861831117944 3.018776359276466e-05 0.008157110600422103
35.69203932913916 2.927277276668629e-05 0.007909868656057542
35.90674417756002 2.838279727095236e-05 0.007669386166254714
36.12274057930207 2.751723968680281e-05 0.00743550170100621
36.34003630368208 2.667551406886032e-05 0.007208056930555868
36.55863916675303 2.585704581576201e-05 0.006986896590441858
36.77855703158521 2.506127216481118e-05 0.006771868615157746
36.9997978085491 2.428764156831119e-05 0.006562823969630133
37.22236945559986 2.353561325203005e-05 0.006359616529910259
37.4462799785636 2.280465756432613e-05 0.006162103177512153
37.67153743142533 2.209425587203789e-05 0.005970143771280712
37.89814991661868 2.140389985756549e-05 0.005783600957454393
38.12612558531732 2.073309157785745e-05 0.005602340185604145
38.35547263772817 2.008134379528401e-05 0.00542622979803951
38.58619932338635 1.944817923822613e-05 0.005255140830010546
38.81831394145193 1.883313038493877e-05 0.005088946951304996
39.05182484100842 1.823573986521658e-05 0.004927524574783353
39.2867404213631 1.765556004365482e-05 0.004770752743770781
39.52306913234914 1.709215253239058e-05 0.004618513000393683
39.76081947462954 1.654508840283894e-05 0.00447068944279348
40.00000000000288 1.60139482334946e-05 0.004327168738043189
