##########################################################################################
#
# SZ signal computed with SZpack v1.1.1
# Runmode: CNSN-basis
#
# General parameters:
# xmin= 0.1 xmax= 40 np= 1000
# Dtau= 0.01
# Te= 35keV (The ~ 0.0684933)
# betac= 0 muc= 1
# betao= 0 muo= 1
#
# Runmode specific parameters:
# eps= 0
# Te_order= 20 beta_order= 2
#
##########################################################################################
#
# Output format: x = (h nu/k T0) | x^3 Dn(x) | DI(x) in MJy/sr 
# Here a CMB temperature of T0 = 2.726 K is assumed.
#
##########################################################################################
0.1 -1.224843249524795e-05 -0.003309679375172007
0.1006015482792701 -1.239590839369722e-05 -0.003349529204088635
0.1012067151618632 -1.25451559575273e-05 -0.00338985775910943
0.1018155224154252 -1.269619637873361e-05 -0.003430670766576122
0.1024279919385451 -1.284905109419767e-05 -0.003471974019001725
0.1030441457615424 -1.300374178995818e-05 -0.003513773376224634
0.1036640060472596 -1.316029041876837e-05 -0.003556074770152842
0.1042875950918594 -1.331871919120125e-05 -0.00359888420236046
0.1049149353256267 -1.347905057307587e-05 -0.003642207743392275
0.1055460493137754 -1.364130730173772e-05 -0.003686051537162894
0.10618095975726 -1.380551238828144e-05 -0.003730421801557372
0.1068196894935924 -1.397168910795341e-05 -0.003775324825837861
0.1074622614976628 -1.413986100989705e-05 -0.003820766973276913
0.1081086988825668 -1.431005193200356e-05 -0.003866754685170327
0.1087590249004362 -1.448228598816279e-05 -0.003913294477392198
0.1094132629432757 -1.46565875704818e-05 -0.003960392940994368
0.1100714365438043 -1.483298136923129e-05 -0.004008056747596226
0.1107335693763015 -1.501149236638918e-05 -0.004056292647640096
0.1113996852574591 -1.519214582995868e-05 -0.004105107468855898
0.1120698081472377 -1.537496732993478e-05 -0.004154508120575509
0.1127439621497288 -1.555998274585447e-05 -0.004204501595772915
0.1134221715140214 -1.574721825417657e-05 -0.004255094967654086
0.1141044606350749 -1.593670033613926e-05 -0.004306295391780185
0.1147908540545956 -1.612845579751757e-05 -0.004358110111406277
0.1154813764619206 -1.632251175540334e-05 -0.004410546453909118
0.1161760526949047 -1.651889563780796e-05 -0.004463611830679816
0.1168749077408149 -1.671763520509388e-05 -0.004517313742914871
0.1175779667372284 -1.691875854762087e-05 -0.004571659780980192
0.118285254972937 -1.712229407642219e-05 -0.004626657621891656
0.118996797888857 -1.732827053805313e-05 -0.004682315033327389
0.119712621078944 -1.753671702835933e-05 -0.004738639877348132
0.1204327502911136 -1.774766297708065e-05 -0.004795640106237005
0.1211572114281675 -1.796113815339999e-05 -0.004853323763998881
0.1218860305487253 -1.817717268991362e-05 -0.004911698992837461
0.1226192338681618 -1.839579707060102e-05 -0.004970774029904578
0.12335684775955 -1.861704212708417e-05 -0.005030557206289403
0.1240988987546095 -1.884093906067993e-05 -0.005091056952977287
0.124845413544661 -1.906751944560953e-05 -0.005152281801716992
0.1255964189815867 -1.929681521573285e-05 -0.005214240381436133
0.1263519420787953 -1.952885867753248e-05 -0.005276941421749635
0.1271120100121947 -1.976368253053476e-05 -0.00534039375847775
0.1278766501211688 -2.000131984993032e-05 -0.005404606328949912
0.128645889909561 -2.024180408927782e-05 -0.005469588172735324
0.1294197570466637 -2.048516910751783e-05 -0.005535348438942433
0.1301982793682135 -2.073144916050388e-05 -0.005601896383930531
0.1309814848773924 -2.098067889293506e-05 -0.005669241369129832
0.1317694017458348 -2.123289335973285e-05 -0.005737392866817761
0.1325620583146414 -2.14881280366937e-05 -0.005806360462997417
0.1333594830953982 -2.174641880310941e-05 -0.005876153852701374
0.1341617047712022 -2.200780195206762e-05 -0.005946782842775012
0.1349687521976928 -2.227231421742046e-05 -0.00601825735916378
0.1357806544040905 -2.253999275591876e-05 -0.006090587442085633
0.13659744059424 -2.281087514629904e-05 -0.006163783245784331
0.1374191401476617 -2.308499941812918e-05 -0.006237855046323888
0.1382457826206078 -2.336240404902258e-05 -0.006312813240835825
0.1390773977471256 -2.36431279516175e-05 -0.006388668344000793
0.1399140154401271 -2.392721049330234e-05 -0.006465430993378624
0.140755665792465 -2.421469151525552e-05 -0.006543111954553123
0.1416023790780148 -2.45056113114029e-05 -0.0066217221154461
0.1424541857527642 -2.480001063551462e-05 -0.006701272488235042
0.1433111164559082 -2.50979307336087e-05 -0.006781774218108946
0.1441732020109516 -2.539941332804667e-05 -0.006863238578970778
0.1450404734268171 -2.570450061192631e-05 -0.00694567697192232
0.1459129618989614 -2.601323527840885e-05 -0.007029100933188736
0.1467906988104967 -2.632566052579456e-05 -0.007113522135490064
0.1476737157333199 -2.664182003911502e-05 -0.007198952383067224
0.148562044429248 -2.696175800713844e-05 -0.007285403616277055
0.1494557168511607 -2.728551915033103e-05 -0.007372887919147839
0.1503547651441497 -2.761314869726201e-05 -0.007461417513003633
0.151259221646675 -2.794469238778854e-05 -0.00755100475732488
0.152169118891728 -2.828019650935675e-05 -0.007641662159557397
0.1530844896080017 -2.861970788594099e-05 -0.007733402372123621
0.1540053667210681 -2.896327386664073e-05 -0.007826238189341363
0.1549317833545624 -2.931094235405221e-05 -0.007920182555090159
0.1558637728313743 -2.966276181912759e-05 -0.008015248566826418
0.156801368674847 -3.001878127736314e-05 -0.008111449469149169
0.1577446046099826 -3.037905030214849e-05 -0.008208798657407175
0.1586935145646554 -3.074361906124892e-05 -0.008307309687556941
0.1596481326708324 -3.111253829279017e-05 -0.008406996269673478
0.1606084932658007 -3.148585930347651e-05 -0.008507872267468811
0.1615746308934029 -3.186363400706699e-05 -0.008609951708688758
0.1625465803052792 -3.224591492110895e-05 -0.008713248784230255
0.1635243764621181 -3.263275514885628e-05 -0.008817777843255476
0.1645080545349132 -3.30242084052091e-05 -0.008923553400201026
0.1654976499062288 -3.342032904275553e-05 -0.009030590141814785
0.1664931981714723 -3.38211720231677e-05 -0.009138902919426723
0.1674947351401746 -3.422679292614086e-05 -0.009248506751364384
0.1685022968372784 -3.463724799282028e-05 -0.009359416834687353
0.1695159195044337 -3.505259410469449e-05 -0.009471648539483971
0.1705356396013016 -3.547288877540421e-05 -0.009585217406657982
0.1715614938068656 -3.589819018955114e-05 -0.009700139158415172
0.172593519020751 -3.632855721005638e-05 -0.009816429700251693
0.1736317523645521 -3.676404935288801e-05 -0.00993410511412514
0.1746762311831677 -3.720472680914799e-05 -0.01005318166442272
0.1757269930461439 -3.765065048283942e-05 -0.01017367580816642
0.1767840757490262 -3.810188195906103e-05 -0.01029560418641878
0.1778475173147181 -3.85584835075791e-05 -0.01041898362524805
0.1789173559948495 -3.902051813105749e-05 -0.01054383114876056
0.1799936302711521 -3.948804955067471e-05 -0.01067016397521425
0.1810763788568441 -3.996114219011018e-05 -0.01079799951269162
0.1821656406980222 -4.043986121274238e-05 -0.01092735536915105
0.1832614549750625 -4.092427254204349e-05 -0.01105824935793774
0.1843638611040305 -4.14144428291927e-05 -0.01119069948903242
0.1854728987380978 -4.191043947009551e-05 -0.01132472397365014
0.1865886077689693 -4.241233065411307e-05 -0.01146034123740761
0.1877110283283176 -4.292018533201544e-05 -0.0115975699116637
0.1888402007892269 -4.343407321277332e-05 -0.01173642883265258
0.1899761657676448 -4.395406481422065e-05 -0.01187693705517335
0.1911189641238435 -4.448023145923545e-05 -0.01201911385155807
0.1922686369638894 -4.501264525081284e-05 -0.0121629787049362
0.1934252256411219 -4.555137910567833e-05 -0.0123085513183173
0.1945887717576404 -4.609650678936708e-05 -0.01245585162406989
0.1957593171658014 -4.664810287765989e-05 -0.01260489977350098
0.1969369039697233 -4.720624276755918e-05 -0.0127557161398219
0.1981215745268011 -4.777100273467052e-05 -0.01290832133365356
0.19931337144923 -4.834245990538559e-05 -0.01306273619550985
0.2005123376055381 -4.892069224501359e-05 -0.01321898179259068
0.2017185161221286 -4.950577860837743e-05 -0.01337707943245365
0.2029319503848305 -5.009779875012682e-05 -0.01353705066580082
0.2041526840404598 -5.069683329034789e-05 -0.01369891727718595
0.205380760998389 -5.130296374273603e-05 -0.0138627012926272
0.2066162254321268 -5.191627256477599e-05 -0.01402842499316636
0.2078591217809067 -5.25368431152621e-05 -0.01419611090339038
0.2091094947512857 -5.316475965796488e-05 -0.01436578179242201
0.2103673893187526 -5.380010742468298e-05 -0.01453746069095734
0.2116328507293451 -5.44429725966203e-05 -0.01471117088623358
0.2129059245012778 -5.509344228209123e-05 -0.01488693591600478
0.2141866564265795 -5.57516045644381e-05 -0.0150647795814897
0.2154750925727398 -5.641754852940016e-05 -0.01524472595476729
0.2167712792843669 -5.709136422151378e-05 -0.01542679936699542
0.2180752631848539 -5.777314266529318e-05 -0.01561102441413423
0.2193870911780562 -5.846297592913996e-05 -0.01579742597421525
0.2207068104499787 -5.916095708300078e-05 -0.01598602919589999
0.2220344684704725 -5.986718019287323e-05 -0.01617685949699538
0.2233701129949433 -6.058174038628276e-05 -0.0163699425821464
0.2247137920660681 -6.130473384773122e-05 -0.01656530444160626
0.2260655540155243 -6.203625778465812e-05 -0.01676297134203869
0.2274254474657272 -6.277641047009326e-05 -0.01696296983804324
0.2287935213315797 -6.352529128908492e-05 -0.01716532678470072
0.2301698248222314 -6.4283000686883e-05 -0.01737006932357165
0.2315544074428487 -6.504964018187095e-05 -0.01757722488619065
0.2329473189963953 -6.582531244032745e-05 -0.01778682121426795
0.2343486095854241 -6.661012124014062e-05 -0.01799888634988452
0.2357583296138787 -6.740417145346443e-05 -0.01821344863080563
0.237176529788907 -6.820756911089825e-05 -0.01843053670782299
0.2386032611226849 -6.902042141587569e-05 -0.0186501795486427
0.2400385749342508 -6.984283669834589e-05 -0.01887240642536949
0.2414825228513524 -7.067492444963947e-05 -0.01909724692392783
0.2429351568123028 -7.151679538762031e-05 -0.01932473096166677
0.2443965290678495 -7.236856140067268e-05 -0.01955488877222462
0.2458666921830531 -7.323033555080551e-05 -0.01978775090636772
0.2473456990391787 -7.410223215414759e-05 -0.02002334825374122
0.2488336028355976 -7.498436675692267e-05 -0.02026171203637732
0.250330457091701 -7.587685610479996e-05 -0.02050287380041334
0.2518363156488252 -7.677981820301939e-05 -0.02074686543233836
0.2533512326721881 -7.769337235182287e-05 -0.02099371916856711
0.2548752626528374 -7.861763908895395e-05 -0.02124346757990278
0.2564084604096108 -7.955274021474447e-05 -0.02149614357831561
0.2579508810911079 -8.049879887246076e-05 -0.02175178043865357
0.2595025801776736 -8.145593949887248e-05 -0.02201041178528532
0.261063613483394 -8.242428780573242e-05 -0.02227207158709591
0.2626340371581039 -8.340397085084233e-05 -0.02253679417668964
0.2642139076894062 -8.439511709443373e-05 -0.0228046142656248
0.2658032819047042 -8.539785629382636e-05 -0.02307556691594915
0.2674022169732455 -8.64123195161988e-05 -0.02334968754365063
0.2690107704081783 -8.743863929829003e-05 -0.02362701196181077
0.2706290000686201 -8.847694953359871e-05 -0.02390757635012449
0.2722569641617388 -8.952738546971562e-05 -0.02419141725417931
0.2738947212448469 -9.059008382165667e-05 -0.02447857161607935
0.2755423302275071 -9.166518271974977e-05 -0.02476907676036368
0.2771998503736515 -9.2752821684868e-05 -0.02506297038731405
0.2788673413037137 -9.385314170918362e-05 -0.02536029059477562
0.2805448629967726 -9.496628527311366e-05 -0.02566107588273586
0.2822324757927104 -9.609239628435899e-05 -0.02596536513685216
0.283930240394383 -9.723162011959787e-05 -0.02627319763971791
0.285638217869803 -9.838410370586166e-05 -0.02658461309285132
0.2873564696543368 -9.954999544809204e-05 -0.02689965159712036
0.2890850575529139 -0.0001007294452304085 -0.02721835365308534
0.2908240437422505 -0.0001019226045151923 -0.02754076018777262
0.2925734907730859 -0.0001031296263122201 -0.02786691254633409
0.294333461572432 -0.000104350665137196 -0.02819685248084203
0.2961040194458372 -0.000105585877084197 -0.02853062216986478
0.2978852280796634 -0.0001068354198695402 -0.02886826423032027
0.2996771515433765 -0.0001080994527566786 -0.02920982169718177
0.3014798542918515 -0.0001093781365848548 -0.02955533803122067
0.3032934011676903 -0.0001106716338689917 -0.02990485714599799
0.3051178574035545 -0.0001119801087292088 -0.030258423388819
0.3069532886245115 -0.0001133037268762673 -0.03061608153680018
0.3087997608503953 -0.0001146426557106191 -0.03097787682363354
0.3106573404981812 -0.0001159970643142301 -0.03134385493737715
0.3125260943843745 -0.0001173671233905342 -0.03171406200423001
0.3144060897274139 -0.000118753005325515 -0.032088544605037
0.3162973941500897 -0.0001201548842588893 -0.03246734979452367
0.3182000756819758 -0.0001215729359980701 -0.03285052507804784
0.3201142027618771 -0.0001230073380321424 -0.03323811841537617
0.3220398442402905 -0.000124458269643211 -0.03363017825077162
0.3239770693818822 -0.0001259259118470609 -0.03402675349695911
0.3259259478679787 -0.0001274104473596303 -0.03442789352606632
0.3278865497990735 -0.0001289120606901517 -0.03483364819479133
0.3298589456973481 -0.0001304309381606887 -0.03524406784968186
0.3318432065092091 -0.0001319672678278014 -0.03565920330596824
0.3338394036078401 -0.0001335212395287479 -0.03607910586004764
0.3358476087957689 -0.0001350930449774732 -0.03650382731542141
0.3378678943074497 -0.00013668287767347 -0.03693341995806822
0.3399003328118625 -0.0001382909328988805 -0.0373679365556609
0.3419449974151257 -0.0001399174078334955 -0.0378074303886406
0.3440019616631268 -0.0001415625015151625 -0.03825195523951858
0.3460712995441669 -0.0001432264147851285 -0.03870156537810716
0.3481530854916227 -0.0001449093503696415 -0.03915631558356952
0.3502473943866234 -0.000146611512929601 -0.03961626115783573
0.3523543015607447 -0.0001483331089661544 -0.04008145790009394
0.3544738827987177 -0.0001500743468495917 -0.04055196211459782
0.3566062143411555 -0.0001518354369334778 -0.0410278306415068
0.3587513728872951 -0.000153616591467232 -0.04150912083326379
0.3609094355977566 -0.000155418024573436 -0.04199589054846355
0.3630804800973185 -0.0001572399523586611 -0.04248819818179966
0.3652645844777097 -0.0001590825929003658 -0.04298610266052393
0.3674618273004187 -0.0001609461661705709 -0.04348966342382262
0.369672287599519 -0.0001628308941009617 -0.04399894044040782
0.3718960448845125 -0.0001647370006614512 -0.04451399422974612
0.374133179143189 -0.0001666647117543472 -0.04503488583346141
0.3763837708445035 -0.0001686142552243016 -0.04556167681802313
0.3786479009414707 -0.0001705858609806136 -0.04609442930779421
0.3809256508740766 -0.0001725797609239073 -0.04663320596521841
0.3832171025722083 -0.0001745961889007497 -0.04717806997855763
0.3855223384586003 -0.0001766353808028925 -0.0477290850887081
0.3878414414518001 -0.0001786975745844337 -0.04828631559383787
0.3901744949691499 -0.0001807830101653603 -0.04884982632332268
0.3925215829297878 -0.0001828919294763527 -0.04941968264985274
0.3948827897576659 -0.0001850245765606067 -0.04999595051694634
0.3972582003845871 -0.0001871811974640659 -0.05057869640928912
0.3996479002532602 -0.0001893620402244367 -0.05116798734976601
0.402051975320373 -0.0001915673549911946 -0.05176389093188827
0.4044705120596843 -0.0001937973939748367 -0.05236647530608091
0.4069035974651345 -0.0001960524113776302 -0.0529758091609701
0.4093513190539743 -0.0001983326634745928 -0.05359196174526511
0.4118137648699132 -0.0002006384086605986 -0.05421500288048679
0.4142910234862858 -0.0002029699073377254 -0.05484500293052759
0.4167831840092382 -0.0002053274219376166 -0.05548203280769384
0.4192903360809331 -0.0002077112170359143 -0.0561261640036271
0.4218125698827739 -0.000210121559248699 -0.05677746856132092
0.4243499761386489 -0.0002125587171982462 -0.05743601906586771
0.4269026461181943 -0.0002150229616207705 -0.05810188867357265
0.429470671640077 -0.0002175145653431484 -0.0587751511056639
0.4320541450752978 -0.0002200338031909945 -0.05945588062345353
0.4346531593505136 -0.0002225809520460693 -0.06014415204384995
0.43726780795138 -0.0002251562909179146 -0.06084004075871465
0.4398981849259138 -0.0002277601008215821 -0.06154362270182292
0.4425443848878763 -0.0002303926647765829 -0.06225497434857998
0.4452065030201759 -0.0002330542679201022 -0.06297417274661306
0.4478846350782926 -0.0002357451974197901 -0.06370129549220638
0.4505788773937215 -0.0002384657424148457 -0.06443642071438123
0.4532893268774382 -0.000241216194102668 -0.06517962709831031
0.4560160810233846 -0.0002439968457429614 -0.06593099388642688
0.458759237911976 -0.00024680799254707 -0.06669060084852173
0.4615188962136283 -0.0002496499317084889 -0.06745852828998748
0.464295155192308 -0.0002525229624879592 -0.06823485707481251
0.4670881147091019 -0.0002554273860905929 -0.06901966859237846
0.4698978752258099 -0.0002583635056406327 -0.06981304475064001
0.4727245378085577 -0.0002613316262799 -0.07061506800272689
0.4755682041314329 -0.0002643320551027436 -0.07142582132936603
0.4784289764801414 -0.0002673651010738731 -0.07224538821667918
0.4813069577556875 -0.0002704310750868342 -0.0730738526719838
0.4842022514780743 -0.0002735302899891813 -0.07391129923059475
0.487114961790028 -0.0002766630604597507 -0.0747578129226622
0.4900451934607434 -0.0002798297030114062 -0.07561347927391347
0.4929930518896525 -0.0002830305360732296 -0.07647838432786186
0.4959586431102161 -0.0002862658798770528 -0.07735261461514628
0.4989420737937372 -0.0002895360564079454 -0.07823625714015228
0.5019434512531983 -0.0002928413894759572 -0.07912939940039798
0.504962883447121 -0.0002961822046726206 -0.08003212937478024
0.5080004789834501 -0.0002995588292703342 -0.080944535496387
0.5110563471234592 -0.0003029715922481681 -0.08186670665947006
0.5141305977856812 -0.0003064208243249018 -0.08279873222837257
0.5172233415498623 -0.000309906857833181 -0.08374070200352433
0.520334689660939 -0.000313430026695516 -0.08469270621495648
0.52346475403304 -0.0003169906664851596 -0.08565483553875138
0.5266136472535116 -0.0003205891143286876 -0.0866271810707186
0.5297814825869668 -0.0003242257088346886 -0.08760983430712621
0.5329683739793606 -0.0003279007901294639 -0.08860288715434704
0.5361744360620875 -0.0003316146998264267 -0.08960643192059023
0.5393997841561053 -0.000335367780915236 -0.09062056128594367
0.5426445342760833 -0.0003391603777537334 -0.09164536830019529
0.5459088031345746 -0.0003429928360891767 -0.09268094638857058
0.5491927081462149 -0.000346865502938857 -0.09372738931947393
0.5524963674319456 -0.0003507787265418358 -0.09478479119144734
0.5558198998232626 -0.0003547328563820968 -0.09585324643942633
0.5591634248664905 -0.0003587282431054115 -0.09693284981227597
0.5625270628270829 -0.0003627652384331573 -0.09802369634950345
0.565910934693948 -0.0003668441951562359 -0.09912588137961488
0.5693151621838011 -0.0003709654670997028 -0.1002395005105575
0.5727398677455418 -0.0003751294090124723 -0.1013646495999168
0.5761851745646592 -0.0003793363765277816 -0.1025014247442334
0.5796512065676627 -0.0003835867261488092 -0.1036499222751169
0.5831380884265391 -0.0003878808151422029 -0.1048102387304758
0.5866459455632378 -0.000392219001470903 -0.1059824708363655
0.5901749041541815 -0.0003966016437669721 -0.1071667154996466
0.5937250911348052 -0.0004010291012501725 -0.1083630697859836
0.5972966342041217 -0.0004055017336384228 -0.1095716308956489
0.6008896618293151 -0.0004100199010988536 -0.1107924961502979
0.6045043032503616 -0.000414583964181461 -0.1120257629750406
0.6081406884846782 -0.0004191942837207565 -0.1132715288718669
0.6117989483317994 -0.0004238512207703102 -0.1145298914019589
0.6154792143780822 -0.000428555136530021 -0.1158009481660389
0.619181619001439 -0.0004333063922494159 -0.1170847967782389
0.6229062953760992 -0.0004381053491521981 -0.1183815348457132
0.6266533774773996 -0.0004429523683514976 -0.1196912599457379
0.6304230000866031 -0.0004478478107453199 -0.1210140695974596
0.6342152987957473 -0.0004527920369389404 -0.1223500612409258
0.6380304100125211 -0.0004577854071572462 -0.1236993322133982
0.6418684709651717 -0.0004628282811151219 -0.1250619797143293
0.6457296197074404 -0.0004679210179393109 -0.1264381007842488
0.6496139951235281 -0.0004730639760862505 -0.1278277922825611
0.6535217369330918 -0.0004782575131927501 -0.1292311508471971
0.6574529856962692 -0.0004835019859725433 -0.130648272866661
0.6614078828187353 -0.000488797750149469 -0.132079254461975
0.6653865705567885 -0.0004941451603142074 -0.1335241914479678
0.6693891920224675 -0.0004995445697601765 -0.1349831792889316
0.673415891188699 -0.0005049963304342351 -0.1364563130853015
0.6774668128944764 -0.0005105007928196318 -0.137943687542027
0.6815421028500694 -0.0005160583057119484 -0.1394453969080286
0.6856419076422656 -0.0005216692161557711 -0.1409615349590864
0.6897663747396426 -0.0005273338693628517 -0.1424921949757253
0.693915652497873 -0.0005330526084787152 -0.1440374696801502
0.6980898901650602 -0.0005388257744351249 -0.1455974511963799
0.702289237887107 -0.0005446537059152763 -0.1471722310408421
0.7065138467131162 -0.0005505367391603451 -0.1487619000701003
0.7107638686008243 -0.0005564752076996282 -0.1503665484079344
0.7150394564220665 -0.0005624694423424527 -0.1519862654431547
0.7193407639682761 -0.000568519771046324 -0.1536211397939733
0.7236679459560159 -0.0005746265185741432 -0.1552712592153807
0.728021158032544 -0.0005807900064227663 -0.156936710579841
0.7324005567814114 -0.0005870105527668007 -0.1586175798621055
0.736806299728095 -0.0005932884721407984 -0.1603139520533368
0.7412385453456634 -0.000599624075197319 -0.1620259110957349
0.7456974530604773 -0.0006060176687296135 -0.1637535398886664
0.7501831832579239 -0.0006124695554429472 -0.1654969202268731
0.754695897288186 -0.0006189800335322152 -0.1672561326863384
0.7592357574720454 -0.0006255493967149742 -0.169031256633213
0.7638029271067222 -0.000632177934107719 -0.1708223701903833
0.7683975704717476 -0.0006388659297521421 -0.1726295501094607
0.7730198528348741 -0.0006456136624887771 -0.1744528717366386
0.7776699404580188 -0.0006524214059607179 -0.1762924090136972
0.7823480006032453 -0.0006592894282237881 -0.1781482343726666
0.7870542015387785 -0.000666217991345155 -0.1800204186273671
0.7917887125450584 -0.0006732073515067541 -0.181909031001356
0.7965517039208285 -0.0006802577587634164 -0.1838141390625705
0.8013433469892614 -0.000687369456432114 -0.1857358085582941
0.8061638141041211 -0.0006945426811398153 -0.1876741034280877
0.8110132786559631 -0.0007017776627439944 -0.1896290857823107
0.8158919150783704 -0.000709074623730447 -0.1916008157394025
0.8207998988542287 -0.0007164337789614519 -0.1935893513578333
0.8257374065220374 -0.0007238553357792853 -0.1955947486640747
0.8307046156822607 -0.0007313394935693028 -0.1976170615345391
0.8357017050037151 -0.0007388864431293118 -0.1996563415251759
0.8407288542299962 -0.0007464963668639817 -0.2017126379240041
0.8457862441859444 -0.0007541694385605314 -0.2037859976904999
0.8508740567841485 -0.0007619058225740999 -0.2058764652354737
0.8559924750314897 -0.000769705673829728 -0.2079840824216057
0.8611416830357236 -0.0007775691378373934 -0.2101088885675084
0.8663218660121029 -0.0007854963499814903 -0.2122509202557354
0.8715332102900397 -0.0007934874350524143 -0.2144102112062095
0.8767759033198074 -0.0008015425074906406 -0.2165867923421759
0.882050133679283 -0.0008096616709381652 -0.2187806916689957
0.8873560910807308 -0.0008178450173147665 -0.2209919340245407
0.8926939663776258 -0.0008260926270928494 -0.2232205411534594
0.8980639515715189 -0.000834404569135254 -0.2254665316633507
0.9034662398189428 -0.0008427808996765645 -0.2277299207495014
0.9089010254383604 -0.0008512216621922139 -0.2300107201595164
0.9143685039171535 -0.000859726887566912 -0.2323089382388298
0.9198688719186553 -0.0008682965933129094 -0.2346245797194702
0.9254023272892237 -0.0008769307827868658 -0.2369576455084491
0.9309690690653579 -0.0008856294456001804 -0.2393081327986369
0.9365692974808579 -0.0008943925572030179 -0.2416760349563615
0.9422032139740265 -0.0009032200776494356 -0.2440613411877306
0.9478710211949153 -0.000912111951872044 -0.2464640366128479
0.9535729230126136 -0.0009210681096512003 -0.2488841022574893
0.9593091245225821 -0.0009300884644352367 -0.2513215147343138
0.9650798320540293 -0.0009391729129478733 -0.253776246136781
0.9708852531773335 -0.0009483213355713305 -0.2562482641426737
0.9767255967115094 -0.0009575335955512762 -0.2587375317992638
0.9826010727317186 -0.0009668095378077575 -0.2612440072020122
0.9885118925768263 -0.0009761489895121948 -0.2637676436504788
0.9944582688570029 -0.0009855517597596238 -0.2663083895597592
1.000440415461372 -0.0009950176380323049 -0.2688661880453315
1.006458547565703 -0.0010045463943641 -0.2714409769674748
1.012512881640152 -0.001014137779524952 -0.2740326889811155
1.018603635457047 -0.001023791523733146 -0.2766412511878665
1.024731028098722 -0.001033507335867541 -0.279266584923161
1.030895279965397 -0.001043284904119687 -0.2819086059324634
1.037096612783106 -0.001053123895254539 -0.2845672241715038
1.043335249611672 -0.001063023952957337 -0.2872423433595854
1.04961141485273 -0.001072984698526125 -0.2899338611667125
1.055925334257799 -0.001083005730712043 -0.2926416691704334
1.062277234936404 -0.001093086623931495 -0.2953656523727474
1.068667345364243 -0.001103226928166813 -0.2981056891732623
1.075095895391404 -0.001113426169455872 -0.3008616515014948
1.081563116250635 -0.001123683848580958 -0.3036334044625859
1.088069240565661 -0.001133999439757932 -0.3064208059830976
1.094614502359551 -0.001144372391581657 -0.3092237070664773
1.101199137063137 -0.001154802126416275 -0.3120419516283052
1.107823381523478 -0.001165288038294999 -0.3148753759287899
1.114487474012384 -0.001175829493596946 -0.317723808755659
1.121191654234987 -0.00118642583116402 -0.3205870714557402
1.127936163338358 -0.00119707636035049 -0.3234649774079344
1.134721243920186 -0.001207780360485045 -0.3263573318778573
1.141547140037501 -0.001218537081746956 -0.3292639322545857
1.148414097215454 -0.001229345743936544 -0.3321845677184265
1.155322362456149 -0.001240205534551969 -0.3351190187212386
1.162272184247527 -0.001251115610000318 -0.3380670573136855
1.169263812572304 -0.001262075095207804 -0.3410284470399049
1.176297498916961 -0.001273083081154583 -0.3440029422713863
1.183373496280794 -0.001284138625346166 -0.3469902883343524
1.19049205918501 -0.001295240752329533 -0.3499902216492192
1.197653443681885 -0.001306388451704795 -0.3530024691933222
1.204857907363973 -0.001317580676980614 -0.3560267481916373
1.212105709373372 -0.001328816346890327 -0.3590627664724128
1.219397110411042 -0.001340094344357617 -0.3621102221876819
1.22673237274619 -0.001351413513954179 -0.3651688031262917
1.234111760225694 -0.001362772663265933 -0.3682381870830713
1.241535538283603 -0.001374170562841345 -0.371318041844867
1.249003973950675 -0.001385605943496631 -0.3744080244623754
1.256517335863991 -0.001397077496369691 -0.3775077812647168
1.264075894276612 -0.001408583873946784 -0.380616948136855
1.271679921067302 -0.001420123688188046 -0.3837351500130899
1.279329689750306 -0.001431695508656985 -0.3868620003716235
1.287025475485191 -0.001443297864276955 -0.3899971017091803
1.294767555086741 -0.001454929242601615 -0.3931400453438769
1.302556207034913 -0.00146658808676984 -0.3962904105924006
1.310391711484858 -0.001478272796812047 -0.3994477651229955
1.318274350276994 -0.001489981730086576 -0.4026116650733777
1.326204406947145 -0.001501713198540873 -0.4057816543106725
1.334182166736741 -0.001513465468136518 -0.4089572642760504
1.342207916603075 -0.001525236760469607 -0.4121380144225741
1.350281945229628 -0.001537025251179989 -0.4153234117853548
1.358404543036452 -0.001548829067325836 -0.4185129502721275
1.366576002190616 -0.001560646289497836 -0.4217061112345337
1.374796616616712 -0.001572474951517069 -0.4249023633864825
1.383066682007434 -0.001584313037096822 -0.4281011619021318
1.391386495834208 -0.001596158480830458 -0.4313019486828226
1.399756357357896 -0.001608009169257074 -0.4345041526450342
1.408176567639557 -0.001619862938295565 -0.4377071890270338
1.416647429551278 -0.001631717571900267 -0.4409104590256173
1.425169247787069 -0.001643570804293327 -0.4441133503993218
1.433742328873819 -0.001655420318812838 -0.4473152371571777
1.442366981182327 -0.001667263744658692 -0.4505154786793977
1.45104351493839 -0.001679098659170361 -0.4537134203328619
1.459772242233963 -0.001690922588095899 -0.4569083935438041
1.468553477038385 -0.001702733002232465 -0.4600997148900416
1.477387535209671 -0.001714527317857455 -0.4632866862174698
1.486274734505876 -0.001726302898520353 -0.4664685951242454
1.495215394596523 -0.001738057052881387 -0.4696447143767616
1.504209837074101 -0.00174978703257371 -0.4728143013319846
1.513258385465633 -0.001761490034980818 -0.4759765986879459
1.522361365244312 -0.001773163202652197 -0.4791308343258432
1.531519103841213 -0.001784803619720239 -0.4822762203418452
1.540731930657063 -0.001796408314047746 -0.4854119536273759
1.550000177074097 -0.001807974258219286 -0.48853721613699
1.55932417646797 -0.001819498366466881 -0.4916511740576555
1.568704264219756 -0.001830977494391427 -0.4947529777334786
1.578140777728008 -0.001842408441500633 -0.4978417623514858
1.587634056420891 -0.001853787949665869 -0.5009166475246454
1.597184441768398 -0.001865112700343277 -0.5039767365409764
1.606792277294626 -0.001876379317718496 -0.5070211172132938
1.616457908590138 -0.001887584368809445 -0.5100488619069803
1.626181683324388 -0.00189872435995216 -0.513059026590416
1.635963951258232 -0.001909795738542143 -0.5160506513055136
1.645805064256506 -0.001920794894842259 -0.5190227606562335
1.655705376300682 -0.001931718159503438 -0.5219743631386469
1.665665243501602 -0.001942561802580032 -0.5249044508748739
1.675685024112287 -0.001953322036729608 -0.5278120004777059
1.685765078540822 -0.001963995016447126 -0.5306959728436722
1.695905769363321 -0.001974576835011061 -0.5335553123278435
1.70610746133697 -0.001985063527711817 -0.5363889476161897
1.716370521413142 -0.001995451072747746 -0.5391957919676953
1.726695318750602 -0.002005735388208772 -0.5419747423992974
1.737082224728785 -0.002015912333258311 -0.5447246800052553
1.747531612961148 -0.002025977710744815 -0.5474444706628212
1.758043859308618 -0.002035927265586934 -0.5501329645958921
1.768619341893104 -0.002045756683304074 -0.552788995977948
1.779258441111101 -0.002055461593677064 -0.5554113839212085
1.789961539647373 -0.002065037570842107 -0.5579989325020211
1.800729022488719 -0.002074480130511764 -0.5605504300099365
1.811561276937818 -0.002083784732972354 -0.5630646497576421
1.822458692627162 -0.002092946784823092 -0.5655403505508991
1.83342166153307 -0.002101961636857958 -0.5679762761161992
1.844450577989788 -0.002110824584745244 -0.570371155284383
1.855545838703674 -0.002119530872292558 -0.5727237028728879
1.866707842767465 -0.002128075690874059 -0.5750326195309788
1.877936991674634 -0.002136454177944089 -0.5772965913381126
1.88923368933383 -0.002144661420856461 -0.5795142908359581
1.90059834208341 -0.002152692457836999 -0.5816843772911876
1.912031358706049 -0.002160542276057558 -0.5838054961750541
1.923533150443451 -0.002168205814250296 -0.5858762798697992
1.935104131011135 -0.002175677965193574 -0.5878953483403758
1.946744716613318 -0.002182953574800319 -0.5898613088881104
1.958455325957888 -0.002190027442630562 -0.5917727562891988
1.970236380271462 -0.002196894325516863 -0.5936282737743405
1.982088303314539 -0.002203548938076584 -0.5954264331671619
1.994011521396743 -0.002209985951887358 -0.5971657946614171
2.006006463392153 -0.002216199999133734 -0.5988449078063566
2.018073560754737 -0.002222185674387144 -0.6004623119876976
2.030213247533863 -0.002227937534038169 -0.6020165362742149
2.042425960389917 -0.002233450098633999 -0.6035061000493509
2.05471213861001 -0.002238717855838103 -0.6049295138109569
2.067072224123773 -0.002243735260889701 -0.6062852792954464
2.079506661519261 -0.002248496737560367 -0.607571889736283
2.092015898058938 -0.00225299668174227 -0.6087878308335661
2.104600383695769 -0.002257229462940972 -0.6099315811574049
2.117260571089404 -0.002261189424851263 -0.6110016123035162
2.129996915622458 -0.002264870888649197 -0.6119963897827726
2.142809875416892 -0.002268268155339219 -0.6129143736554263
2.155699911350493 -0.00227137550686403 -0.6137540188310083
2.16866748707345 -0.002274187208637239 -0.6145137757526825
2.181713069025031 -0.002276697512514605 -0.6151920912001128
2.194837126450363 -0.002278900658566375 -0.6157874087683701
2.208040131417308 -0.002280790877316153 -0.6162981694729035
2.221322558833443 -0.002282362392885521 -0.616722812599256
2.234684886463145 -0.002283609425210769 -0.6170597763020519
2.248127594944775 -0.002284526192590496 -0.6173074982933917
2.261651167807962 -0.0022851069147978 -0.6174644166838034
2.275256091491004 -0.002285345815517636 -0.6175289706408472
2.288942855358358 -0.002285237125197417 -0.6174996011593851
2.302711951718243 -0.002284775084573466 -0.6173747520144699
2.316563875840352 -0.002283953947072744 -0.6171528704103237
2.330499125973664 -0.002282767981613602 -0.616832407737136
2.344518203364364 -0.002281211476981196 -0.6164118207533541
2.358621612273878 -0.002279278744304225 -0.61588957225493
2.372809859997005 -0.002276964119532731 -0.6152641317448526
2.387083456880169 -0.002274261968220295 -0.6145339767253566
2.401442916339774 -0.002271166689053989 -0.6136975936517595
2.415888754880671 -0.002267672715684943 -0.6127534784271038
2.430421492114737 -0.002263774521066547 -0.6117001375743932
2.445041650779565 -0.00225946662298054 -0.6105360897298112
2.459749756757268 -0.002254743585296476 -0.6092598659830445
2.474546339093393 -0.002249600021305493 -0.6078700107781078
2.489431930015952 -0.002244030600804554 -0.6063650838275966
2.504407064954564 -0.002238030052106266 -0.6047436606557626
2.519472282559719 -0.002231593164042886 -0.6030043331400232
2.534628124722145 -0.00222471479284124 -0.60114571136865
2.549875136592308 -0.002217389867039477 -0.5991664249693359
2.565213866600017 -0.002209613387888899 -0.5970651232177764
2.580644866474148 -0.002201380434603336 -0.5948404764561149
2.596168691262497 -0.002192686172833401 -0.5924911783827929
2.611785899351737 -0.002183525854440909 -0.5900159459915948
2.627497052487508 -0.002173894820643559 -0.5874135204213808
2.64330271579462 -0.002163788511873135 -0.5846826696198949
2.659203457797384 -0.002153202470043216 -0.5818221889565297
2.675199850440056 -0.002142132339103397 -0.578830901372083
2.691292469107416 -0.002130573873413703 -0.5757076596416284
2.707481892645458 -0.002118522945196584 -0.5724513483881395
2.723768703382218 -0.002105975542733286 -0.5690608835951242
2.740153487148712 -0.00209292777569313 -0.5655352140466651
2.756636833300016 -0.002079375887053127 -0.5618733245482458
2.77321933473646 -0.002065316251558115 -0.5580742355106623
2.789901587924954 -0.002050745377685146 -0.5541370034808245
2.806684192920446 -0.002035659919754321 -0.5500607244142542
2.823567753387507 -0.002020056681572189 -0.5458445346595787
2.840552876622036 -0.002003932614475734 -0.5414876104299902
2.857640173573115 -0.001987284826207001 -0.5369891702012808
2.874830258864976 -0.001970110591869112 -0.532348477672295
2.892123750819116 -0.001952407349440193 -0.5275648405527373
2.909521271476531 -0.001934172704191864 -0.5226376117571028
2.927023446620097 -0.001915404443734008 -0.517566193469961
2.944630905797074 -0.001896100536021777 -0.5123500366074253
2.962344282341753 -0.001876259128915101 -0.5069886406981254
2.980164213398238 -0.001855878563449072 -0.5014815574690322
2.998091339943359 -0.001834957380080131 -0.4958283925332546
3.016126306809736 -0.001813494313305918 -0.4900288039362556
3.034269762708964 -0.00179148829976948 -0.4840825043457112
3.052522360254954 -0.001768938493063876 -0.4779892650518987
3.070884755987404 -0.001745844256675872 -0.4717489140609961
3.089357610395416 -0.001722205166338475 -0.4653613367307652
3.107941587941251 -0.001698021027081422 -0.4588264803778065
3.126637357084233 -0.00167329187207401 -0.4521443539648784
3.14544559030479 -0.001648017958574825 -0.4453150270064624
3.164366964128648 -0.001622199780825161 -0.4383386330527267
3.183402159151157 -0.001595838079791281 -0.4312153723220061
3.202551860061779 -0.001568933833875639 -0.4239455091908582
3.221816755668715 -0.001541488264944569 -0.4165293738228209
3.241197538923678 -0.001513502856237139 -0.408967367007608
3.260694906946819 -0.001484979343677107 -0.401259957813491
3.280309561051807 -0.001455919714893326 -0.3934076833226
3.300042206771049 -0.001426326226510579 -0.3854111533031246
3.319893553881069 -0.001396201405121027 -0.3772710504718093
3.339864316428041 -0.001365548038758088 -0.3689881281900912
3.359955212753471 -0.001334369187688312 -0.3605632133801976
3.380166965520037 -0.001302668197711413 -0.3519972101189816
3.400500301737581 -0.001270448687182141 -0.3432910961310701
3.42095595278926 -0.00123771454980291 -0.3344459235434656
3.441534654457853 -0.001204469973737912 -0.3254628240504204
3.46223714695223 -0.001170719432824601 -0.3163430065386675
3.483064174933973 -0.001136467681223478 -0.3070877556417278
3.504016487544163 -0.001101719768909796 -0.2976984359259603
3.525094838430328 -0.00106648104510221 -0.2881764928170279
3.546299985773546 -0.001030757145395776 -0.2785234491230719
3.567632692315724 -0.0009945539990815471 -0.268740907012559
3.589093725387028 -0.0009578778445313903 -0.2588305521714502
3.610683856933487 -0.0009207352136995111 -0.2487941496153197
3.632403863544755 -0.0008831329306903331 -0.238633543302378
3.654254526482051 -0.000845078129498843 -0.2283506609271344
3.676236631706256 -0.0008065782469678813 -0.2179475120173694
3.698350969906183 -0.0007676410117230118 -0.2074261849441979
3.720598336527025 -0.0007282744557543289 -0.1967888500516186
3.742979531798957 -0.0006884869248797924 -0.1860377624838369
3.765495360765927 -0.000648287052847636 -0.1751752551874134
3.788146633314612 -0.0006076837646863157 -0.1642037398164608
3.810934164203546 -0.0005666863085855109 -0.1531257153472892
3.833858773092431 -0.0005253042225548221 -0.1419437590691694
3.856921284571616 -0.000483547328531468 -0.1306605249921594
3.880122528191761 -0.0004414257543716471 -0.1192787497894448
3.903463338493672 -0.0003989499244810049 -0.1078012502655739
3.926944555038322 -0.000356130545007208 -0.09623091935530662
3.950567022437048 -0.0003129786105114247 -0.08457072792633176
3.974331590381932 -0.0002695054108403867 -0.07282372663618371
3.998239113676364 -0.0002257225118467389 -0.06099304072264044
4.02229045226579 -0.0001816417528928056 -0.04908186932920994
4.046486471268643 -0.0001372752588560679 -0.03709348874916005
4.070828041007458 -9.26354250469709e-05 -0.02503124835012167
4.095316037040186 -4.773490633840179e-05 -0.01289856763673805
4.119951340191675 -2.586625048925147e-06 -0.0006989383808134006
4.144734836585366 4.279623280999079e-05 0.01156407639273345
4.169667417675155 8.840023545488956e-05 0.02388684724832412
4.194749980277468 0.0001342117052470004 0.03626567831720493
4.219983426603512 0.0001802167134410164 0.04869680587850122
4.24536866429173 0.0002264010995571991 0.06117640359380187
4.270906606440451 0.0002727504785384923 0.07370058444110068
4.296598171640729 0.0003192502348060879 0.08626539910853628
4.322444284009386 0.0003658855356715882 0.09886683961852566
4.348445873222255 0.0004126413451751457 0.1115008430670023
4.374603874547618 0.0004595024229002986 0.1241632913031699
4.400919228879844 0.0005064533288401624 0.1368500122444084
4.42739288277324 0.0005534784417298382 0.1495567848299191
4.454025788476091 0.0006005619641294718 0.1622793403942311
4.480818903964917 0.0006476879220839197 0.1750133625752385
4.50777319297893 0.0006948401829718472 0.1877544921372498
4.534889625054696 0.0007420024660015289 0.200498329807084
4.562169175561013 0.0007891583435587266 0.2132404366382842
4.589612825733993 0.000836291253401038 0.2259763373061829
4.617221562712357 0.0008833845135839094 0.2387015241410966
4.644996379572944 0.0009304213279444855 0.251411458610131
4.672938275366425 0.0009773847935217355 0.2641015733221914
4.701048255153248 0.001024257917175804 0.2767672765187388
4.729327330039782 0.001071023624560896 0.2894039544983757
4.757776517214689 0.001117664767026307 0.3020069734815903
4.786396839985513 0.001164164136637035 0.3145716836695129
4.815189327815487 0.001210504477607541 0.3270934223334625
4.844155016360561 0.00125666849508175 0.3395675161874104
4.873294947506656 0.001302638868218238 0.3519892849237631
4.902610169407141 0.001348398262729497 0.3643540446016264
4.932101736520533 0.001393929340978474 0.376657110375018
4.961770709648425 0.001439214775467823 0.3888938001378307
4.991618155973645 0.00148423726111168 0.401059437839819
5.021645149098641 0.001528979525421388 0.4131493562389111
5.051852769084097 0.001573424343285733 0.4251589008950105
5.082242102487784 0.001617554549977915 0.4370834336846436
5.112814242403641 0.00166135305019131 0.4489183352425353
5.1435702885011 0.001704802832354194 0.4606590088296254
5.174511347064628 0.001747886985327115 0.4723008848449077
5.205638531033534 0.001790588705476037 0.4838394227366817
5.23695296004199 0.001832891308481191 0.4952701141934513
5.26845576045931 0.001874778250267404 0.5065884887995605
5.300148065430462 0.001916233134204719 0.5177901159808926
5.332031014916829 0.001957239719265104 0.5288706072089128
5.364105755737212 0.001997781940999198 0.539825621668848
5.39637344160908 0.002037843924710493 0.5506508698195148
5.42883523319007 0.002077409988624455 0.5613421142496557
5.461492298119737 0.002116464660479559 0.5718951741610443
5.494345811061548 0.002154992699945417 0.5823059314261423
5.52739695374514 0.002192979098245808 0.5925703304862381
5.560646915008824 0.002230409088352391 0.6026843811059165
5.594096890842349 0.002267268172281059 0.6126441657488719
5.627748084429916 0.002303542124547789 0.6224458405117241
5.661601706193463 0.002339216994734728 0.6320856358174057
5.695658973836199 0.002374279131243733 0.6415598628336661
5.729921112386407 0.002408715197151368 0.6508649177572884
5.764389354241504 0.002442512164839037 0.6599972803630857
5.799064939212376 0.002475657331011554 0.6689535180621047
5.833949114567966 0.002508138345117828 0.6777302935812506
5.869043135080146 0.002539943201490132 0.68632436283922
5.904348263068843 0.002571060244581049 0.6947325763615871
5.939865768447451 0.002601478199351795 0.7029518874921105
5.975596928768503 0.002631186173611145 0.7109793530247376
6.01154302926963 0.002660173652041084 0.7188121315892628
6.047705362919785 0.002688430518440916 0.7264474896619629
6.084085230465758 0.002715947075787059 0.7338828069860043
6.120683940478954 0.002742714031376548 0.7411155725570312
6.15750280940247 0.002768722506836517 0.7481433873278536
6.194543161598441 0.00279396407012438 0.7549639728552958
6.231806329395683 0.00281843072250124 0.7615751677802475
6.269293653137611 0.002842114895936965 0.7679749271264843
6.307006481230453 0.002865009482086426 0.7741613301304091
6.344946170191752 0.002887107836132663 0.7801325812795219
6.383114084699157 0.002908403760899314 0.7858870060194014
6.421511597639515 0.002928891523556363 0.7914230552678062
6.460140090158249 0.002948565879382148 0.7967393118354655
6.499000951709037 0.002967422048729102 0.8018344842019358
6.538095580103793 0.002985455719606357 0.8067074072134517
6.577425381562945 0.003002663078830748 0.8113570505003161
6.616991770766014 0.003019040797453892 0.8157825145391163
6.656796170902505 0.003034586018751899 0.8199830274073922
6.696840013723089 0.003049296381363256 0.8239579510357831
6.737124739591115 0.003063170025944642 0.8277067830065102
6.777651797534409 0.00307620557019048 0.8312291498033497
6.818422645297399 0.003088402117317122 0.8345248091041642
6.859438749393552 0.003099759280647069 0.8375936564238655
6.900701585158119 0.003110277155852075 0.8404357176141565
6.942212636801205 0.003119956314978716 0.8430511472491633
6.983973397461158 0.003128797832034245 0.8454402355390541
7.025985369258271 0.003136803269954443 0.8476034048085894
7.068250063348816 0.003143974659720783 0.8495412038543189
7.110768999979402 0.003150314514563251 0.8512543117823613
7.153543708541653 0.003155825838617907 0.852743540347785
7.196575727627224 0.003160512095865913 0.8540098255615454
7.239866605083138 0.003164377209727292 0.8550542275807149
7.28341789806747 0.003167425583957448 0.8558779363549817
7.327231173105349 0.003169662074730497 0.8564822640832193
7.37130800614531 0.003171091976547862 0.8568686414058105
7.41564998261598 0.003171721038780146 0.8570386218744704
7.460258697483103 0.003171555455540177 0.8569938792158148
7.505135755306914 0.003170601838657719 0.8567362000287913
7.550282770299852 0.003168867221975352 0.8562674849454788
7.59570136638462 0.00316635906932713 0.8555897507870202
7.641393177252606 0.003163085241884005 0.8547051217399492
7.687359846422636 0.003159053989993921 0.8536158271512816
7.733603027300095 0.003154273966363498 0.8523242050903704
7.780124383236402 0.003148754201578022 0.8508326957341014
7.826925587588838 0.0031425040842627 0.8491438360062176
7.874008323780734 0.00313553336731356 0.8472602612609856
7.921374285362025 0.003127852159901269 0.8451847031225264
7.969025176070168 0.003119470898640932 0.8429199816945374
8.016962709891423 0.003110400343331526 0.8404690044090322
8.065188611122505 0.003100651580726646 0.8378347670452438
8.113704614432605 0.003090235994954358 0.8350203457367008
8.162512464925786 0.003079165254141503 0.8320288933569457
8.211613918203758 0.003067451314027144 0.8288636404959338
8.26101074042902 0.00305510639819538 0.8255278901186938
8.310704708388393 0.003042142976478238 0.8220250117295179
8.360697609556926 0.003028573762055587 0.8183584405883243
8.410991242162195 0.003014411703309648 0.8145316755096424
8.461587415248985 0.002999669957920299 0.8105482718628415
8.512487948744354 0.002984361883138699 0.8064118389439424
8.563694673523104 0.002968501032717829 0.8021260391462126
8.615209431473632 0.002952101133592156 0.7976945816587181
8.667034075564182 0.002935176070849647 0.7931212184055746
8.719170469909495 0.002917739882567683 0.7884097426505488
8.771620489837867 0.002899806743782227 0.7835639846653252
8.824386021958594 0.002881390947681619 0.7785878066478357
8.877468964229841 0.002862506896716433 0.7734851003200323
8.930871226026907 0.00284316909176799 0.7682597840010836
8.984594728210904 0.002823392112956118 0.7629157974213918
9.038641403197854 0.002803190608230691 0.7574570986398844
9.09301319502819 0.00278257928322399 0.7518876613019955
9.147712059436689 0.002761572884715018 0.7462114701715172
9.202739963922818 0.002740186188005945 0.7404325177195573
9.258098887821502 0.002718433985878473 0.7345548011404114
9.313790822374321 0.002696331074093812 0.7285823184334759
9.369817770801134 0.002673892239175284 0.7225190651019531
9.426181748372137 0.002651132247553222 0.7163690312196707
9.482884782480346 0.002628065830726312 0.7101361974214875
9.539928912714528 0.002604707674404081 0.7038245319694614
9.597316190932558 0.002581072409091117 0.6974379882085855
9.655048681335227 0.002557174595030287 0.6909805004982593
9.713128460540494 0.00253302871075699 0.6844559811195039
9.771557617658175 0.002508649146311603 0.6778683184408811
9.830338254365088 0.0024840501902713 0.6712213734143287
9.889472484980656 0.002459246015118404 0.6645189756215054
9.948962436542953 0.002434250672760493 0.6577649220632695
10.00881024888521 0.002409078085449998 0.6509629747060396
10.06901807471279 0.002383742028912895 0.6441168559229566
10.12958807968063 0.002358256127857618 0.6372302472803363
10.1905224424711 0.002332633851517377 0.6303067883331483
10.25182335487242 0.002306888497466587 0.6233500722520121
10.31349302185747 0.002281033182502081 0.6163636433591885
10.3755336616631 0.002255080843746165 0.609350997426637
10.43794750586993 0.002229044227470938 0.6023155786562091
10.50073679948262 0.002202935872798024 0.5952607752751116
10.56390380101059 0.002176768116009106 0.5881899207006671
10.62745078254932 0.002150553085787149 0.5811062922544323
10.69138002986203 0.002124302684691273 0.5740131061564789
10.7556938424619 0.002098028589884917 0.566913517722151
10.82039453369479 0.002071742255437842 0.5598106219840954
10.88548443082247 0.002045454897925627 0.5527074498010667
10.95096587510631 0.00201917748773784 0.5456069655092852
11.01684122189147 0.001992920757906263 0.5385120693079347
11.08311284069168 0.001966695197201867 0.5314255953938779
11.14978311527443 0.001940511033251313 0.5243503073995249
11.21685444374672 0.00191437824276353 0.517288901156182
11.28432923864131 0.001888306552305499 0.5102440049036787
11.35220992700354 0.001862305421687104 0.5032181748007457
11.42049895047856 0.001836384046371287 0.4962138955762703
11.48919876539923 0.001810551366413659 0.4892335829448908
11.55831184287442 0.001784816056406753 0.4822795808898066
11.62784066887791 0.001759186516392076 0.4753541592071028
11.69778774433782 0.001733670886391394 0.4684595174322845
11.76815558522656 0.001708277044651543 0.4615977843660025
11.83894672265132 0.001683012592294643 0.4547710139263492
11.91016370294514 0.001657884865668099 0.4479811884859837
11.98180908775847 0.001632900942664757 0.4412302205799168
12.05388545415131 0.001608067630426623 0.4345199495829017
12.12639539468595 0.001583391467011302 0.4278521421597278
12.19934151752018 0.001558878735393833 0.4212284960486894
12.27272644650111 0.001534535458720948 0.4146506387792298
12.34655282125957 0.001510367391176186 0.4081201252035784
12.42082329730504 0.001486380035154813 0.4016384421376314
12.49554054612116 0.00146257864419597 0.3952070091532514
12.57070725526186 0.0014389682110062 0.3888271753420781
12.64632612844798 0.001415553479341174 0.3825002225261165
12.72239988566455 0.001392338953476328 0.3762273678168231
12.79893126325863 0.001369328890989628 0.3700097616649179
12.87592301403773 0.001346527310222668 0.3638484898764661
12.95337790736882 0.001323937993387652 0.3577445744524245
13.03129872927796 0.001301564485200729 0.35169897321935
13.10968828255048 0.001279410107195508 0.3457125836970913
13.18854938683184 0.001257477958011769 0.3397862431768019
13.26788487872902 0.001235770917862745 0.3339207299280552
13.34769761191256 0.001214291646811442 0.328116762733085
13.42799045721921 0.001193042591530426 0.3223750027133639
13.50876630275517 0.001172025997969772 0.3166960567526415
13.59002805400002 0.001151243909133457 0.3110804768960983
13.67177863391118 0.001130698164093522 0.3055287600839595
13.7540209830291 0.001110390414076105 0.3000413524981421
13.83675805958297 0.001090322125663895 0.2946186504275985
13.91999283959716 0.001070494575369679 0.2892609988020202
14.00372831699829 0.001050908863134985 0.28396869483934
14.08796750372286 0.001031565920599886 0.278741990280337
14.17271342982564 0.001012466507569752 0.2735810904339075
14.25796914358864 0.000993611217805586 0.2684861557416877
14.34373771163077 0.0009750004915925876 0.2634573051742349
14.43002221901811 0.0009566346165422955 0.2584946164477778
14.51682576937491 0.0009385137265455284 0.253598125741287
14.60415148499523 0.0009206378154012777 0.2487678313791728
14.69200250695523 0.0009030067416236021 0.2440036951301672
14.78038199522615 0.00088562022573102 0.2393056414748848
14.86929312878798 0.0008684778599112888 0.2346735602173663
14.95873910574384 0.0008515791164243372 0.230107308755656
15.04872314343496 0.0008349233471066652 0.2256067119478842
15.13924847855642 0.0008185097869012442 0.2211715630660904
15.2303183672736 0.0008023375645814054 0.2168016266939519
15.3219360853393 0.0007864057053088996 0.2124966394180035
15.41410492821153 0.0007707131301995283 0.2082563097102655
15.50682821117208 0.0007552586664037891 0.2040803206521599
15.60010926944577 0.0007400410521546111 0.1999683312984717
15.69395145832038 0.000725058936290103 0.1959199765483893
15.7883581532674 0.000710310884488634 0.1919348688303016
15.88333275006339 0.0006957953864489066 0.1880126000419423
15.97887866491215 0.000681510857140559 0.1841527418883198
16.07499933456759 0.0006674556390498285 0.180354846488522
16.17169821645737 0.0006536280101238036 0.1766184485223535
16.26897878880723 0.0006400261867508522 0.1729430660356839
16.36684455076612 0.0006266483242596543 0.1693282005752927
16.46529902253208 0.0006134925234506531 0.1657733389537493
16.56434574547881 0.0006005568349137913 0.1622779544161188
16.66398828228309 0.0005878392599372218 0.1588415068855074
16.76423021705294 0.0005753377543111987 0.1554634439909208
16.86507515545651 0.0005630502335332495 0.1521432024737672
16.96652672485178 0.0005509745746661161 0.1488802086898956
17.06858857441703 0.0005391086181040889 0.1456738790868819
17.17126437528214 0.0005274501726258772 0.1425236215693771
17.27455782066058 0.0005159970179574675 0.1394288361916239
17.37847262598229 0.0005047469060022207 0.1363889154898441
17.48301252902732 0.0004936975646231889 0.1334032455042681
17.58818129006027 0.0004828467006813747 0.1304712066001101
17.69398269196554 0.0004721920015038861 0.1275921738642823
17.80042054038342 0.0004617311372867083 0.1247655177546535
17.90749866384694 0.0004514617642041677 0.1219906049402654
18.01522091391964 0.0004413815261131429 0.1192667987618314
18.12359116533404 0.000431488056250116 0.1165934596903012
18.23261331613107 0.0004217789799049316 0.113969946049344
18.34229128780023 0.0004122519161651852 0.1113956144867035
18.45262902542071 0.0004029044794650471 0.1088698203927102
18.56363049780323 0.0003937342816544889 0.1063919184594117
18.67529969763284 0.0003847389336221796 0.1039612631190994
18.78764064161249 0.0003759160467265748 0.1015772089310074
18.90065737060757 0.0003672632345756591 0.09923911106222015
19.0143539497912 0.0003587781143480104 0.09694632564464127
19.12873446879051 0.0003504583079719633 0.09469821009361784
19.24380304183367 0.0003423014438432354 0.09249412357206457
19.35956380789796 0.000334305157911828 0.09033342728415794
19.47602093085858 0.0003264670945070998 0.08821548469828143
19.59317859963845 0.0003187849078461042 0.08613966195459705
19.71104102835891 0.0003112562632612405 0.08410532819677202
19.82961245649123 0.0003038788375829372 0.08211185567538468
19.94889714900919 0.000296650320215961 0.08015862003875641
20.06889939654243 0.0002895684147223707 0.07824500076068579
20.18962351553079 0.0002826308388899823 0.07637038115894851
20.31107384837959 0.000275835325298944 0.07453414854839313
20.4332547636158 0.0002691796229597239 0.07273569468354577
20.55617065604522 0.0002626614975965156 0.07097441583518979
20.67982594691049 0.0002562787316371744 0.06924971278764659
20.80422508405019 0.0002500291254514851 0.06756099117337076
20.92937254205879 0.0002439104983181141 0.06590766173423294
21.05527282244758 0.0002379206878973376 0.06428914017904409
21.18193045380665 0.0002320575508504893 0.0627048473509382
21.30934999196772 0.0002263189643596438 0.06115420963800956
21.43753602016806 0.0002207028255343201 0.05963665881299681
21.5664931492153 0.0002152070514085756 0.05815163203249754
21.69622601765332 0.0002098295803602987 0.05669857222047901
21.82673929192908 0.0002045683721784221 0.05527692808643991
21.95803766656046 0.0001994214074036359 0.05388615394726286
22.09012586430514 0.000194386688197078 0.05252570996194539
22.22300863633048 0.0001894622393279372 0.05119506239846267
22.35669076238438 0.0001846461070996572 0.0498936833436143
22.49117705096725 0.0001799363595480524 0.0486210507565579
22.62647233950495 0.0001753310878791683 0.04737664885733665
22.76258149452277 0.000170828405666548 0.04615996790997095
22.89950941182054 0.0001664264483828383 0.04497050409589232
23.03726101664865 0.0001621233745464056 0.04380775982377351
23.17584126388527 0.0001579173658733178 0.04267124377059577
23.31525513821456 0.000153806626186671 0.04156047058693535
23.45550765430593 0.0001497893819163579 0.04047496103200728
23.59660385699449 0.0001458638831764373 0.03941424226478386
23.73854882146243 0.0001420284024727013 0.03837784749476325
23.88134765342164 0.0001382812345468277 0.03736531593985764
24.02500548929732 0.0001346206976495857 0.0363761931704291
24.16952749641275 0.0001310451328590813 0.0354100309250712
24.31491887317515 0.0001275529032567948 0.03446638688796382
24.46118484926266 0.0001241423947570822 0.03354482491301503
24.60833068581249 0.0001208120164842902 0.03264491512576209
24.7563616756101 0.0001175601994486628 0.03176623356558494
24.90528314327963 0.000114385396720816 0.03090836223285148
25.05510044547539 0.0001112860845459187 0.03007088938998307
25.20581897107455 0.0001082607610909879 0.02925340922295816
25.357444141371 0.0001053079460010446 0.02845552172138
25.5099814102703 0.000102426181449174 0.02767683296221607
25.66343626448592 9.961403172891249e-05 0.02691695499965586
25.81781422373652 9.687008219077326e-05 0.02617550557774692
25.97312084094457 9.419293976207696e-05 0.02545210827085956
26.12936170243603 9.158123354574926e-05 0.02474639264548938
26.28654242814131 8.903361343255722e-05 0.02405799388526628
26.44466867179741 8.654875001355258e-05 0.02338655276729549
26.6037461211513 8.412533562995563e-05 0.02273171594584933
26.76378049816449 8.176208333949544e-05 0.02209313567305943
26.92477755921884 7.945772624265321e-05 0.02147046961685927
27.08674309532363 7.721101827791716e-05 0.02086338107587196
27.24968293232387 7.502073412731268e-05 0.02027153895388335
27.41360293110984 7.288566802426225e-05 0.01969461743771086
27.57850898782788 7.080463399735625e-05 0.0191322960630734
27.74440703409252 6.87764666100445e-05 0.01858425991446529
27.91130303719981 6.680001965236204e-05 0.01805019927164418
28.07920300034196 6.487416584579579e-05 0.01752980952988238
28.24811296282329 6.29977977474868e-05 0.0170227914442936
28.41803900027744 6.116982701811286e-05 0.01652885093200566
28.58898722488593 5.93891835860218e-05 0.01604769884629888
28.76096378559799 5.765481618749538e-05 0.01557905112259214
28.93397486835177 5.596569253942646e-05 0.01512262882510241
29.1080266962968 5.432079812378172e-05 0.01467815781839137
29.28312553001787 5.271913620838347e-05 0.01424536877298097
29.4592776677602 5.11597286160745e-05 0.01382399737319132
29.63648944565603 4.964161460793598e-05 0.01341378401537226
29.81476723795246 4.816385042312056e-05 0.0130144736835605
29.99411745724076 4.672550999283743e-05 0.01262581614240729
30.17454655468706 4.532568452093216e-05 0.01224756582384589
30.35606102026435 4.39634815540457e-05 0.0118794815758369
30.53866738298595 4.263802528681041e-05 0.01152132674483603
30.72237221114033 4.134845693015202e-05 0.0111728692753139
30.90718211252742 4.009393355580599e-05 0.01083388139752994
31.09310373469621 3.887362794525349e-05 0.01050413958671298
31.28014376518396 3.768672929493381e-05 0.01018342475361849
31.46830893175665 3.653244235876073e-05 0.009871522012825769
31.65760600265105 3.540998686308532e-05 0.009568220524653573
31.84804178681812 3.4318598017878e-05 0.009273313633287934
32.03962313416796 3.325752637388465e-05 0.008986598828183923
32.23235693581619 3.222603686728398e-05 0.008707877485920159
32.42625012433181 3.122340892725507e-05 0.008436954899264902
32.62130967398656 3.024893694645129e-05 0.00817364040430397
32.81754260100581 2.930192926085186e-05 0.007917747104783903
33.01495596382091 2.838170787038298e-05 0.007669091796620302
33.21355686332307 2.748760902069032e-05 0.007427495125100015
33.4133524431188 2.66189826206307e-05 0.007192781427480127
33.61434988978685 2.577519158049142e-05 0.006964778554166553
33.81655643313671 2.495561213153149e-05 0.006743317955058059
34.01997934646867 2.415963389517082e-05 0.006528234698242073
34.22462594683541 2.338665896489103e-05 0.006319367221912788
34.43050359530524 2.263610186362259e-05 0.006116557322856659
34.63761969722685 2.1907390024896e-05 0.005919650286465449
34.84598170249565 2.119996296450923e-05 0.005728494662910435
35.0555971058218 2.051327190769623e-05 0.00554294216639867
35.26647344699975 1.984678022434296e-05 0.005362847792773817
35.47861831117944 1.919996309691411e-05 0.005188069729785769
35.69203932913916 1.8572306832072e-05 0.005018469171081515
35.90674417756002 1.796330901635677e-05 0.004853910358271834
36.12274057930207 1.737247872157577e-05 0.004694260636430111
36.34003630368208 1.679933567695577e-05 0.004539390230397496
36.55863916675303 1.624341012152076e-05 0.004389172204893568
36.77855703158521 1.570424322764513e-05 0.004243482578965676
36.9997978085491 1.518138649043539e-05 0.004102200160992257
37.22236945559986 1.467440129453915e-05 0.00396520643162923
37.4462799785636 1.418285920509597e-05 0.003832385622428525
37.67153743142533 1.370634183797314e-05 0.003703624680774187
37.89814991661868 1.324444019080469e-05 0.003578813089120767
38.12612558531732 1.279675467141865e-05 0.003457842872674703
38.35547263772817 1.23628953656729e-05 0.003340608671766931
38.58619932338635 1.194248133985912e-05 0.003227007553353719
38.81831394145193 1.153514042289138e-05 0.003116938952161295
39.05182484100842 1.114050953915189e-05 0.003010304760624932
39.2867404213631 1.07582343047383e-05 0.002907009219789924
39.52306913234914 1.038796857028879e-05 0.002806958795777228
39.76081947462954 1.002937458628798e-05 0.002710062224451165
40.00000000000288 9.682123013754029e-06 0.002616230514307231
