##########################################################################################
#
# SZ signal computed with SZpack v1.1.1
# Runmode: CNSN-basis
#
# General parameters:
# xmin= 0.1 xmax= 40 np= 1000
# Dtau= 0.01
# Te= 7keV (The ~ 0.0136987)
# betac= 0 muc= 1
# betao= 0 muo= 1
#
# Runmode specific parameters:
# eps= 0
# Te_order= 20 beta_order= 2
#
##########################################################################################
#
# Output format: x = (h nu/k T0) | x^3 Dn(x) | DI(x) in MJy/sr 
# Here a CMB temperature of T0 = 2.726 K is assumed.
#
##########################################################################################
0.1 -2.67274252622958e-06 -0.000722208398310489
0.1006015482792701 -2.704937320365312e-06 -0.0007309078336202953
0.1012067151618632 -2.737519216119808e-06 -0.0007397118686202432
0.1018155224154252 -2.770492852031847e-06 -0.0007486217567014198
0.1024279919385451 -2.803862920434633e-06 -0.0007576387657908384
0.1030441457615424 -2.837634168398029e-06 -0.0007667641786060402
0.1036640060472596 -2.871811401591054e-06 -0.0007759992936987907
0.1042875950918594 -2.906399482333386e-06 -0.0007853454249285699
0.1049149353256267 -2.941403329034185e-06 -0.0007948039013109368
0.1055460493137754 -2.976827919774742e-06 -0.0008043760679856045
0.10618095975726 -3.012678292803289e-06 -0.0008140632863501455
0.1068196894935924 -3.048959544430835e-06 -0.0008238669334914185
0.1074622614976628 -3.085676831178299e-06 -0.0008337884027657526
0.1081086988825668 -3.122835373047723e-06 -0.0008438291046828685
0.1087590249004362 -3.160440450725405e-06 -0.0008539904661501298
0.1094132629432757 -3.198497406074951e-06 -0.0008642739306057735
0.1100714365438043 -3.237011646530285e-06 -0.0008746809592059548
0.1107335693763015 -3.275988643682261e-06 -0.000885213030442832
0.1113996852574591 -3.315433932035172e-06 -0.0008958716398085603
0.1120698081472377 -3.355353112525537e-06 -0.0009066583007461122
0.1127439621497288 -3.395751854190194e-06 -0.0009175745451000155
0.1134221715140214 -3.436635891396734e-06 -0.0009286219223679842
0.1141044606350749 -3.478011025578826e-06 -0.0009398020001698231
0.1147908540545956 -3.51988312959222e-06 -0.0009511163654244753
0.1154813764619206 -3.562258144813105e-06 -0.0009625666235659621
0.1161760526949047 -3.605142081057357e-06 -0.0009741543985215621
0.1168749077408149 -3.648541021306384e-06 -0.0009858813339887946
0.1175779667372284 -3.69246112119785e-06 -0.0009977490932978064
0.118285254972937 -3.736908606980617e-06 -0.001009759358858771
0.118996797888857 -3.781889778792298e-06 -0.001021913833047525
0.119712621078944 -3.827411013700361e-06 -0.001034214239027313
0.1204327502911136 -3.873478762322399e-06 -0.001046662319835541
0.1211572114281675 -3.920099550053992e-06 -0.00105925983871556
0.1218860305487253 -3.967279982352254e-06 -0.001072008580544348
0.1226192338681618 -4.015026742120197e-06 -0.001084910351125731
0.12335684775955 -4.063346588875302e-06 -0.001097966976965723
0.1240988987546095 -4.112246363592867e-06 -0.001111180306581253
0.124845413544661 -4.161732989468126e-06 -0.001124552210706107
0.1255964189815867 -4.211813468989178e-06 -0.001138084581499991
0.1263519420787953 -4.262494886797088e-06 -0.001151779333321368
0.1271120100121947 -4.313784414210769e-06 -0.001165638403950139
0.1278766501211688 -4.365689305404272e-06 -0.001179663753554697
0.128645889909561 -4.418216898012166e-06 -0.001193857364855509
0.1294197570466637 -4.471374619101716e-06 -0.001208221244738873
0.1301982793682135 -4.525169983317894e-06 -0.001222757423755676
0.1309814848773924 -4.579610591114268e-06 -0.00123746795564336
0.1317694017458348 -4.63470413348248e-06 -0.001252354918603884
0.1325620583146414 -4.690458394318477e-06 -0.001267420415943111
0.1333594830953982 -4.746881246599017e-06 -0.001282666575037651
0.1341617047712022 -4.803980654667573e-06 -0.00129809554795254
0.1349687521976928 -4.861764680204971e-06 -0.001313709513054584
0.1357806544040905 -4.920241478299035e-06 -0.001329510673950323
0.13659744059424 -4.979419297255487e-06 -0.001345501259434941
0.1374191401476617 -5.039306484985744e-06 -0.001361683525218321
0.1382457826206078 -5.09991148840867e-06 -0.001378059753763394
0.1390773977471256 -5.161242850587708e-06 -0.00139463225351256
0.1399140154401271 -5.22330921510521e-06 -0.001411403360069679
0.140755665792465 -5.286119330290354e-06 -0.001428375437342514
0.1416023790780148 -5.349682044583731e-06 -0.00144555087629018
0.1424541857527642 -5.414006308121285e-06 -0.001462932095351147
0.1433111164559082 -5.479101179920263e-06 -0.001480521542384972
0.1441732020109516 -5.544975824380983e-06 -0.001498321693727033
0.1450404734268171 -5.611639510062524e-06 -0.001516335053857706
0.1459129618989614 -5.679101616190806e-06 -0.001534564157160931
0.1467906988104967 -5.747371633804208e-06 -0.001553011568233765
0.1476737157333199 -5.81645916169778e-06 -0.001571679880790469
0.148562044429248 -5.886373910206186e-06 -0.001590571718684696
0.1494557168511607 -5.957125707419288e-06 -0.001609689737589026
0.1503547651441497 -6.028724493978561e-06 -0.001629036623588888
0.151259221646675 -6.101180323801192e-06 -0.001648615093378224
0.152169118891728 -6.174503372146699e-06 -0.001668427896439189
0.1530844896080017 -6.248703933191775e-06 -0.001688477814386841
0.1540053667210681 -6.323792417523741e-06 -0.001708767660291845
0.1549317833545624 -6.39977935845282e-06 -0.001729300280386128
0.1558637728313743 -6.476675415335419e-06 -0.001750078554960864
0.156801368674847 -6.55449136831826e-06 -0.001771105396946285
0.1577446046099826 -6.633238121321733e-06 -0.001792383752717807
0.1586935145646554 -6.712926710163361e-06 -0.001813916604291102
0.1596481326708324 -6.793568297258241e-06 -0.001835706967890086
0.1606084932658007 -6.875174171247102e-06 -0.001857757893846416
0.1615746308934029 -6.957755755566928e-06 -0.00188007246891538
0.1625465803052792 -7.041324607759642e-06 -0.001902653816089097
0.1635243764621181 -7.125892415483023e-06 -0.001925505093518611
0.1645080545349132 -7.211471002300933e-06 -0.001948629496078489
0.1654976499062288 -7.298072333506398e-06 -0.001972030256940286
0.1664931981714723 -7.38570850979635e-06 -0.001995710645863385
0.1674947351401746 -7.47439176928674e-06 -0.002019673969739501
0.1685022968372784 -7.564134497205854e-06 -0.00204392357521194
0.1695159195044337 -7.654949221237651e-06 -0.002068462847417309
0.1705356396013016 -7.746848609730009e-06 -0.002093295209501362
0.1715614938068656 -7.839845480365944e-06 -0.002118424124962072
0.172593519020751 -7.933952801844206e-06 -0.002143853098103747
0.1736317523645521 -8.029183688288425e-06 -0.002169585672526316
0.1746762311831677 -8.125551404199691e-06 -0.002195625432463573
0.1757269930461439 -8.223069372914472e-06 -0.002221976005068614
0.1767840757490262 -8.321751169560434e-06 -0.002248641058510414
0.1778475173147181 -8.421610521887807e-06 -0.002275624302198467
0.1789173559948495 -8.522661321065845e-06 -0.002302929489700129
0.1799936302711521 -8.624917618524847e-06 -0.002330560417887292
0.1810763788568441 -8.728393622423981e-06 -0.002358520925981945
0.1821656406980222 -8.833103705993471e-06 -0.002386814897810334
0.1832614549750625 -8.939062412140292e-06 -0.002415446263047486
0.1843638611040305 -9.046284446265303e-06 -0.002444418995276301
0.1854728987380978 -9.154784680105754e-06 -0.00247373711302585
0.1865886077689693 -9.264578162675604e-06 -0.002503404682727584
0.1877110283283176 -9.375680113161028e-06 -0.002533425816795608
0.1888402007892269 -9.488105920248251e-06 -0.002563804673445062
0.1899761657676448 -9.601871153504462e-06 -0.002594545459767376
0.1911189641238435 -9.716991562587095e-06 -0.002625652431516617
0.1922686369638894 -9.833483071719322e-06 -0.002657129891616688
0.1934252256411219 -9.951361787264325e-06 -0.002688982192208003
0.1945887717576404 -1.007064400564603e-05 -0.002721213736787757
0.1957593171658014 -1.019134620477521e-05 -0.002753828977893161
0.1969369039697233 -1.031348504656083e-05 -0.002786832417780028
0.1981215745268011 -1.043707738983667e-05 -0.00282022861191572
0.19931337144923 -1.056214028419793e-05 -0.002854022167313714
0.2005123376055381 -1.068869096739813e-05 -0.002888217741830219
0.2017185161221286 -1.081674687676481e-05 -0.002922820047248829
0.2029319503848305 -1.094632565159351e-05 -0.002957833849927418
0.2041526840404598 -1.107744512549685e-05 -0.002993263968730753
0.205380760998389 -1.121012333279486e-05 -0.003029115276757263
0.2066162254321268 -1.134437851987151e-05 -0.003065392704407686
0.2078591217809067 -1.148022913570984e-05 -0.003102101236827567
0.2091094947512857 -1.161769383278303e-05 -0.003139245914148024
0.2103673893187526 -1.175679148131761e-05 -0.003176831835339853
0.2116328507293451 -1.189754116519684e-05 -0.00321486415710656
0.2129059245012778 -1.203996217701874e-05 -0.003253348092548989
0.2141866564265795 -1.218407402896515e-05 -0.00329228891410227
0.2154750925727398 -1.232989645906814e-05 -0.003331691955229091
0.2167712792843669 -1.24774494214753e-05 -0.003371562607789243
0.2180752631848539 -1.26267530913039e-05 -0.003411906323351289
0.2193870911780562 -1.27778278791579e-05 -0.003452728617115234
0.2207068104499787 -1.293069442168103e-05 -0.003494035065359854
0.2220344684704725 -1.308537358040224e-05 -0.003535831305130712
0.2233701129949433 -1.324188645662286e-05 -0.003578123038262865
0.2247137920660681 -1.340025439050491e-05 -0.003620916031134516
0.2260655540155243 -1.356049895348537e-05 -0.003664216112617239
0.2274254474657272 -1.372264195801541e-05 -0.00370802917670766
0.2287935213315797 -1.38867054681418e-05 -0.003752361185386674
0.2301698248222314 -1.405271178799488e-05 -0.003797218165508751
0.2315544074428487 -1.42206834648217e-05 -0.003842606209621534
0.2329473189963953 -1.439064330593949e-05 -0.003888531480546881
0.2343486095854241 -1.456261437064056e-05 -0.003935000209193451
0.2357583296138787 -1.473661996644125e-05 -0.003982018693543143
0.237176529788907 -1.491268366384714e-05 -0.004029593302640827
0.2386032611226849 -1.509082929964427e-05 -0.004077730477483683
0.2400385749342508 -1.527108096653354e-05 -0.004126436728220276
0.2414825228513524 -1.545346302119919e-05 -0.004175718636330769
0.2429351568123028 -1.563800009926536e-05 -0.004225582858668369
0.2443965290678495 -1.582471710271252e-05 -0.00427603612405908
0.2458666921830531 -1.601363920071056e-05 -0.004327085233526838
0.2473456990391787 -1.620479184810429e-05 -0.004378737065288495
0.2488336028355976 -1.639820078011886e-05 -0.004430998573323176
0.250330457091701 -1.65938920055119e-05 -0.004483876785521903
0.2518363156488252 -1.679189182043923e-05 -0.004537378807434266
0.2533512326721881 -1.699222681675926e-05 -0.004591511824512393
0.2548752626528374 -1.71949238689944e-05 -0.004646283098587758
0.2564084604096108 -1.740001014028456e-05 -0.004701699969479876
0.2579508810911079 -1.760751310123725e-05 -0.004757769860089852
0.2595025801776736 -1.781746051750501e-05 -0.004814500273043643
0.261063613483394 -1.802988044786995e-05 -0.004871898790174474
0.2626340371581039 -1.824480126328803e-05 -0.00492997307766884
0.2642139076894062 -1.84622516457859e-05 -0.004988730885768422
0.2658032819047042 -1.868226057817099e-05 -0.005048180045989623
0.2674022169732455 -1.890485735623592e-05 -0.005108328474421349
0.2690107704081783 -1.913007160252134e-05 -0.005169184175443903
0.2706290000686201 -1.935793325106784e-05 -0.005230755237608767
0.2722569641617388 -1.958847255089762e-05 -0.005293049834579377
0.2738947212448469 -1.982172008770318e-05 -0.005356076230991697
0.2755423302275071 -2.005770677332266e-05 -0.005419842779610308
0.2771998503736515 -2.029646384039177e-05 -0.0054843579198833
0.2788673413037137 -2.053802286094014e-05 -0.005549630182967239
0.2805448629967726 -2.0782415750691e-05 -0.005615668192888992
0.2822324757927104 -2.102967475522067e-05 -0.005682480662805849
0.283930240394383 -2.127983245981189e-05 -0.005750076397668016
0.285638217869803 -2.153292180858705e-05 -0.005818464299388651
0.2873564696543368 -2.178897608802764e-05 -0.005887653362390621
0.2890850575529139 -2.204802892750646e-05 -0.005957652673750292
0.2908240437422505 -2.231011432256176e-05 -0.006028471419486522
0.2925734907730859 -2.257526662806916e-05 -0.006100118882715604
0.294333461572432 -2.284352054888281e-05 -0.006172604441122395
0.2961040194458372 -2.311491115696243e-05 -0.006245937571588272
0.2978852280796634 -2.338947390194488e-05 -0.006320127853047682
0.2996771515433765 -2.366724459397871e-05 -0.006395184961849834
0.3014798542918515 -2.394825941068727e-05 -0.006471118673640212
0.3032934011676903 -2.42325549208452e-05 -0.006547938869758267
0.3051178574035545 -2.452016806830293e-05 -0.006625655532893608
0.3069532886245115 -2.481113616889174e-05 -0.006704278746249715
0.3087997608503953 -2.510549693395884e-05 -0.006783818699903412
0.3106573404981812 -2.540328846888434e-05 -0.006864285690404124
0.3125260943843745 -2.570454925936498e-05 -0.006945690117067587
0.3144060897274139 -2.600931818609683e-05 -0.007028042485943281
0.3162973941500897 -2.63176345419526e-05 -0.007111353414455964
0.3182000756819758 -2.662953801218151e-05 -0.007195633626055424
0.3201142027618771 -2.694506867805718e-05 -0.007280893951202186
0.3220398442402905 -2.726426704357152e-05 -0.007367145334580533
0.3239770693818822 -2.758717402193761e-05 -0.007454398831451417
0.3259259478679787 -2.791383092807273e-05 -0.007542665605621285
0.3278865497990735 -2.82442795010596e-05 -0.007631956935511373
0.3298589456973481 -2.857856190932143e-05 -0.007722284215556085
0.3318432065092091 -2.89167207325362e-05 -0.007813658951315994
0.3338394036078401 -2.925879897303113e-05 -0.007906092762556775
0.3358476087957689 -2.960484007915229e-05 -0.007999597389563965
0.3378678943074497 -2.995488792415836e-05 -0.008094184687439793
0.3399003328118625 -3.030898680598917e-05 -0.008189866626040637
0.3419449974151257 -3.066718147524435e-05 -0.008286655297537205
0.3440019616631268 -3.102951712638014e-05 -0.0083845629140358
0.3460712995441669 -3.139603938517335e-05 -0.008483601804190926
0.3481530854916227 -3.176679432879611e-05 -0.008583784418629741
0.3502473943866234 -3.214182849841385e-05 -0.008685123333356193
0.3523543015607447 -3.252118887716271e-05 -0.008787631243800213
0.3544738827987177 -3.290492289763915e-05 -0.008891320966841545
0.3566062143411555 -3.32930784700799e-05 -0.008996205448424281
0.3587513728872951 -3.368570396203905e-05 -0.009102297758065382
0.3609094355977566 -3.408284819350695e-05 -0.009209611087535732
0.3630804800973185 -3.448456046439612e-05 -0.009318158758287169
0.3652645844777097 -3.489089055220698e-05 -0.009427954220821759
0.3674618273004187 -3.530188869422218e-05 -0.009539011049880454
0.369672287599519 -3.571760560399586e-05 -0.009651342948898715
0.3718960448845125 -3.613809249135314e-05 -0.009764963755410618
0.374133179143189 -3.656340103744399e-05 -0.009879887434308093
0.3763837708445035 -3.69935833978704e-05 -0.009996128078685933
0.3786479009414707 -3.742869223348106e-05 -0.0101136999181629
0.3809256508740766 -3.786878069339294e-05 -0.01023261731429393
0.3832171025722083 -3.831390240464344e-05 -0.01035289475777403
0.3855223384586003 -3.876411149745256e-05 -0.01047454687526444
0.3878414414518001 -3.921946261053398e-05 -0.01059758843082772
0.3901744949691499 -3.968001086823321e-05 -0.01072203431975024
0.3925215829297878 -4.014581189246187e-05 -0.01084789957176691
0.3948827897576659 -4.061692182905315e-05 -0.01097519935818282
0.3972582003845871 -4.109339732163837e-05 -0.01110394898481431
0.3996479002532602 -4.157529550982511e-05 -0.01123416389149672
0.402051975320373 -4.206267406023502e-05 -0.01136585966047113
0.4044705120596843 -4.255559115512011e-05 -0.01149905201330843
0.4069035974651345 -4.30541054760787e-05 -0.01163375680650908
0.4093513190539743 -4.35582762254707e-05 -0.01176999003728985
0.4118137648699132 -4.406816313967594e-05 -0.01190776784716632
0.4142910234862858 -4.458382646196218e-05 -0.01204710651462157
0.4167831840092382 -4.510532694924195e-05 -0.01218802245693188
0.4192903360809331 -4.563272590251965e-05 -0.01233053223839393
0.4218125698827739 -4.616608514209533e-05 -0.0124746525636246
0.4243499761386489 -4.670546700005823e-05 -0.01262040027553259
0.4269026461181943 -4.725093434923493e-05 -0.01276779236314055
0.429470671640077 -4.780255059894763e-05 -0.012916845960439
0.4320541450752978 -4.836037967284557e-05 -0.01306757834039599
0.4346531593505136 -4.892448602509933e-05 -0.01322000691933311
0.43726780795138 -4.949493466075955e-05 -0.01337414926242657
0.4398981849259138 -5.007179110581448e-05 -0.01353002307561646
0.4425443848878763 -5.065512140838033e-05 -0.01368764620592837
0.4452065030201759 -5.124499217011701e-05 -0.01384703664996228
0.4478846350782926 -5.184147052546835e-05 -0.01400821254828304
0.4505788773937215 -5.244462412785563e-05 -0.01417119218168972
0.4532893268774382 -5.305452117437242e-05 -0.01433599397788838
0.4560160810233846 -5.367123040919529e-05 -0.01450263651241377
0.458759237911976 -5.429482109621344e-05 -0.01467113850123349
0.4615188962136283 -5.492536302902242e-05 -0.01484151880344838
0.464295155192308 -5.556292655617806e-05 -0.01501379642811648
0.4670881147091019 -5.620758255062008e-05 -0.01518799052599093
0.4698978752258099 -5.685940240486876e-05 -0.01536412038822199
0.4727245378085577 -5.751845806022696e-05 -0.01554220545424785
0.4755682041314329 -5.818482199194529e-05 -0.01572226530778603
0.4784289764801414 -5.885856718909874e-05 -0.01590431967139583
0.4813069577556875 -5.953976717316587e-05 -0.01608838841149863
0.4842022514780743 -6.022849600821939e-05 -0.01627449154113152
0.487114961790028 -6.092482826972442e-05 -0.01646264921151622
0.4900451934607434 -6.162883904787972e-05 -0.01665288171296189
0.4929930518896525 -6.234060397415505e-05 -0.01684520948203587
0.4959586431102161 -6.306019919275877e-05 -0.01703965309385388
0.4989420737937372 -6.378770134944733e-05 -0.0172362332590562
0.5019434512531983 -6.452318761556385e-05 -0.01743497083030317
0.504962883447121 -6.526673567969245e-05 -0.01763588680002014
0.5080004789834501 -6.601842372196349e-05 -0.01783900229345435
0.5110563471234592 -6.677833042514597e-05 -0.0180443385716723
0.5141305977856812 -6.754653498911724e-05 -0.01825191703546961
0.5172233415498623 -6.832311709786841e-05 -0.01846175921645551
0.520334689660939 -6.910815691611826e-05 -0.01867388677613781
0.52346475403304 -6.990173511279233e-05 -0.0188883215122673
0.5266136472535116 -7.07039328367442e-05 -0.01910508535227731
0.5297814825869668 -7.151483169925502e-05 -0.0193242003485549
0.5329683739793606 -7.233451379040408e-05 -0.01954568868286433
0.5361744360620875 -7.316306167600792e-05 -0.01976957266552001
0.5393997841561053 -7.400055836792706e-05 -0.01999587472736302
0.5426445342760833 -7.484708732697959e-05 -0.02022461742054837
0.5459088031345746 -7.570273247749702e-05 -0.02045582342247819
0.5491927081462149 -7.656757817500227e-05 -0.02068951552706789
0.5524963674319456 -7.744170919623058e-05 -0.02092571664204973
0.5558198998232626 -7.832521075544209e-05 -0.02116444979338065
0.5591634248664905 -7.921816848488193e-05 -0.02140573811996237
0.5625270628270829 -8.012066841202928e-05 -0.02164960486749375
0.565910934693948 -8.103279696646246e-05 -0.02189607339032589
0.5693151621838011 -8.195464097876412e-05 -0.02214516715116625
0.5727398677455418 -8.288628764914098e-05 -0.02239690971259934
0.5761851745646592 -8.382782454226057e-05 -0.02265132473569151
0.5796512065676627 -8.47793395963322e-05 -0.02290843598244479
0.5831380884265391 -8.574092109363515e-05 -0.02316826730783319
0.5866459455632378 -8.671265764456286e-05 -0.02343084265549127
0.5901749041541815 -8.769463819330899e-05 -0.02369618605925057
0.5937250911348052 -8.868695200116815e-05 -0.02396432163862728
0.5972966342041217 -8.968968862069042e-05 -0.02423527359183845
0.6008896618293151 -9.070293789214334e-05 -0.02450906619484597
0.6045043032503616 -9.172678993886011e-05 -0.0247857238000996
0.6081406884846782 -9.276133513688554e-05 -0.02506527082833497
0.6117989483317994 -9.380666410249872e-05 -0.02534773176520195
0.6154792143780822 -9.486286769003645e-05 -0.02563313116067665
0.619181619001439 -9.593003696562082e-05 -0.02592149362196213
0.6229062953760992 -9.700826318694552e-05 -0.02621284380802655
0.6266533774773996 -9.809763779587484e-05 -0.02650720642760324
0.6304230000866031 -9.919825239980441e-05 -0.02680460623415417
0.6342152987957473 -0.0001003101987458824 -0.02710506801890419
0.6380304100125211 -0.0001014335687073138 -0.02740861660714024
0.6418684709651717 -0.0001025684542677828 -0.02771527685400221
0.6457296197074404 -0.0001037149474944037 -0.02802507363717373
0.6496139951235281 -0.0001048731405194495 -0.02833803185194525
0.6535217369330918 -0.0001060431255220237 -0.0286541764062613
0.6574529856962692 -0.0001072249947020756 -0.02897353221369926
0.6614078828187353 -0.000108418840259197 -0.0292961241877399
0.6653865705567885 -0.0001096247543710339 -0.02962197723593393
0.6693891920224675 -0.0001108428291648568 -0.02995111625222004
0.673415891188699 -0.0001120731566955866 -0.03028356611098706
0.6774668128944764 -0.0001133158289233631 -0.03061935166101288
0.6815421028500694 -0.0001145709376789709 -0.03095849771612194
0.6856419076422656 -0.0001158385746402832 -0.03130102904882012
0.6897663747396426 -0.0001171188313111099 -0.03164697038457925
0.693915652497873 -0.0001184117989833081 -0.03199634639159882
0.6980898901650602 -0.0001197175687041497 -0.03234918167198839
0.702289237887107 -0.000121036231258893 -0.03270550075705816
0.7065138467131162 -0.0001223678771356144 -0.03306532809781605
0.7107638686008243 -0.0001237125964764461 -0.03342868805179158
0.7150394564220665 -0.0001250704790627312 -0.03379560487902449
0.7193407639682761 -0.0001264416142864772 -0.03416610273435126
0.7236679459560159 -0.0001278260910897399 -0.03454020565102574
0.728021158032544 -0.0001292239979405026 -0.03491793753420147
0.7324005567814114 -0.0001306354228136946 -0.03529932215580271
0.736806299728095 -0.0001320604531323735 -0.035684383138631
0.7412385453456634 -0.0001334991757171266 -0.036073143942693
0.7456974530604773 -0.0001349516767782021 -0.03646562786307399
0.7501831832579239 -0.0001364180418692256 -0.03686185801743175
0.754695897288186 -0.0001378983558062273 -0.03726185732411651
0.7592357574720454 -0.0001393927026608505 -0.03766564850033587
0.7638029271067222 -0.0001409011657301433 -0.03807325405399215
0.7683975704717476 -0.0001424238274450871 -0.03848469625896561
0.7730198528348741 -0.0001439607693362161 -0.03889999714582448
0.7776699404580188 -0.0001455120720241536 -0.03931917849926768
0.7823480006032453 -0.0001470778151410923 -0.03974226183690784
0.7870542015387785 -0.0001486580772468606 -0.04016926838659134
0.7917887125450584 -0.0001502529358363356 -0.04060021908840148
0.7965517039208285 -0.0001518624672862239 -0.04103513458027791
0.8013433469892614 -0.0001534867467312898 -0.04147403516457197
0.8061638141041211 -0.0001551258480609958 -0.04191694080713886
0.8110132786559631 -0.0001567798438951111 -0.04236387113074684
0.8158919150783704 -0.0001584488054596275 -0.04281484538154814
0.8207998988542287 -0.0001601328025261747 -0.04326988241270814
0.8257374065220374 -0.0001618319034212384 -0.04372900068689632
0.8307046156822607 -0.0001635461749321172 -0.04419221825087456
0.8357017050037151 -0.0001652756821717621 -0.0446595526989751
0.8407288542299962 -0.0001670204886048851 -0.04513102118015544
0.8457862441859444 -0.0001687806559941243 -0.0456066403834515
0.8508740567841485 -0.0001705562442265632 -0.04608642649110088
0.8559924750314897 -0.0001723473113010766 -0.04657039517512363
0.8611416830357236 -0.0001741539133208705 -0.04705856159530643
0.8663218660121029 -0.0001759761043389437 -0.0475509403574444
0.8715332102900397 -0.0001778139362493563 -0.0480475454839604
0.8767759033198074 -0.0001796674588248858 -0.04854839042408037
0.882050133679283 -0.0001815367196145158 -0.04905348802613324
0.8873560910807308 -0.0001834217637399241 -0.04956285048255967
0.8926939663776258 -0.0001853226339375276 -0.0500764893412731
0.8980639515715189 -0.0001872393705140541 -0.05059441549365452
0.9034662398189428 -0.0001891720111211976 -0.05111663911366177
0.9089010254383604 -0.000191120590712171 -0.05164316964608932
0.9143685039171535 -0.0001930851415653174 -0.05217401581294845
0.9198688719186553 -0.0001950656931058672 -0.05270918556530378
0.9254023272892237 -0.0001970622717228835 -0.05324868603380962
0.9309690690653579 -0.0001990749008433615 -0.05379252354873253
0.9365692974808579 -0.000201103600830614 -0.05434070361249384
0.9422032139740265 -0.0002031483887013215 -0.0548932308232131
0.9478710211949153 -0.0002052092781692761 -0.05545010888652813
0.9535729230126136 -0.0002072862796259622 -0.05601134061034775
0.9593091245225821 -0.0002093793998670348 -0.05657692783094276
0.9650798320540293 -0.0002114886419880197 -0.05714687138476292
0.9708852531773335 -0.0002136140054547901 -0.05772117112748045
0.9767255967115094 -0.0002157554859131154 -0.05829982588252793
0.9826010727317186 -0.0002179130749047278 -0.05888283336437575
0.9885118925768263 -0.0002200867599798183 -0.05947019020893016
0.9944582688570029 -0.0002222765246093322 -0.06006189194983415
1.000440415461372 -0.000224482347820092 -0.06065793291987335
1.006458547565703 -0.0002267042042127488 -0.06125830625582662
1.012512881640152 -0.0002289420639882924 -0.06186300390562936
1.018603635457047 -0.00023119589263695 -0.06247201654431008
1.024731028098722 -0.0002334656507364996 -0.06308533351949228
1.030895279965397 -0.0002357512940843979 -0.06370294288709694
1.037096612783106 -0.0002380527735106446 -0.06432483136077602
1.043335249611672 -0.0002403700344727998 -0.06495098420248145
1.04961141485273 -0.0002427030171962224 -0.06558138526035882
1.055925334257799 -0.0002450516566197441 -0.06621601695406835
1.062277234936404 -0.0002474158819555152 -0.06685486015584918
1.068667345364243 -0.0002497956166419042 -0.0674978941777927
1.075095895391404 -0.0002521907784399402 -0.06814509679790229
1.081563116250635 -0.0002546012791026701 -0.06879644417074945
1.088069240565661 -0.0002570270240378091 -0.06945191073631792
1.094614502359551 -0.0002594679125109787 -0.07011146927492101
1.101199137063137 -0.0002619238374800722 -0.07077509086244517
1.107823381523478 -0.0002643946850644904 -0.0714427447269307
1.114487474012384 -0.0002668803346823505 -0.0721143982856475
1.121191654234987 -0.0002693806590578154 -0.07279001714707539
1.127936163338358 -0.0002718955237224565 -0.07346956497616625
1.134721243920186 -0.0002744247868548308 -0.07415300345099558
1.141547140037501 -0.0002769682994707924 -0.07484029231418718
1.148414097215454 -0.0002795259050980758 -0.07553138928498143
1.155322362456149 -0.0002820974392714202 -0.07622624992281159
1.162272184247527 -0.0002846827298037974 -0.07692482770059304
1.169263812572304 -0.0002872815966659565 -0.07762707397217458
1.176297498916961 -0.0002898938513419308 -0.07833293779818848
1.183373496280794 -0.0002925192969142314 -0.07904236596907085
1.19049205918501 -0.0002951577281671452 -0.07975530303297403
1.197653443681885 -0.0002978089310573775 -0.0804716911527275
1.204857907363973 -0.0003004726823890986 -0.08119147001803168
1.212105709373372 -0.0003031487501170468 -0.08191457692735986
1.219397110411042 -0.0003058368930556085 -0.08264094670934817
1.22673237274619 -0.0003085368601929651 -0.08337051153746949
1.234111760225694 -0.0003112483910051682 -0.0841032010149005
1.241535538283603 -0.0003139712154140172 -0.08483894216313956
1.249003973950675 -0.0003167050530565167 -0.08557765922460518
1.256517335863991 -0.0003194496132574401 -0.08631927365522218
1.264075894276612 -0.0003222045952636258 -0.08706370418773157
1.271679921067302 -0.0003249696877219641 -0.08781086669063605
1.279329689750306 -0.0003277445681460383 -0.08856067402407973
1.287025475485191 -0.0003305289033388633 -0.0893130361540775
1.294767555086741 -0.0003333223491674483 -0.09006786009159888
1.302556207034913 -0.0003361245497139483 -0.09082504966319876
1.310391711484858 -0.0003389351375775923 -0.09158450559260201
1.318274350276994 -0.0003417537339550841 -0.0923461255224288
1.326204406947145 -0.0003445799478670606 -0.09310980380517413
1.334182166736741 -0.0003474133759541711 -0.09387543144810567
1.342207916603075 -0.0003502536028719717 -0.09464289621996931
1.350281945229628 -0.0003531002008216391 -0.09541208252418222
1.358404543036452 -0.0003559527287861792 -0.09618287119244673
1.366576002190616 -0.0003588107330572962 -0.09695513962711698
1.374796616616712 -0.0003616737471128413 -0.09772876176808411
1.383066682007434 -0.0003645412906509503 -0.09850360783178812
1.391386495834208 -0.0003674128698060135 -0.09927954436957563
1.399756357357896 -0.0003702879773995132 -0.1000564343354793
1.408176567639557 -0.0003731660921808174 -0.1008341368810708
1.416647429551278 -0.0003760466783870793 -0.1016125072365403
1.425169247787069 -0.0003789291863327927 -0.1023913968700014
1.433742328873819 -0.0003818130520250716 -0.1031706533835353
1.442366981182327 -0.0003846976961137803 -0.1039501202295023
1.45104351493839 -0.0003875825246925908 -0.1047296369269981
1.459772242233963 -0.0003904669292132651 -0.1055090390386913
1.468553477038385 -0.000393350285196267 -0.1062881578224151
1.477387535209671 -0.0003962319526796338 -0.1070668203524575
1.486274734505876 -0.0003991112765860229 -0.1078448496187422
1.495215394596523 -0.0004019875859175921 -0.1086220643092753
1.504209837074101 -0.0004048601931551865 -0.1093982786477977
1.513258385465633 -0.0004077283949870407 -0.1101733025906901
1.522361365244312 -0.0004105914720756972 -0.1109469417639909
1.531519103841213 -0.0004134486879448344 -0.1117189971626034
1.540731930657063 -0.00041629928953424 -0.1124892653002569
1.550000177074097 -0.0004191425074328025 -0.1132575382724632
1.55932417646797 -0.0004219775549011767 -0.1140236034924292
1.568704264219756 -0.0004248036277073773 -0.1147872436466322
1.578140777728008 -0.0004276199048162406 -0.1155482368811208
1.587634056420891 -0.0004304255478625694 -0.1163063566591522
1.597184441768398 -0.0004332197002302336 -0.1170613715123535
1.606792277294626 -0.000436001487923231 -0.1178130452760937
1.616457908590138 -0.0004387700195315422 -0.1185611370802568
1.626181683324388 -0.0004415243850771998 -0.1193054010374353
1.635963951258232 -0.0004442636564571109 -0.1200455863625868
1.645805064256506 -0.0004469868879267958 -0.1207814375037456
1.655705376300682 -0.0004496931152563301 -0.1215126939139484
1.665665243501602 -0.0004523813553269211 -0.1222390899422237
1.675685024112287 -0.0004550506070443384 -0.1229603550804123
1.685765078540822 -0.0004576998510234769 -0.1236762138779323
1.695905769363321 -0.000460328048527417 -0.1243863856551
1.70610746133697 -0.0004629341423902816 -0.1250905847524973
1.716370521413142 -0.0004655170572227926 -0.1257885205865156
1.726695318750602 -0.000468075698352485 -0.1264798973629885
1.737082224728785 -0.0004706089520925236 -0.1271644141498292
1.747531612961148 -0.0004731156864943174 -0.1278417650803969
1.758043859308618 -0.000475594750732125 -0.1285116391872086
1.768619341893104 -0.000478044974505399 -0.129173720240446
1.779258441111101 -0.0004804651691330324 -0.129827687043634
1.789961539647373 -0.0004828541274931538 -0.1304732134173725
1.800729022488719 -0.0004852106229819673 -0.1311099679180025
1.811561276937818 -0.0004875334103897179 -0.1317376140743024
1.822458692627162 -0.0004898212263848823 -0.1323558105183227
1.83342166153307 -0.0004920727886834565 -0.1329642107609167
1.844450577989788 -0.0004942867961404236 -0.133562463216457
1.855545838703674 -0.0004964619297498721 -0.134150211473079
1.866707842767465 -0.0004985968523355276 -0.1347270942090597
1.877936991674634 -0.0005006902078863062 -0.135292745013275
1.88923368933383 -0.000502740622749708 -0.1358467927076702
1.90059834208341 -0.0005047467058572636 -0.136388861408178
1.912031358706049 -0.0005067070478914765 -0.1369185702996165
1.923533150443451 -0.0005086202220518305 -0.1374355338426734
1.935104131011135 -0.0005104847848172731 -0.1379393619799386
1.946744716613318 -0.0005122992754666777 -0.1384296600063274
1.958455325957888 -0.000514062216075285 -0.1389060285681188
1.970236380271462 -0.00051577211269358 -0.1393680639815028
1.982088303314539 -0.0005174274553863948 -0.1398153582431462
1.994011521396743 -0.000519026717712387 -0.1402474988895415
2.006006463392153 -0.0005205683579137931 -0.1406640693184931
2.018073560754737 -0.0005220508194339602 -0.1410646489289605
2.030213247533863 -0.0005234725304749385 -0.1414488130015147
2.042425960389917 -0.0005248319046713524 -0.1418161328804264
2.05471213861001 -0.0005261273420721576 -0.1421661762389488
2.067072224123773 -0.0005273572290971691 -0.1424985070675713
2.079506661519261 -0.0005285199386230963 -0.142812685697267
2.092015898058938 -0.0005296138312287014 -0.1431082691359502
2.104600383695769 -0.0005306372555807116 -0.1433848111727545
2.117260571089404 -0.000531588548314426 -0.1436418623457718
2.129996915622458 -0.0005324660351467907 -0.1438789702428181
2.142809875416892 -0.0005332680316424875 -0.1440956797084414
2.155699911350493 -0.0005339928433057617 -0.1442915328687338
2.16866748707345 -0.0005346387662929081 -0.1444660693238547
2.181713069025031 -0.0005352040884885893 -0.1446188264388651
2.194837126450363 -0.0005356870899219997 -0.1447493394561803
2.208040131417308 -0.0005360860432191205 -0.1448571416177752
2.221322558833443 -0.0005363992147823319 -0.14494176448393
2.234684886463145 -0.0005366248654733024 -0.1450027381177552
2.248127594944775 -0.0005367612511238384 -0.14503959122323
2.261651167807962 -0.0005368066236057438 -0.1450518514342914
2.275256091491004 -0.0005367592317193583 -0.1450390455549284
2.288942855358358 -0.0005366173218904145 -0.1450006997474814
2.302711951718243 -0.0005363791391758277 -0.1449363398044196
2.316563875840352 -0.0005360429282541838 -0.1448454914159827
2.330499125973664 -0.0005356069342476042 -0.144727680392259
2.344518203364364 -0.0005350694038559011 -0.144582432969649
2.358621612273878 -0.0005344285863780519 -0.1444092760868797
2.372809859997005 -0.0005336827345703282 -0.1442077376168824
2.387083456880169 -0.0005328301059318917 -0.1439773467141763
2.401442916339774 -0.000531868963909671 -0.1437176341404417
2.415888754880671 -0.0005307975786948874 -0.1434281324797509
2.430421492114737 -0.0005296142284917027 -0.1431083764813728
2.445041650779565 -0.0005283172011672736 -0.1427579035056378
2.459749756757268 -0.0005269047949561668 -0.1423762537142806
2.474546339093393 -0.0005253753195535134 -0.1419629703658228
2.489431930015952 -0.0005237270981840004 -0.1415176003746414
2.504407064954564 -0.0005219584684998744 -0.1410396945536198
2.519472282559719 -0.0005200677833894629 -0.1405288078326209
2.534628124722145 -0.0005180534130512926 -0.1399844998189394
2.549875136592308 -0.0005159137466555894 -0.13940633524626
2.565213866600017 -0.0005136471927674749 -0.1387938840890104
2.580644866474148 -0.0005112521810338355 -0.1381467220181742
2.596168691262497 -0.0005087271648431732 -0.1374644311200162
2.611785899351737 -0.0005060706215956468 -0.1367465999690504
2.627497052487508 -0.0005032810538420111 -0.135992823935796
2.64330271579462 -0.0005003569923823567 -0.1352027060240952
2.659203457797384 -0.0004972969972555914 -0.1343758571384838
2.675199850440056 -0.0004940996581670129 -0.1335118961997265
2.691292469107416 -0.0004907635972018456 -0.1326104508780485
2.707481892645458 -0.0004872874713537821 -0.1316711582763787
2.723768703382218 -0.0004836699722796269 -0.1306936648640518
2.740153487148712 -0.000479909828140335 -0.1296776269742797
2.756636833300016 -0.0004760058075094793 -0.128622711860268
2.77321933473646 -0.0004719567192183137 -0.1275285976533505
2.789901587924954 -0.0004677614132007332 -0.1263949735913075
2.806684192920446 -0.0004634187845050272 -0.1252215411023924
2.823567753387507 -0.0004589277747479893 -0.1240080141982492
2.840552876622036 -0.0004542873717664573 -0.1227541193797554
2.857640173573115 -0.0004494966126528014 -0.1214595964572478
2.874830258864976 -0.000444554587531476 -0.120124199570995
2.892123750819116 -0.0004394604384235822 -0.1187476968843869
2.909521271476531 -0.0004342133608920344 -0.11732987102848
2.927023446620097 -0.000428812609161165 -0.1158705204853784
2.944630905797074 -0.0004232574957844646 -0.1143694594984529
2.962344282341753 -0.0004175473917437295 -0.1128265180991319
2.980164213398238 -0.0004116817310287272 -0.1112415433443842
2.998091339943359 -0.0004056600129944464 -0.1096143999536774
3.016126306809736 -0.000399481800859039 -0.1079449699031033
3.034269762708964 -0.0003931467246108059 -0.1062331532108813
3.052522360254954 -0.0003866544862098166 -0.1044788693429014
3.070884755987404 -0.0003800048575317292 -0.1026820566571185
3.089357610395416 -0.0003731976813795336 -0.1008426726769377
3.107941587941251 -0.0003662328774637605 -0.09896069570714223
3.126637357084233 -0.0003591104423154474 -0.09703612481037499
3.14544559030479 -0.00035183044815788 -0.09506897950226953
3.164366964128648 -0.0003443930475072418 -0.09305930099460268
3.183402159151157 -0.0003367984767752812 -0.09100715316878033
3.202551860061779 -0.0003290470533634895 -0.088912621790648
3.221816755668715 -0.0003211391779371416 -0.08677581512496507
3.241197538923678 -0.0003130753408318372 -0.08459686566653214
3.260694906946819 -0.0003048561193406493 -0.08237592940714476
3.280309561051807 -0.0002964821775856544 -0.08011318580087916
3.300042206771049 -0.0002879542727272476 -0.07780883944192681
3.319893553881069 -0.0002792732555718665 -0.07546312022880904
3.339864316428041 -0.0002704400678276899 -0.07307628262283243
3.359955212753471 -0.0002614557460629523 -0.07064860671767499
3.380166965520037 -0.0002523214265981156 -0.06818039956131181
3.400500301737581 -0.0002430383411934334 -0.06567199399074128
3.42095595278926 -0.0002336078182050858 -0.06312374894438708
3.441534654457853 -0.0002240312895130286 -0.06053605133408949
3.46223714695223 -0.0002143102876684937 -0.05790931527432439
3.483064174933973 -0.0002044464441435128 -0.05524398160920282
3.504016487544163 -0.0001944414949566553 -0.05254051943261548
3.525094838430328 -0.0001842972822440914 -0.04979942651275359
3.546299985773546 -0.0001740157497408446 -0.04702122807108699
3.567632692315724 -0.0001635989454542147 -0.04420647750475629
3.589093725387028 -0.0001530490274123613 -0.04135575793991206
3.610683856933487 -0.0001423682582767918 -0.03846968077594166
3.632403863544755 -0.0001315590049476347 -0.03554888557880927
3.654254526482051 -0.0001206237450391523 -0.0325940418308202
3.676236631706256 -0.0001095650643803924 -0.02960584825526584
3.698350969906183 -9.838565339597544e-05 -0.02658503183846709
3.720598336527025 -8.708831131849194e-05 -0.02353234896801681
3.742979531798957 -7.567594851785588e-05 -0.02044858606220011
3.765495360765927 -6.415158047408291e-05 -0.01733455794136386
3.788146633314612 -5.251832872461909e-05 -0.01419110808389663
3.810934164203546 -4.077942641796579e-05 -0.0110191101268876
3.833858773092431 -2.893821252815548e-05 -0.007819466302805594
3.856921284571616 -1.699812961785568e-05 -0.004593106835061877
3.880122528191761 -4.962728795851102e-06 -0.001340991277583729
3.903463338493672 7.164332171316136e-06 0.001935891995443968
3.926944555038322 1.937929428034608e-05 0.005236527254400471
3.950567022437048 3.167829516105609e-05 0.008559870838642861
3.974331590381932 4.405736649002155e-05 0.01190485045763946
3.998239113676364 5.651244112909371e-05 0.01527036711988651
4.02229045226579 6.903935414051734e-05 0.01865529540720556
4.046486471268643 8.163383854455065e-05 0.02205848232839948
4.070828041007458 9.429153092644476e-05 0.02547874883432831
4.095316037040186 0.0001070079754796119 0.0289148909104237
4.119951340191675 0.0001197786213875363 0.03236567886924868
4.144734836585366 0.0001325988244129276 0.03582985777990664
4.169667417675155 0.0001454638535392742 0.03930614926267195
4.194749980277468 0.0001583688911823263 0.04279325154613547
4.219983426603512 0.0001713090315708153 0.04628983902965455
4.24536866429173 0.0001842792880695583 0.04979456426214737
4.270906606440451 0.00019727459601415 0.05330605870806204
4.296598171640729 0.0002102898109823056 0.05682293228027196
4.322444284009386 0.0002233197139202027 0.06034377472527726
4.348445873222255 0.0002363590164541894 0.06386715705849477
4.374603874547618 0.0002494023610555719 0.0673916316087856
4.400919228879844 0.0002624443231199779 0.07091573258032519
4.42739288277324 0.0002754794178800731 0.07443797792050545
4.454025788476091 0.0002885021027451911 0.07795686995213216
4.480818903964917 0.0003015067779604522 0.08147089555152695
4.50777319297893 0.000314487793292165 0.08497852795500635
4.534889625054696 0.0003274394521483447 0.08847822787229717
4.562169175561013 0.0003403560129867837 0.09196844386701503
4.589612825733993 0.0003532316942785543 0.09544761369786436
4.617221562712357 0.0003660606800535316 0.09891416581710825
4.644996379572944 0.0003788371226642534 0.1023665201173977
4.672938275366425 0.0003915551465242178 0.1058030889419065
4.701048255153248 0.0004042088541556188 0.1092222787185047
4.729327330039782 0.0004167923299724384 0.1126224909819973
4.757776517214689 0.0004292996441382682 0.1160021234165561
4.786396839985513 0.0004417248582630486 0.1193595713950493
4.815189327815487 0.000454062029772053 0.1226932291595962
4.844155016360561 0.000466305216347661 0.1260014910217891
4.873294947506656 0.0004784484815751797 0.129282752888265
4.902610169407141 0.0004904858993760705 0.1325354134586191
4.932101736520533 0.0005024115585570977 0.1357578754546411
4.961770709648425 0.000514219569294917 0.1389485473725319
4.991618155973645 0.0005259040673802421 0.1421058446297312
5.021645149098641 0.0005374592183535732 0.1452281906824421
5.051852769084097 0.0005488792246376578 0.1483140189529113
5.082242102487784 0.0005601583305946765 0.151361774195944
5.112814242403641 0.0005712908257042478 0.1543699133576405
5.1435702885011 0.0005822710511598243 0.1573369073578246
5.174511347064628 0.0005930934072459397 0.1602612430834678
5.205638531033534 0.0006037523553491392 0.1631414239320682
5.23695296004199 0.0006142424230181389 0.1659759711789684
5.26845576045931 0.0006245582135985602 0.1687634265807808
5.300148065430462 0.0006346944083845458 0.1715023529567818
5.332031014916829 0.0006446457696747993 0.1741913350146913
5.364105755737212 0.0006544071503133451 0.1768289819287052
5.39637344160908 0.0006639734989682168 0.1794139287658632
5.42883523319007 0.0006733398606205738 0.1819448366182136
5.461492298119737 0.0006825013838287171 0.184420394565642
5.494345811061548 0.0006914533305582478 0.1868393223321021
5.52739695374514 0.0007001910749379051 0.1892003699494275
5.560646915008824 0.0007087101073593605 0.1915023188651481
5.594096890842349 0.0007170060465692259 0.1937439852099007
5.627748084429916 0.0007250746402838597 0.1959242199635581
5.661601706193463 0.0007329117656169639 0.1980419090707705
5.695658973836199 0.0007405134394073573 0.2000959762316592
5.729921112386407 0.00074787582463214 0.2020853846347335
5.764389354241504 0.0007549952271020779 0.2040091360639424
5.799064939212376 0.0007618681016730054 0.2058662725770732
5.833949114567966 0.0007684910643663344 0.2076558797808643
5.869043135080146 0.000774860887911404 0.2093770856264924
5.904348263068843 0.0007809745034346366 0.2110290608660036
5.939865768447451 0.0007868290133606634 0.2126110225383587
5.975596928768503 0.0007924216915396388 0.2141222340038349
6.01154302926963 0.0007977499798347305 0.2155620040219231
6.047705362919785 0.0008028114972792811 0.2169296892257075
6.084085230465758 0.0008076040480211283 0.2182246962685198
6.120683940478954 0.0008121256139261627 0.2194464798253283
6.15750280940247 0.0008163743582551883 0.2205945435862716
6.194543161598441 0.0008203486387210312 0.2216684437848524
6.231806329395683 0.0008240470008586777 0.2226677874064655
6.269293653137611 0.0008274681761352127 0.2235922316776806
6.307006481230453 0.0008306110935542567 0.224441487201905
6.344946170191752 0.0008334748802410808 0.2252153181174896
6.383114084699157 0.0008360588537687486 0.2259135400241565
6.421511597639515 0.0008383625284034058 0.2265360216705541
6.460140090158249 0.0008403856240310964 0.2270826873663944
6.499000951709037 0.0008421280554052607 0.2275535140769928
6.538095580103793 0.0008435899323472256 0.2279485314774428
6.577425381562945 0.000844771571593646 0.228267825153943
6.616991770766014 0.0008456734895195779 0.22851153463748
6.656796170902505 0.000846296396195902 0.2286798517980707
6.696840013723089 0.0008466412037718569 0.228773023109827
6.737124739591115 0.0008467090278001807 0.2287913500090259
6.777651797534409 0.0008465011759293353 0.2287351858386069
6.818422645297399 0.0008460191502241345 0.2286049364752353
6.859438749393552 0.0008452646555361817 0.2284010625910985
6.900701585158119 0.0008442395870406815 0.2281240762861969
6.942212636801205 0.0008429460267040455 0.2277745401338471
6.983973397461158 0.0008413862518428921 0.2273530694934305
7.025985369258271 0.0008395627283819608 0.2268603306885975
7.068250063348816 0.0008374781014290524 0.2262970384604985
7.110768999979402 0.0008351351992752533 0.2256639570486947
7.153543708541653 0.0008325370348219748 0.2249619005767619
7.196575727627224 0.0008296867922442325 0.224191729448542
7.239866605083138 0.0008265878253816153 0.2233543499133627
7.28341789806747 0.0008232436635068487 0.2224507156247755
7.327231173105349 0.0008196579991446328 0.2214818243490535
7.37130800614531 0.0008158346813710508 0.220448716154608
7.41564998261598 0.0008117777197944923 0.2193524744876837
7.460258697483103 0.0008074912786832823 0.2181942245855705
7.505135755306914 0.0008029796656441275 0.2169751304173787
7.550282770299852 0.0007982473312004682 0.2156963945701042
7.59570136638462 0.000793298868969734 0.2143592582965253
7.641393177252606 0.0007881390024601139 0.212964997947525
7.687359846422636 0.0007827725804167049 0.2115149237145626
7.733603027300095 0.0007772045784639842 0.2100103800734896
7.780124383236402 0.0007714400885922826 0.2084527429436641
7.826925587588838 0.0007654843107660656 0.2068434174204035
7.874008323780734 0.0007593425522328121 0.2051838375882346
7.921374285362025 0.0007530202219544509 0.2034754650161985
7.969025176070168 0.0007465228195941856 0.2017197857819531
8.016962709891423 0.0007398559317397539 0.1999183094512505
8.065188611122505 0.0007330252294105956 0.198072568404343
8.113704614432605 0.0007260364569959674 0.1961841148469233
8.162512464925786 0.0007188954260899896 0.1942545191442772
8.211613918203758 0.0007116080127166519 0.1922853690714458
8.26101074042902 0.0007041801487932345 0.1902782675065348
8.310704708388393 0.0006966178141274851 0.1882348302682523
8.360697609556926 0.0006889270321295837 0.186156684957228
8.410991242162195 0.0006811138635600444 0.1840454692666178
8.461587415248985 0.00067318439796858 0.181902828668779
8.512487948744354 0.0006651447483428427 0.1797304149692925
8.563694673523104 0.0006570010452955799 0.1775298847362601
8.615209431473632 0.0006487594292226378 0.1753028971812986
8.667034075564182 0.0006404260445736182 0.1730511126114007
8.719170469909495 0.0006320070336870485 0.1707761907631202
8.771620489837867 0.0006235085295181255 0.1684797888375179
8.824386021958594 0.0006149366502122077 0.1661635600338512
8.877468964229841 0.0006062974931828329 0.163829151949381
8.930871226026907 0.0005975971272263693 0.1614782044486516
8.984594728210904 0.0005888415878909153 0.1591123484121096
9.038641403197854 0.0005800368725321645 0.1567332044001372
9.09301319502819 0.0005711889317912148 0.1543423803502494
9.147712059436689 0.0005623036647702623 0.1519414702735068
9.202739963922818 0.0005533869156831191 0.1495320533494432
9.258098887821502 0.0005444444661930668 0.1471156918556581
9.313790822374321 0.0005354820284320848 0.1446939292815251
9.369817770801134 0.000526505243632431 0.1422682899584282
9.426181748372137 0.000517519676650151 0.1398402775799449
9.482884782480346 0.0005085308064469871 0.1374113726299399
9.539928912714528 0.0004995440255958691 0.1349830322489421
9.597316190932558 0.0004905646374517925 0.1325566894696809
9.655048681335227 0.0004815978465680599 0.1301337506274344
9.713128460540494 0.0004726487558237471 0.1277155945838357
9.771557617658175 0.0004637223668099602 0.1253035728312437
9.830338254365088 0.0004548235727763915 0.1228990075868148
9.889472484980656 0.0004459571513366097 0.1205031898213813
9.948962436542953 0.0004371277674907237 0.1181173800762124
10.00881024888521 0.0004283399702122939 0.1157428075407557
10.06901807471279 0.0004195981823945632 0.1133806673359827
10.12958807968063 0.0004109067034050191 0.1110321212046638
10.1905224424711 0.0004022697095177059 0.1086982976281843
10.25182335487242 0.0003936912452425961 0.1063802894836322
10.31349302185747 0.0003851752211976431 0.1040791534688006
10.3755336616631 0.0003767254185639097 0.1017959113060184
10.43794750586993 0.0003683454842976391 0.09953154844839285
10.50073679948262 0.0003600389236608674 0.09728701206148742
10.56390380101059 0.0003518091067680016 0.09506321279228888
10.62745078254932 0.0003436592680908635 0.09286102463546406
10.69138002986203 0.0003355924974869655 0.09068128250908802
10.7556938424619 0.0003276117441464776 0.08852478332116373
10.82039453369479 0.0003197198205452384 0.08639228703777493
10.88548443082247 0.0003119193962352835 0.08428451500520961
10.95096587510631 0.000304212995771099 0.08220214938960756
11.01684122189147 0.000296603006447785 0.08014583526790883
11.08311284069168 0.0002890916765266313 0.07811618014838233
11.14978311527443 0.0002816811084680306 0.07611375214207419
11.21685444374672 0.0002743732672577786 0.07413908221267818
11.28432923864131 0.0002671699828802332 0.07219266484481415
11.35220992700354 0.0002600729438015951 0.07027495628312912
11.42049895047856 0.0002530837008994568 0.0683863755941104
11.48919876539923 0.0002462036742132767 0.06652730649014811
11.55831184287442 0.0002394341498892422 0.06469809650399891
11.62784066887791 0.000232776278179724 0.06289905644821357
11.69778774433782 0.0002262310828520732 0.06113046295751159
11.76815558522656 0.0002197994622361608 0.05939255877183926
11.83894672265132 0.0002134821843464749 0.05768555141829951
11.91016370294514 0.0002072798948867549 0.05600961537410396
11.98180908775847 0.000201193122113921 0.05436489338086747
12.05388545415131 0.0001952222735451782 0.05275149555482644
12.12639539468595 0.0001893676389787265 0.05116950020307249
12.19934151752018 0.000183629398640479 0.04961895602489735
12.27272644650111 0.0001780076230684849 0.04809988208056259
12.34655282125957 0.000172502271671889 0.04661226740191229
12.42082329730504 0.0001671132020025605 0.04515607349768322
12.49554054612116 0.0001618401727459137 0.04373123516166159
12.57070725526186 0.0001566828412424062 0.0423376598029611
12.64632612844798 0.0001516407702605618 0.04097522927617836
12.72239988566455 0.0001467134338540603 0.03964380146405143
12.79893126325863 0.0001419002167010037 0.03834321009892157
12.87592301403773 0.0001372004166178328 0.03707326544202468
12.95337790736882 0.0001326132523965516 0.0358337564012073
13.03129872927796 0.0001281378656111389 0.03462445101904149
13.10968828255048 0.0001237733203502288 0.03344509640059189
13.18854938683184 0.0001195186108500531 0.03229542077593191
13.26788487872902 0.0001153726653253535 0.03117513453530407
13.34769761191256 0.0001113343458062373 0.0300839301850365
13.42799045721921 0.0001074024531377683 0.02902148369849459
13.50876630275517 0.0001035757325349711 0.02798745601711272
13.59002805400002 9.985287482351832e-05 0.02698149338564328
13.67177863391118 9.623251865713284e-05 0.02600322795132655
13.7540209830291 9.271325675545044e-05 0.025052279449439
13.83675805958297 8.929363849213856e-05 0.02412825590263529
13.91999283959716 8.597217095906588e-05 0.0232307539085002
14.00372831699829 8.27473242947261e-05 0.02235936007935524
14.08796750372286 7.961753525149332e-05 0.02151365200617562
14.17271342982564 7.658120860733425e-05 0.02069319864005245
14.25796914358864 7.363672069903682e-05 0.01989756124691531
14.34373771163077 7.078242357355405e-05 0.0191262945292771
14.43002221901811 6.801664701416372e-05 0.01837894717372774
14.51682576937491 6.533770084620923e-05 0.01765506247397412
14.60415148499523 6.274387890664362e-05 0.01695417940346044
14.69200250695523 6.023346142322633e-05 0.01627583325825688
14.78038199522615 5.780471707022382e-05 0.0156195562125356
14.86929312878798 5.545590611193242e-05 0.01498487816798981
14.95873910574384 5.31852828837115e-05 0.01437132742423996
15.04872314343496 5.099109787118326e-05 0.01377843124065943
15.13924847855642 4.887160028603799e-05 0.01320571653238931
15.2303183672736 4.682504029219697e-05 0.01265271047187539
15.3219360853393 4.484967087602665e-05 0.01211894099422337
15.41410492821153 4.294375031910672e-05 0.0116039374653717
15.50682821117208 4.110554402106337e-05 0.01110723117464382
15.60010926944577 3.933332599290184e-05 0.01062835573826534
15.69395145832038 3.762538118423516e-05 0.01016684772821023
15.7883581532674 3.598000725276615e-05 0.009722247150336989
15.88333275006339 3.439551549984904e-05 0.009294097697189044
15.97887866491215 3.287023271863233e-05 0.008881947247386062
16.07499933456759 3.140250335867362e-05 0.008485348450529858
16.17169821645737 2.999068988855547e-05 0.008103858825187766
16.26897878880723 2.863317394366368e-05 0.007737041069036632
16.36684455076612 2.732835875501114e-05 0.007384463715161353
16.46529902253208 2.607466943964716e-05 0.007045701210527107
16.56434574547881 2.487055335713086e-05 0.006720334012302905
16.66398828228309 2.371448214418511e-05 0.006407949137650486
16.76423021705294 2.260495272202901e-05 0.006108140435918141
16.86507515545651 2.154048681330218e-05 0.005820508458107614
16.96652672485178 2.051963212585505e-05 0.005544660776749016
17.06858857441703 1.954096420509252e-05 0.005280212486427223
17.17126437528214 1.860308566300553e-05 0.005026785995456562
17.27455782066058 1.770462631042006e-05 0.004784011061616155
17.37847262598229 1.684424481694458e-05 0.004551525240688434
17.48301252902732 1.602062882670223e-05 0.004328973917731431
17.58818129006027 1.523249430537535e-05 0.004116010130642051
17.69398269196554 1.447858678502915e-05 0.003912294906522966
17.80042054038342 1.375768170699986e-05 0.003717497354335289
17.90749866384694 1.306858321734336e-05 0.003531294339413735
18.01522091391964 1.241012473186245e-05 0.00335337063614406
18.12359116533404 1.178117037679635e-05 0.003183419317255336
18.23261331613107 1.11806134384023e-05 0.00302114133487756
18.34229128780023 1.060737587935615e-05 0.00286624538986704
18.45262902542071 1.006040979400526e-05 0.002718448325033907
18.56363049780323 9.538696795285895e-06 0.002577474959479536
18.67529969763284 9.041246603126149e-06 0.002443057707165396
18.78764064161249 8.567097732305294e-06 0.002314936762781229
18.90065737060757 8.115318132312602e-06 0.002192860274642899
19.0143539497912 7.68500323708401e-06 0.002076583817706885
19.12873446879051 7.275275774749023e-06 0.001965870342161522
19.24380304183367 6.885286977238705e-06 0.001860490500278178
19.35956380789796 6.51421498091296e-06 0.001760222214240785
19.47602093085858 6.161263820649483e-06 0.001664850404336108
19.59317859963845 5.82566427974435e-06 0.001574167218607498
19.71104102835891 5.506673430204105e-06 0.001487971908636075
19.82961245649123 5.203572916124638e-06 0.00140607036568827
19.94889714900919 4.915669071248941e-06 0.001328275152481396
20.06889939654243 4.642293488351158e-06 0.00125440565703833
20.18962351553079 4.38280110422791e-06 0.001184287575228259
20.31107384837959 4.1365696257057e-06 0.001117752755666716
20.4332547636158 3.903000305948984e-06 0.00105463940948371
20.55617065604522 3.681516677811585e-06 0.0009947917680594696
20.67982594691049 3.471563328579366e-06 0.0009380597519446114
20.80422508405019 3.272606248000832e-06 0.0008842990649023565
20.92937254205879 3.084132597780414e-06 0.0008333711316227381
21.05527282244758 2.905649044986476e-06 0.0007851426473886367
21.18193045380665 2.736681527213342e-06 0.0007394855146196299
21.30934999196772 2.576775697347938e-06 0.0006962769630534909
21.43753602016806 2.425495354668988e-06 0.0006553991258096048
21.5664931492153 2.282421706779219e-06 0.0006167388399538345
21.69622601765332 2.147153774764879e-06 0.0005801877559776831
21.82673929192908 2.019307551158519e-06 0.0005456421102693231
21.95803766656046 1.89851480397324e-06 0.0005130024019487204
22.09012586430514 1.784423094612755e-06 0.0004821733977071561
22.22300863633048 1.676695720013048e-06 0.0004530641161731794
22.35669076238438 1.57501032239439e-06 0.0004255874522502483
22.49117705096725 1.479058502698577e-06 0.0003996600726626429
22.62647233950495 1.388546101456536e-06 0.0003752024918494
22.76258149452277 1.303192092747565e-06 0.0003521387730982917
22.89950941182054 1.222727847455764e-06 0.0003303963294685149
23.03726101664865 1.146897277264468e-06 0.0003099059626997847
23.17584126388527 1.075456351970076e-06 0.0002906017327845046
23.31525513821456 1.008172090847728e-06 0.0002724206854221812
23.45550765430593 9.448224147644628e-07 0.0002553028120585525
23.59660385699449 8.851961703625979e-07 0.0002391910564202386
23.73854882146243 8.290921035276762e-07 0.0002240310371329663
23.88134765342164 7.763184548768565e-07 0.0002097709384174811
24.02500548929732 7.266930982702346e-07 0.0001963615475170361
24.16952749641275 6.800428502927663e-07 0.0001837560681107865
24.31491887317515 6.362028374948831e-07 0.0001719099493343044
24.46118484926266 5.950164912624038e-07 0.0001607808843933647
24.60833068581249 5.563353099088411e-07 0.0001503287462783167
24.7563616756101 5.20018097485928e-07 0.0001405153820811845
24.90528314327963 4.85930766423739e-07 0.0001313045596665647
25.05510044547539 4.539463757674058e-07 0.0001226619780036638
25.20581897107455 4.239444527343074e-07 0.0001145550838425809
25.357444141371 3.958106395672598e-07 0.0001069529762896311
25.5099814102703 3.694367359222883e-07 9.982641826105055e-05
25.66343626448592 3.447203125340195e-07 9.314773209056223e-05
25.81781422373652 3.21564225278867e-07 8.6890668223182e-05
25.97312084094457 2.998765455479851e-07 8.103038640112158e-05
26.12936170243603 2.795704602023314e-07 7.554342863039729e-05
26.28654242814131 2.60563749356302e-07 7.040757807144886e-05
26.44466867179741 2.427786038856177e-07 6.560180972749179e-05
26.6037461211513 2.261416471060343e-07 6.110629630237571e-05
26.76378049816449 2.105835303184421e-07 5.690229891182072e-05
26.92477755921884 1.960386573450463e-07 5.297209264965439e-05
27.08674309532363 1.824451761778889e-07 4.929896433113814e-05
27.24968293232387 1.697447836190156e-07 4.586715970430129e-05
27.41360293110984 1.578823849575509e-07 4.266179149043801e-05
27.57850898782788 1.468060116166985e-07 3.966881713129882e-05
27.74440703409252 1.364667849030801e-07 3.687502899370926e-05
27.91130303719981 1.268185881870695e-07 3.42679657886035e-05
28.07920300034196 1.178179228812152e-07 3.183587365459617e-05
28.24811296282329 1.094239115709165e-07 2.956770700393011e-05
28.41803900027744 1.015980786502433e-07 2.745306924753612e-05
28.58898722488593 9.430415359017519e-08 2.54821596356553e-05
28.76096378559799 8.750804287887604e-08 2.364576567575071e-05
28.93397486835177 8.117774111228299e-08 2.193523910807469e-05
29.1080266962968 7.528311066145935e-08 2.034243636903678e-05
29.28312553001787 6.979581105323807e-08 1.8859699508972e-05
29.4592776677602 6.468928633055749e-08 1.747985277674573e-05
29.63648944565603 5.993857610377555e-08 1.619615156345995e-05
29.81476723795246 5.552021205088513e-08 1.500225443551918e-05
29.99411745724076 5.141221054643697e-08 1.389222114287356e-05
30.17454655468706 4.759396328553543e-08 1.286048306425692e-05
30.35606102026435 4.40461073510145e-08 1.190180809771559e-05
30.53866738298595 4.07504954545274e-08 1.101129261937935e-05
30.72237221114033 3.769015899856281e-08 1.018435150235702e-05
30.90718211252742 3.484917566513533e-08 9.416682337547532e-06
31.09310373469621 3.22126176486746e-08 8.704251445520326e-06
31.28014376518396 2.976654517983184e-08 8.043292126566995e-06
31.46830893175665 2.749790654140366e-08 7.430277643755653e-06
31.65760600265105 2.539446878875463e-08 6.861902502724211e-06
31.84804178681812 2.344480707348286e-08 6.335079566801518e-06
32.03962313416796 2.163825436337809e-08 5.846926470712319e-06
32.23235693581619 1.996482141964177e-08 5.394743997423081e-06
32.42625012433181 1.841517280019523e-08 4.97600959393628e-06
32.62130967398656 1.698061244514155e-08 4.588373476302236e-06
32.81754260100581 1.565300968298708e-08 4.22963863557639e-06
33.01495596382091 1.442476460873455e-08 3.897751482547842e-06
33.21355686332307 1.328880310099712e-08 3.590800501301342e-06
33.4133524431188 1.223852785265174e-08 3.307003017088486e-06
33.61434988978685 1.126777496169659e-08 3.044693466635448e-06
33.81655643313671 1.037080413566986e-08 2.80232075125465e-06
34.01997934646867 9.542277267501104e-09 2.578442447772316e-06
34.22462594683541 8.777212292094542e-09 2.371712340001222e-06
34.43050359530524 8.070966521135091e-09 2.180875915597216e-06
34.63761969722685 7.419230790509355e-09 2.004768784619312e-06
34.84598170249565 6.817991124576757e-09 1.842306320737141e-06
35.0555971058218 6.263507006122152e-09 1.692477789500868e-06
35.26647344699975 5.752307279359391e-09 1.554345241281601e-06
35.47861831117944 5.281167847665589e-09 1.42703748492076e-06
35.69203932913916 4.847086138111688e-09 1.309743187727438e-06
35.90674417756002 4.447273752634254e-09 1.201708889733277e-06
36.12274057930207 4.0791479117029e-09 1.102236691664581e-06
36.34003630368208 3.740306516252151e-09 1.010677516364971e-06
36.55863916675303 3.428517654706328e-09 9.264282734625076e-07
36.77855703158521 3.141716791947379e-09 8.489310997937055e-07
36.9997978085491 2.877988358778463e-09 7.776683846467483e-07
37.22236945559986 2.63555284716433e-09 7.121592827343303e-07
37.4462799785636 2.41276372724444e-09 6.519588811321124e-07
37.67153743142533 2.208097967490139e-09 5.966556377068396e-07
37.89814991661868 2.020141909356091e-09 5.458675642708112e-07
38.12612558531732 1.847586425349735e-09 4.992409182317989e-07
38.35547263772817 1.689223609731085e-09 4.564493083788189e-07
38.58619932338635 1.543934175498497e-09 4.171902893903429e-07
38.81831394145193 1.410681279060755e-09 3.811836931836013e-07
39.05182484100842 1.288508933119595e-09 3.481712000556264e-07
39.2867404213631 1.176533768489967e-09 3.179141126242386e-07
39.52306913234914 1.073937797083685e-09 2.901914002958775e-07
39.76081947462954 9.799663250198268e-10 2.647991353619793e-07
40.00000000000288 8.939241712657374e-10 2.415494712285671e-07
