##########################################################################################
#
# SZ signal computed with SZpack v1.1.1
# Runmode: CNSN-basis
#
# General parameters:
# xmin= 0.1 xmax= 40 np= 1000
# Dtau= 0.01
# Te= 29keV (The ~ 0.0567516)
# betac= 0 muc= 1
# betao= 0 muo= 1
#
# Runmode specific parameters:
# eps= 0
# Te_order= 20 beta_order= 2
#
##########################################################################################
#
# Output format: x = (h nu/k T0) | x^3 Dn(x) | DI(x) in MJy/sr 
# Here a CMB temperature of T0 = 2.726 K is assumed.
#
##########################################################################################
0.1 -1.033343115405093e-05 -0.002792222105040053
0.1006015482792701 -1.045786185654086e-05 -0.002825844834301847
0.1012067151618632 -1.058378767076842e-05 -0.002859871561420801
0.1018155224154252 -1.071122648780415e-05 -0.002894307120787529
0.1024279919385451 -1.084019640562967e-05 -0.002929156402702611
0.1030441457615424 -1.097071573275315e-05 -0.002964424354353525
0.1036640060472596 -1.110280300304122e-05 -0.003000115983822424
0.1042875950918594 -1.1236476968211e-05 -0.003036236358057374
0.1049149353256267 -1.13717565956594e-05 -0.003072790602285819
0.1055460493137754 -1.150866108222385e-05 -0.003109783903732895
0.10618095975726 -1.164720985606601e-05 -0.003147221512130434
0.1068196894935924 -1.178742256856642e-05 -0.003185108737526791
0.1074622614976628 -1.192931910256377e-05 -0.003223450952513208
0.1081086988825668 -1.207291958490964e-05 -0.003262253595616257
0.1087590249004362 -1.221824437570266e-05 -0.003301522168388768
0.1094132629432757 -1.23653140701641e-05 -0.003341262235916653
0.1100714365438043 -1.251414951549265e-05 -0.00338147943137326
0.1107335693763015 -1.266477180544579e-05 -0.003422179454555204
0.1113996852574591 -1.281720227551808e-05 -0.00346336807057948
0.1120698081472377 -1.29714625164128e-05 -0.003505051113523662
0.1127439621497288 -1.312757438048363e-05 -0.003547234488166526
0.1134221715140214 -1.328555997105477e-05 -0.003589924167102222
0.1141044606350749 -1.344544164905509e-05 -0.003633126192532891
0.1147908540545956 -1.360724204973639e-05 -0.003676846680786162
0.1154813764619206 -1.377098407150364e-05 -0.003721091819296928
0.1161760526949047 -1.393669087558404e-05 -0.003765867866517939
0.1168749077408149 -1.410438590415068e-05 -0.003811181156817021
0.1175779667372284 -1.427409287834209e-05 -0.003857038099941953
0.118285254972937 -1.444583579038328e-05 -0.003903445178891464
0.118996797888857 -1.461963891614599e-05 -0.003950408953309166
0.119712621078944 -1.479552682681622e-05 -0.003997936062636273
0.1204327502911136 -1.497352437582171e-05 -0.004046033222579246
0.1211572114281675 -1.515365670359915e-05 -0.004094707226397941
0.1218860305487253 -1.533594925809275e-05 -0.004143964950444584
0.1226192338681618 -1.552042778383423e-05 -0.00419381335121306
0.12335684775955 -1.570711831927272e-05 -0.004244259464617391
0.1240988987546095 -1.589604721625063e-05 -0.004295310411254389
0.124845413544661 -1.608724114140149e-05 -0.004346973396781353
0.1255964189815867 -1.628072706532852e-05 -0.004399255708991985
0.1263519420787953 -1.647653227396343e-05 -0.004452164720885682
0.1271120100121947 -1.667468438555905e-05 -0.004505707895259157
0.1278766501211688 -1.687521133605218e-05 -0.004559892780751299
0.128645889909561 -1.707814138137949e-05 -0.004614727012468957
0.1294197570466637 -1.728350312031627e-05 -0.004670218318158253
0.1301982793682135 -1.749132548733066e-05 -0.004726374516273711
0.1309814848773924 -1.770163774577039e-05 -0.004783203514137224
0.1317694017458348 -1.791446950595226e-05 -0.004840713312826057
0.1325620583146414 -1.812985073418551e-05 -0.004898912009611085
0.1333594830953982 -1.83478117380824e-05 -0.00495780779398751
0.1341617047712022 -1.856838317528118e-05 -0.005017408950031933
0.1349687521976928 -1.879159607627205e-05 -0.005077723862570203
0.1357806544040905 -1.901748182929712e-05 -0.005138761013097206
0.13659744059424 -1.924607217958872e-05 -0.005200528979571037
0.1374191401476617 -1.947739925378537e-05 -0.005263036443010508
0.1382457826206078 -1.971149555758984e-05 -0.005326292186862322
0.1390773977471256 -1.994839396476534e-05 -0.005390305094027712
0.1399140154401271 -2.01881277338371e-05 -0.005455084151375408
0.140755665792465 -2.043073052421811e-05 -0.005520638454099019
0.1416023790780148 -2.067623637841886e-05 -0.005586977200909884
0.1424541857527642 -2.092467972806493e-05 -0.005654109695663091
0.1433111164559082 -2.117609542133314e-05 -0.00572204535477108
0.1441732020109516 -2.14305187095098e-05 -0.005790793703571502
0.1450404734268171 -2.168798524225932e-05 -0.00586036437504875
0.1459129618989614 -2.194853109245931e-05 -0.005930767116544701
0.1467906988104967 -2.221219276051517e-05 -0.006002011790924586
0.1476737157333199 -2.247900715879669e-05 -0.006074108372371548
0.148562044429248 -2.274901162604642e-05 -0.006147066950279983
0.1494557168511607 -2.302224395106712e-05 -0.006220897735656163
0.1503547651441497 -2.32987423527684e-05 -0.006295611055726612
0.151259221646675 -2.357854548287861e-05 -0.006371217354670875
0.152169118891728 -2.386169245669477e-05 -0.006447727201930539
0.1530844896080017 -2.414822284374091e-05 -0.006525151289684999
0.1540053667210681 -2.443817665813177e-05 -0.006603500430247612
0.1549317833545624 -2.473159438261254e-05 -0.006682785562561537
0.1558637728313743 -2.502851698116436e-05 -0.006763017755605888
0.156801368674847 -2.532898587886275e-05 -0.006844208202953244
0.1577446046099826 -2.563304297320013e-05 -0.006926368225829114
0.1586935145646554 -2.594073066500588e-05 -0.007009509281466957
0.1596481326708324 -2.625209183812659e-05 -0.0070936429576175
0.1606084932658007 -2.656716985794445e-05 -0.007178780972148403
0.1615746308934029 -2.68860086040019e-05 -0.007264935181859847
0.1625465803052792 -2.720865246722682e-05 -0.007352117581734738
0.1635243764621181 -2.753514633465839e-05 -0.007440340300811457
0.1645080545349132 -2.786553561145997e-05 -0.007529615608132001
0.1654976499062288 -2.819986624298727e-05 -0.007619955918705083
0.1664931981714723 -2.853818469058954e-05 -0.007711373786967316
0.1674947351401746 -2.88805379392087e-05 -0.00780388190883659
0.1685022968372784 -2.92269735341998e-05 -0.007897493131661415
0.1695159195044337 -2.957753956348061e-05 -0.007992220449397526
0.1705356396013016 -2.993228465061721e-05 -0.008088077000739513
0.1715614938068656 -3.029125798773756e-05 -0.008185076078014488
0.172593519020751 -3.0654509341803e-05 -0.008283231128876722
0.1736317523645521 -3.102208903322151e-05 -0.00838255575052867
0.1746762311831677 -3.139404795459456e-05 -0.00848306369478662
0.1757269930461439 -3.177043760276358e-05 -0.008584768876740029
0.1767840757490262 -3.215131005188823e-05 -0.008687685367476959
0.1778475173147181 -3.253671795650315e-05 -0.008791827394910032
0.1789173559948495 -3.292671459243927e-05 -0.008897209354833884
0.1799936302711521 -3.332135384467196e-05 -0.009003845807641589
0.1810763788568441 -3.372069019377822e-05 -0.009111751474665206
0.1821656406980222 -3.412477874750988e-05 -0.009220941246707269
0.1832614549750625 -3.453367525813169e-05 -0.009331430188725759
0.1843638611040305 -3.494743609499821e-05 -0.00944323353242401
0.1854728987380978 -3.536611825902119e-05 -0.009556366680160007
0.1865886077689693 -3.57897794240411e-05 -0.009670845216125462
0.1877110283283176 -3.621847790969439e-05 -0.009786684899014244
0.1888402007892269 -3.665227267872961e-05 -0.009903901661297123
0.1899761657676448 -3.709122338002565e-05 -0.01002251162084586
0.1911189641238435 -3.753539034540489e-05 -0.01014253108007207
0.1922686369638894 -3.798483456852936e-05 -0.01026397652022471
0.1934252256411219 -3.843961773346195e-05 -0.01038686460910766
0.1945887717576404 -3.889980224448552e-05 -0.01051121220913723
0.1957593171658014 -3.936545119343221e-05 -0.01063703636851414
0.1969369039697233 -3.98366283690408e-05 -0.01076435432375197
0.1981215745268011 -4.031339830570987e-05 -0.01089318351285089
0.19931337144923 -4.079582625994908e-05 -0.01102354156893451
0.2005123376055381 -4.128397820035335e-05 -0.01115544631754075
0.2017185161221286 -4.177792085060528e-05 -0.01128891578824166
0.2029319503848305 -4.227772169829625e-05 -0.01142396821702699
0.2041526840404598 -4.278344896578637e-05 -0.01156062203843014
0.205380760998389 -4.32951716341775e-05 -0.01169889589200603
0.2066162254321268 -4.381295948598989e-05 -0.01183880863386283
0.2078591217809067 -4.433688306915709e-05 -0.01198037932693294
0.2091094947512857 -4.48670137001943e-05 -0.01212362724182911
0.2103673893187526 -4.540342351781771e-05 -0.01226857187133307
0.2116328507293451 -4.594618546720311e-05 -0.012415232926142
0.2129059245012778 -4.649537328110976e-05 -0.01256363032976796
0.2141866564265795 -4.705106152065303e-05 -0.01271378422955518
0.2154750925727398 -4.761332559864074e-05 -0.01286571500298582
0.2167712792843669 -4.81822417426011e-05 -0.01301944324768966
0.2180752631848539 -4.875788701284557e-05 -0.01317498978632493
0.2193870911780562 -4.934033935686678e-05 -0.01333237568127724
0.2207068104499787 -4.992967757343742e-05 -0.01349162222495874
0.2220344684704725 -5.052598130801088e-05 -0.01365275093856528
0.2233701129949433 -5.112933110846456e-05 -0.01381578358713892
0.2247137920660681 -5.173980842131886e-05 -0.01398074217854629
0.2260655540155243 -5.235749556289962e-05 -0.0141476489556863
0.2274254474657272 -5.298247575567848e-05 -0.01431652640630977
0.2287935213315797 -5.361483316772681e-05 -0.01448739727368039
0.2301698248222314 -5.425465286900174e-05 -0.01466028454476262
0.2315544074428487 -5.490202084244035e-05 -0.01483521145321951
0.2329473189963953 -5.555702404736532e-05 -0.0150122014965457
0.2343486095854241 -5.621975038870528e-05 -0.01519127842775033
0.2357583296138787 -5.689028870251707e-05 -0.01537246625144503
0.237176529788907 -5.756872881090879e-05 -0.0155557892386848
0.2386032611226849 -5.82551615340751e-05 -0.01574127193022008
0.2400385749342508 -5.894967865104065e-05 -0.01592893912588913
0.2414825228513524 -5.965237292950323e-05 -0.01611881589268204
0.2429351568123028 -6.036333818138938e-05 -0.01631092757975257
0.2443965290678495 -6.108266921529444e-05 -0.0165052998055668
0.2458666921830531 -6.181046183923184e-05 -0.01670195845864608
0.2473456990391787 -6.254681292931035e-05 -0.01690092971612444
0.2488336028355976 -6.329182040938911e-05 -0.01710224003825114
0.250330457091701 -6.404558322514023e-05 -0.01730591616138208
0.2518363156488252 -6.480820139539042e-05 -0.0175119851118529
0.2533512326721881 -6.557977604210981e-05 -0.01772047421408239
0.2548752626528374 -6.636040934262214e-05 -0.01793141107765906
0.2564084604096108 -6.715020455012528e-05 -0.01814482360288602
0.2579508810911079 -6.794926605845522e-05 -0.01836073999828106
0.2595025801776736 -6.875769937809377e-05 -0.01857918877409361
0.261063613483394 -6.957561109093812e-05 -0.0188001987300829
0.2626340371581039 -7.040310887589057e-05 -0.01902379896243265
0.2642139076894062 -7.124030175170833e-05 -0.01925001892937209
0.2658032819047042 -7.208729980061089e-05 -0.01947888837649125
0.2674022169732455 -7.294421405540948e-05 -0.0197104373062419
0.2690107704081783 -7.381115695144396e-05 -0.01994469610005657
0.2706290000686201 -7.468824208820669e-05 -0.02018169545393632
0.2722569641617388 -7.557558417405805e-05 -0.02042146636351221
0.2738947212448469 -7.647329918617388e-05 -0.02066404016726504
0.2755423302275071 -7.73815043097351e-05 -0.02090944853009369
0.2771998503736515 -7.830031791489983e-05 -0.02115772343709268
0.2788673413037137 -7.922985962950387e-05 -0.02140889721319674
0.2805448629967726 -8.017025035239814e-05 -0.02166300252678472
0.2822324757927104 -8.112161220165475e-05 -0.02192007237568431
0.283930240394383 -8.208406855053939e-05 -0.02218014009689211
0.285638217869803 -8.30577440971843e-05 -0.02244323938540028
0.2873564696543368 -8.404276480292513e-05 -0.02270940427753424
0.2890850575529139 -8.503925789357749e-05 -0.02297866915129772
0.2908240437422505 -8.604735194437001e-05 -0.0232510687493227
0.2925734907730859 -8.706717685381538e-05 -0.02352663817180901
0.294333461572432 -8.809886380845926e-05 -0.02380541286699908
0.2961040194458372 -8.914254534506906e-05 -0.02408742864798211
0.2978852280796634 -9.019835538844624e-05 -0.02437272170291144
0.2996771515433765 -9.126642918741319e-05 -0.02466132857770737
0.3014798542918515 -9.234690333955672e-05 -0.02495328618274323
0.3032934011676903 -9.343991587702151e-05 -0.02524863181602774
0.3051178574035545 -9.454560620646107e-05 -0.02554740314697911
0.3069532886245115 -9.566411509681081e-05 -0.02584963821312111
0.3087997608503953 -9.67955847644026e-05 -0.0261553754430821
0.3106573404981812 -9.794015886629249e-05 -0.02646465365479211
0.3125260943843745 -9.90979824490856e-05 -0.02677751204165466
0.3144060897274139 -0.0001002692020015537 -0.0270939901867647
0.3162973941500897 -0.0001014539655160066 -0.02741412807949199
0.3182000756819758 -0.0001026524224148508 -0.02773796609563619
0.3201142027618771 -0.00010386472356285 -0.02806554500073994
0.3220398442402905 -0.0001050910213629865 -0.02839690597599168
0.3239770693818822 -0.0001063314697059285 -0.02873209060457124
0.3259259478679787 -0.0001075862239415644 -0.0290711408639579
0.3278865497990735 -0.0001088554409592877 -0.02941409914762447
0.3298589456973481 -0.0001101392792051895 -0.02976100826968289
0.3318432065092091 -0.0001114378986151456 -0.03011191144680349
0.3338394036078401 -0.0001127514606548319 -0.03046685230902772
0.3358476087957689 -0.0001140801284026311 -0.03082587492217053
0.3378678943074497 -0.0001154240664717321 -0.03118902376677067
0.3399003328118625 -0.0001167834410079835 -0.03155634373751067
0.3419449974151257 -0.0001181584197892021 -0.03192788017005124
0.3440019616631268 -0.0001195491721916069 -0.03230367883196131
0.3460712995441669 -0.0001209558691431891 -0.03268378591011806
0.3481530854916227 -0.0001223786831943452 -0.03306824802979283
0.3502473943866234 -0.0001238177885611404 -0.03345711226634141
0.3523543015607447 -0.0001252733610444912 -0.03385042612336622
0.3544738827987177 -0.0001267455780554594 -0.03424823753955104
0.3566062143411555 -0.000128234618714117 -0.03465059491537555
0.3587513728872951 -0.0001297406637747565 -0.03505754709290618
0.3609094355977566 -0.0001312638956067703 -0.0354691433506296
0.3630804800973185 -0.0001328044982907397 -0.03588543342941692
0.3652645844777097 -0.0001343626576077508 -0.03630646752963704
0.3674618273004187 -0.0001359385609740488 -0.03673229629349922
0.369672287599519 -0.000137532397497735 -0.0371629708203733
0.3718960448845125 -0.0001391443580472582 -0.03759854268529705
0.374133179143189 -0.0001407746351606142 -0.03803906391444069
0.3763837708445035 -0.000142423423054454 -0.03848458698756795
0.3786479009414707 -0.000144090917730458 -0.0389351648667799
0.3809256508740766 -0.0001457773169126451 -0.03939085097957492
0.3832171025722083 -0.0001474828200086915 -0.03985169920839658
0.3855223384586003 -0.0001492076281964407 -0.04031776391400981
0.3878414414518001 -0.0001509519444395489 -0.04078909993972843
0.3901744949691499 -0.0001527159734046289 -0.0412657625890263
0.3925215829297878 -0.0001544999215006883 -0.04174780763619425
0.3948827897576659 -0.0001563039969682024 -0.04223529135040845
0.3972582003845871 -0.0001581284097847428 -0.04272827047023019
0.3996479002532602 -0.0001599733716561033 -0.04322680220120797
0.402051975320373 -0.0001618390961212588 -0.04373094424423876
0.4044705120596843 -0.0001637257985092283 -0.04424075478391173
0.4069035974651345 -0.0001656336958796764 -0.04475629247245815
0.4093513190539743 -0.0001675630070940735 -0.04527761644897968
0.4118137648699132 -0.0001695139528576568 -0.04580478635078678
0.4142910234862858 -0.0001714867556223391 -0.04633786228716349
0.4167831840092382 -0.000173481639606957 -0.04687690484483874
0.4192903360809331 -0.0001754988308979499 -0.04742197511519095
0.4218125698827739 -0.0001775385573602025 -0.0479731346701568
0.4243499761386489 -0.0001796010486080524 -0.04853044555439686
0.4269026461181943 -0.0001816865361002777 -0.04909397031096267
0.429470671640077 -0.000183795253120995 -0.04966377197613493
0.4320541450752978 -0.0001859274347003988 -0.05023991405800643
0.4346531593505136 -0.0001880833176659124 -0.05082246055030357
0.43726780795138 -0.000190263140706116 -0.05141147594966061
0.4398981849259138 -0.0001924671442649956 -0.05200702522704444
0.4425443848878763 -0.0001946955705420451 -0.05260917382778201
0.4452065030201759 -0.0001969486635927619 -0.05321798769871562
0.4478846350782926 -0.0001992266692536311 -0.05383353326793266
0.4505788773937215 -0.0002015298350915944 -0.05445587743111151
0.4532893268774382 -0.0002038584104814138 -0.05508508757242621
0.4560160810233846 -0.000206212646610888 -0.05572123156595588
0.458759237911976 -0.0002085927963849332 -0.05636437774976626
0.4615188962136283 -0.0002109991144537192 -0.05701459493351238
0.464295155192308 -0.0002134318572893221 -0.05767195241915115
0.4670881147091019 -0.0002158912830790897 -0.05833651997212726
0.4698978752258099 -0.0002183776517047496 -0.05900836781572798
0.4727245378085577 -0.0002208912248310739 -0.05968756665504148
0.4755682041314329 -0.000223432265850343 -0.06037418766195022
0.4784289764801414 -0.000226001039811251 -0.06106830245592037
0.4813069577556875 -0.0002285978134724078 -0.0617699831184586
0.4842022514780743 -0.0002312228553268457 -0.06247930219973426
0.487114961790028 -0.0002338764354950617 -0.06319633268967799
0.4900451934607434 -0.0002365588257292084 -0.063921148019114
0.4929930518896525 -0.000239270299488532 -0.0646538220801447
0.4959586431102161 -0.000242011131840664 -0.0653944291994781
0.4989420737937372 -0.0002447815994194139 -0.06614304412702322
0.5019434512531983 -0.0002475819804912507 -0.06689974205385395
0.504962883447121 -0.0002504125549191689 -0.06766459860244538
0.5080004789834501 -0.0002532736040748863 -0.06843768980294836
0.5110563471234592 -0.000256165410864393 -0.0692190921000934
0.5141305977856812 -0.0002590882597608214 -0.07000888236207234
0.5172233415498623 -0.0002620424366940383 -0.0708071378507049
0.520334689660939 -0.0002650282290315267 -0.07161393621627256
0.52346475403304 -0.0002680459256368177 -0.07242935551330776
0.5266136472535116 -0.0002710958167848484 -0.07325347417772241
0.5297814825869668 -0.0002741781941001823 -0.07408637101011437
0.5329683739793606 -0.0002772933505929953 -0.07492812518549122
0.5361744360620875 -0.000280441580635516 -0.07577881624690419
0.5393997841561053 -0.000283623179864309 -0.07663852407904394
0.5426445342760833 -0.0002868384451765244 -0.07750732890722695
0.5459088031345746 -0.0002900876747544858 -0.07838531130403974
0.5491927081462149 -0.0002933711679602176 -0.07927255216083871
0.5524963674319456 -0.0002966892252948465 -0.08016913267677982
0.5558198998232626 -0.0003000421484256781 -0.08107513436613525
0.5591634248664905 -0.0003034302401146968 -0.081990639038973
0.5625270628270829 -0.0003068538041427951 -0.08291572878068268
0.565910934693948 -0.0003103131453099992 -0.08385048595203672
0.5693151621838011 -0.0003138085694097799 -0.08479499318224855
0.5727398677455418 -0.0003173403831305781 -0.0857493333423638
0.5761851745646592 -0.0003209088940244984 -0.08671358953680064
0.5796512065676627 -0.0003245144105031015 -0.08768784510221321
0.5831380884265391 -0.0003281572417428637 -0.08867218358194529
0.5866459455632378 -0.0003318376976272502 -0.08966668871037786
0.5901749041541815 -0.0003355560887312327 -0.09067144440874569
0.5937250911348052 -0.0003393127262527946 -0.09168653476662898
0.5972966342041217 -0.0003431079219327054 -0.09271204402027561
0.6008896618293151 -0.0003469419880175868 -0.09374805654262094
0.6045043032503616 -0.0003508152372099404 -0.09479465682978486
0.6081406884846782 -0.000354727982578725 -0.09585192947690852
0.6117989483317994 -0.0003586805375048851 -0.09691995916343549
0.6154792143780822 -0.0003626732156284545 -0.09799883063881858
0.619181619001439 -0.0003667063307629499 -0.09908862869938775
0.6229062953760992 -0.0003707801968287493 -0.1001894381703482
0.6266533774773996 -0.00037489512778826 -0.1013013438882622
0.6304230000866031 -0.0003790514375597246 -0.1024244306777578
0.6342152987957473 -0.0003832494399453958 -0.1035587833321215
0.6380304100125211 -0.0003874894485605316 -0.1047044865941113
0.6418684709651717 -0.0003917717767315564 -0.1058616251284386
0.6457296197074404 -0.0003960967374226692 -0.1070302835019374
0.6496139951235281 -0.0004004646431658677 -0.1082105461646551
0.6535217369330918 -0.0004048758059436937 -0.1094024974181695
0.6574529856962692 -0.0004093305370982881 -0.1106062213910139
0.6614078828187353 -0.000413829147270318 -0.111821802022175
0.6653865705567885 -0.0004183719462835916 -0.1130493230299134
0.6693891920224675 -0.0004229592430100502 -0.114288867875284
0.673415891188699 -0.0004275913453204646 -0.1155405197488125
0.6774668128944764 -0.0004322685599868276 -0.1168043615441214
0.6815421028500694 -0.0004369911925009774 -0.1180804758089192
0.6856419076422656 -0.000441759547014278 -0.1193689447287015
0.6897663747396426 -0.0004465739262657643 -0.1206698501073353
0.693915652497873 -0.0004514346313919603 -0.1219832733156687
0.6980898901650602 -0.0004563419618009454 -0.1233092952575028
0.702289237887107 -0.000461296215136233 -0.1246479963598308
0.7065138467131162 -0.0004662976871166491 -0.1259994565295714
0.7107638686008243 -0.000471346671313146 -0.1273637550932609
0.7150394564220665 -0.0004764434591332763 -0.1287409707928582
0.7193407639682761 -0.000481588339709035 -0.1301311817554379
0.7236679459560159 -0.0004867815996142453 -0.1315344654168249
0.728021158032544 -0.0004920235227980025 -0.1329508985036095
0.7324005567814114 -0.0004973143905323762 -0.1343805570190165
0.736806299728095 -0.0005026544811486569 -0.1358235161716355
0.7412385453456634 -0.0005080440698326494 -0.1372798503201065
0.7456974530604773 -0.0005134834286355176 -0.1387496329760502
0.7501831832579239 -0.0005189728262813514 -0.1402329367520707
0.754695897288186 -0.0005245125278147005 -0.1417298332665143
0.7592357574720454 -0.0005301027946194451 -0.1432403931485686
0.7638029271067222 -0.0005357438843112448 -0.1447646860092011
0.7683975704717476 -0.0005414360503417784 -0.1463027803342195
0.7730198528348741 -0.0005471795418865707 -0.1478547434539615
0.7776699404580188 -0.0005529746038413449 -0.1494206415423088
0.7823480006032453 -0.0005588214764941953 -0.1510005395281044
0.7870542015387785 -0.0005647203951860095 -0.1525945010033943
0.7917887125450584 -0.0005706715903885383 -0.1542025882445228
0.7965517039208285 -0.0005766752874980098 -0.1558248621563647
0.8013433469892614 -0.0005827317063210247 -0.1574613821334078
0.8061638141041211 -0.0005888410611062071 -0.1591122060683048
0.8110132786559631 -0.0005950035604717588 -0.1607773903322987
0.8158919150783704 -0.0006012194068972044 -0.1624569896378845
0.8207998988542287 -0.0006074887965054015 -0.1641510569799071
0.8257374065220374 -0.0006138119191410791 -0.1658596436567823
0.8307046156822607 -0.0006201889579995665 -0.1675827991701751
0.8357017050037151 -0.000626620089094212 -0.1693205710810897
0.8407288542299962 -0.000633105481406017 -0.1710730050503023
0.8457862441859444 -0.000639645296690275 -0.1728401447861126
0.8508740567841485 -0.0006462396887919167 -0.1746220318593417
0.8559924750314897 -0.0006528888036301776 -0.1764187056991885
0.8611416830357236 -0.0006595927792065185 -0.1782302035953708
0.8663218660121029 -0.000666351745003876 -0.1800565605357945
0.8715332102900397 -0.0006731658215793498 -0.181897809096493
0.8767759033198074 -0.0006800351207622636 -0.1837539794951458
0.882050133679283 -0.0006869597452698776 -0.1856250994872388
0.8873560910807308 -0.0006939397879201866 -0.1875111941533532
0.8926939663776258 -0.0007009753318520823 -0.1894122859586553
0.8980639515715189 -0.0007080664503817025 -0.1913283947140808
0.9034662398189428 -0.0007152132061346553 -0.1932595373418511
0.9089010254383604 -0.0007224156509233116 -0.1952057278423155
0.9143685039171535 -0.0007296738258818622 -0.1971669773304459
0.9198688719186553 -0.0007369877607958275 -0.1991432938546618
0.9254023272892237 -0.0007443574734269986 -0.2011346822144209
0.9309690690653579 -0.0007517829698530559 -0.2031411440519883
0.9365692974808579 -0.0007592642441063163 -0.2051626777548215
0.9422032139740265 -0.0007668012771132493 -0.2071992781690145
0.9478710211949153 -0.0007743940369180886 -0.2092509366597202
0.9535729230126136 -0.0007820424786485794 -0.2113176411018953
0.9593091245225821 -0.0007897465435009335 -0.213399375606022
0.9650798320540293 -0.0007975061583933436 -0.2154961204244835
0.9708852531773335 -0.0008053212362841545 -0.217607852037538
0.9767255967115094 -0.0008131916754841651 -0.2197345429674939
0.9826010727317186 -0.0008211173586287054 -0.221876161500952
0.9885118925768263 -0.0008290981531601816 -0.2240326718191956
0.9944582688570029 -0.0008371339110387763 -0.2262040339200178
1.000440415461372 -0.0008452244674157413 -0.2283902032592289
1.006458547565703 -0.0008533696407621457 -0.2305911307854453
1.012512881640152 -0.0008615692330175484 -0.2328067629802633
1.018603635457047 -0.0008698230284745162 -0.2350370415568415
1.024731028098722 -0.0008781307930892625 -0.2372819032736266
1.030895279965397 -0.0008864922750310431 -0.2395412800828078
1.037096612783106 -0.0008949072040366131 -0.2418150989558822
1.043335249611672 -0.0009033752899749669 -0.2441032814958298
1.04961141485273 -0.0009118962234308679 -0.2464057440947909
1.055925334257799 -0.00092046967555708 -0.2487223978941369
1.062277234936404 -0.0009290952965209944 -0.2510531483647293
1.068667345364243 -0.000937772715404859 -0.2533978952799609
1.075095895391404 -0.0009465015406168908 -0.255756532826843
1.081563116250635 -0.0009552813587475505 -0.258128949296957
1.088069240565661 -0.0009641117334221622 -0.2605150267764175
1.094614502359551 -0.000972992206104979 -0.2629146413631412
1.101199137063137 -0.0009819222955604751 -0.265327663021281
1.107823381523478 -0.0009909014960209266 -0.2677539550860837
1.114487474012384 -0.0009999292777574083 -0.2701933744181803
1.121191654234987 -0.001009005087169021 -0.2726457714276965
1.127936163338358 -0.001018128345078062 -0.2751109896135861
1.134721243920186 -0.001027298446246801 -0.2775888654330587
1.141547140037501 -0.001036514760124212 -0.2800792285033545
1.148414097215454 -0.001045776629765134 -0.28258190130969
1.155322362456149 -0.001055083370142027 -0.2850966987490712
1.162272184247527 -0.001064434269182004 -0.2876234284105145
1.169263812572304 -0.001073828587414629 -0.2901618904798759
1.176297498916961 -0.001083265555809693 -0.2927118771555921
1.183373496280794 -0.001092744376169777 -0.2952731727547558
1.19049205918501 -0.001102264221565626 -0.2978455538307581
1.197653443681885 -0.001111824234587152 -0.3004287887006891
1.204857907363973 -0.001121423526325761 -0.3030226371703491
1.212105709373372 -0.001131061177506484 -0.3056268508401648
1.219397110411042 -0.001140736237569963 -0.3082411728571309
1.22673237274619 -0.001150447722431778 -0.3108653373093506
1.234111760225694 -0.001160194615657466 -0.3134990695435429
1.241535538283603 -0.001169975868402365 -0.3161420861487859
1.249003973950675 -0.001179790397035293 -0.3187940943144055
1.256517335863991 -0.00118963708316327 -0.3214547918366559
1.264075894276612 -0.001199514774514592 -0.3241238673573372
1.271679921067302 -0.001209422283279157 -0.3268009999153308
1.279329689750306 -0.001219358384444969 -0.329485858497102
1.287025475485191 -0.001229321817319946 -0.3321781024479109
1.294767555086741 -0.001239311284874693 -0.3348773812942223
1.302556207034913 -0.001249325451045658 -0.3375833340149845
1.310391711484858 -0.001259362941860874 -0.3402955893458188
1.318274350276994 -0.001269422345805883 -0.3430137658778964
1.326204406947145 -0.001279502211393504 -0.3457374714012603
1.334182166736741 -0.001289601046633244 -0.3484663027614521
1.342207916603075 -0.001299717320438326 -0.3511998462397106
1.350281945229628 -0.001309849461204628 -0.3539376771689808
1.358404543036452 -0.001319995854470694 -0.3566793593016219
1.366576002190616 -0.001330154844759643 -0.3594244453071129
1.374796616616712 -0.001340324735293371 -0.3621724766948269
1.383066682007434 -0.001350503785020306 -0.3649229830108929
1.391386495834208 -0.001360690209462228 -0.3676754820670178
1.399756357357896 -0.001370882181635669 -0.3704294801894593
1.408176567639557 -0.001381077829759732 -0.373184471599651
1.416647429551278 -0.001391275236038461 -0.3759399380851833
1.425169247787069 -0.001401472438613994 -0.3786953495275686
1.433742328873819 -0.001411667430524778 -0.3814501636207401
1.442366981182327 -0.001421858156792886 -0.3842038250840061
1.45104351493839 -0.001432042516417335 -0.3869557662006717
1.459772242233963 -0.001442218362591097 -0.3897054068766754
1.468553477038385 -0.00145238349969178 -0.3924521538274368
1.477387535209671 -0.001462535683634828 -0.3951954006732918
1.486274734505876 -0.001472672623442202 -0.3979345283633733
1.495215394596523 -0.001482791979295789 -0.4006689046496154
1.504209837074101 -0.001492891360603886 -0.4033978835642947
1.513258385465633 -0.001502968328446538 -0.4061208060807912
1.522361365244312 -0.001513020395031478 -0.4088369999665754
1.531519103841213 -0.001523045020469883 -0.411545778911978
1.540731930657063 -0.001533039614660471 -0.4142464430392969
1.550000177074097 -0.001543001538149418 -0.4169382791351566
1.55932417646797 -0.001552928099357109 -0.4196205599011421
1.568704264219756 -0.001562816554295534 -0.4222925438774361
1.578140777728008 -0.001572664108809071 -0.4249534760483064
1.587634056420891 -0.001582467917167954 -0.4276025874620421
1.597184441768398 -0.001592225079546926 -0.4302390945496565
1.606792277294626 -0.001601932644809597 -0.4328621998772537
1.616457908590138 -0.001611587610574154 -0.4354710921637845
1.626181683324388 -0.001621186920029421 -0.4380649454207068
1.635963951258232 -0.001630727463462863 -0.4406429193648703
1.645805064256506 -0.001640206079854231 -0.4432041598491404
1.655705376300682 -0.001649619554617436 -0.4457477982522233
1.665665243501602 -0.001658964618679089 -0.4482729512296768
1.675685024112287 -0.00166823795132352 -0.4507787214826697
1.685765078540822 -0.001677436179474694 -0.4532641975639462
1.695905769363321 -0.001686555874908448 -0.4557284531245376
1.70610746133697 -0.001695593557124078 -0.4581705476897023
1.716370521413142 -0.001704545694123336 -0.4605895268694181
1.726695318750602 -0.001713408699654702 -0.4629844216137519
1.737082224728785 -0.001722178934237228 -0.4653542484895147
1.747531612961148 -0.001730852707487368 -0.4676980103090001
1.758043859308618 -0.001739426276626859 -0.4700146957267951
1.768619341893104 -0.001747895845110247 -0.4723032788689195
1.779258441111101 -0.001756257565900642 -0.4745627202179782
1.789961539647373 -0.001764507541522465 -0.4767919666274117
1.800729022488719 -0.001772641821499917 -0.4789899506293396
1.811561276937818 -0.00178065640503282 -0.4811555911576058
1.822458692627162 -0.001788547242540993 -0.4832877939650888
1.83342166153307 -0.001796310233699638 -0.4853854510928378
1.844450577989788 -0.001803941228009327 -0.4874474410240908
1.855545838703674 -0.001811436027727826 -0.4894726294764895
1.866707842767465 -0.001818790387310234 -0.4914598692507984
1.877936991674634 -0.001826000012003633 -0.4934079998511614
1.88923368933383 -0.001833060561284795 -0.4953158484140134
1.90059834208341 -0.001839967649710276 -0.4971822299377858
1.912031358706049 -0.001846716845107101 -0.4990059467940076
1.923533150443451 -0.00185330367090667 -0.5007857893579551
1.935104131011135 -0.00185972360838037 -0.5025205366127441
1.946744716613318 -0.001865972095757025 -0.5042089559108514
1.958455325957888 -0.001872044528629339 -0.5058498030839416
1.970236380271462 -0.001877936263235286 -0.5074418233295408
1.982088303314539 -0.001883642616881136 -0.5089837513253421
1.994011521396743 -0.001889158867114289 -0.5104743110056962
2.006006463392153 -0.001894480255025636 -0.511912216453949
2.018073560754737 -0.001899601986841603 -0.5132961723326335
2.030213247533863 -0.001904519233328766 -0.514624873722588
2.042425960389917 -0.001909227131883303 -0.515897006687553
2.05471213861001 -0.001913720789217306 -0.5171112490000457
2.067072224123773 -0.001917995281714675 -0.5182662702375272
2.079506661519261 -0.001922045656227438 -0.519360731997578
2.092015898058938 -0.001925866933350755 -0.5203932887828455
2.104600383695769 -0.001929454108744363 -0.521362588358114
2.117260571089404 -0.001932802153558959 -0.5222672718655195
2.129996915622458 -0.001935906017433439 -0.5231059746344408
2.142809875416892 -0.001938760630622298 -0.523877326756349
2.155699911350493 -0.001941360904917966 -0.5245799533340357
2.16866748707345 -0.00194370173591325 -0.5252124750929515
2.181713069025031 -0.001945778005728075 -0.525773509118006
2.194837126450363 -0.001947584584566821 -0.5262616692743803
2.208040131417308 -0.001949116332663787 -0.5266755667332147
2.221322558833443 -0.001950368103182251 -0.5270138107549713
2.234684886463145 -0.001951334744212764 -0.5272750092293986
2.248127594944775 -0.00195201110098608 -0.5274577692734915
2.261651167807962 -0.001952392018712994 -0.5275606979988525
2.275256091491004 -0.001952472344823985 -0.5275824031168695
2.288942855358358 -0.001952246931484024 -0.5275214936182503
2.302711951718243 -0.001951710638747673 -0.5273765806255678
2.316563875840352 -0.001950858336801415 -0.5271462779991671
2.330499125973664 -0.001949684908476633 -0.5268292030162026
2.344518203364364 -0.001948185253129749 -0.5264239774191006
2.358621612273878 -0.001946354288954726 -0.5259292280404269
2.372809859997005 -0.001944186955246487 -0.5253435874144889
2.387083456880169 -0.001941678216655916 -0.5246656949270926
2.401442916339774 -0.001938823066408968 -0.5238941976853837
2.415888754880671 -0.001935616528028563 -0.5230277509831268
2.430421492114737 -0.001932053659225795 -0.5220650193521578
2.445041650779565 -0.001928129556866967 -0.5210046779045386
2.459749756757268 -0.00192383935820607 -0.5198454126655889
2.474546339093393 -0.00191917824391092 -0.5185859213915862
2.489431930015952 -0.001914141444415937 -0.5172249152863651
2.504407064954564 -0.001908724241819932 -0.5157611195141238
2.519472282559719 -0.00190292197175093 -0.5141932737033227
2.534628124722145 -0.001896730029550873 -0.5125201336178682
2.549875136592308 -0.001890143874753423 -0.5107404723670699
2.565213866600017 -0.00188315903153681 -0.5088530805280076
2.580644866474148 -0.00187577109347728 -0.5068567674299717
2.596168691262497 -0.001867975731203568 -0.5047503632227959
2.611785899351737 -0.001859768692295597 -0.5025327188494865
2.627497052487508 -0.001851145804170297 -0.5002027068260055
2.64330271579462 -0.001842102982986588 -0.4977592236475089
2.659203457797384 -0.001832636235776195 -0.4952011903641185
2.675199850440056 -0.001822741661019587 -0.4925275527365487
2.691292469107416 -0.001812415456234062 -0.4897372832865018
2.707481892645458 -0.001801653924758945 -0.4868293831301123
2.723768703382218 -0.001790453474221544 -0.4838028815634299
2.740153487148712 -0.001778810621399031 -0.4806568373761607
2.756636833300016 -0.001766722003030131 -0.4773903417731193
2.77321933473646 -0.001754184374520234 -0.4740025180243357
2.789901587924954 -0.001741194611781161 -0.470492521962181
2.806684192920446 -0.001727749722227371 -0.4668595449526814
2.823567753387507 -0.001713846848154651 -0.4631028148084816
2.840552876622036 -0.001699483265049277 -0.4592215953319592
2.857640173573115 -0.001684656389672199 -0.4552151884996726
2.874830258864976 -0.001669363790046964 -0.4510829371612228
2.892123750819116 -0.001653603181484927 -0.4468242239652141
2.909521271476531 -0.001637372430646739 -0.4424384724567212
2.927023446620097 -0.001620669569237431 -0.4379251507778703
2.944630905797074 -0.001603492792286892 -0.4332837712032035
2.962344282341753 -0.001585840457816587 -0.4285138900496214
2.980164213398238 -0.001567711098935322 -0.42361511094481
2.998091339943359 -0.001549103429586242 -0.4185870863801513
3.016126306809736 -0.001530016339737459 -0.4134295164111712
3.034269762708964 -0.001510448902797037 -0.4081421506611603
3.052522360254954 -0.001490400389129066 -0.4027247919733871
3.070884755987404 -0.001469870259721238 -0.397177294699996
3.089357610395416 -0.001448858168379805 -0.3914995652951148
3.107941587941251 -0.001427363977291148 -0.3856915665197833
3.126637357084233 -0.001405387756045678 -0.3797533171781984
3.14544559030479 -0.001382929778014043 -0.3736848911385231
3.164366964128648 -0.001359990532132378 -0.3674864205174048
3.183402159151157 -0.001336570731837259 -0.3611580980943133
3.202551860061779 -0.001312671306673897 -0.3547001750439689
3.221816755668715 -0.001288293407833788 -0.3481129624326866
3.241197538923678 -0.001263438424524243 -0.3413968356416249
3.260694906946819 -0.001238107976117759 -0.3345522322454494
3.280309561051807 -0.001212303911306444 -0.327579651783848
3.300042206771049 -0.001186028323909149 -0.320479660032814
3.319893553881069 -0.001159283553815334 -0.3132528892596919
3.339864316428041 -0.001132072179258304 -0.3059000361353085
3.359955212753471 -0.001104397026696255 -0.2984218644039553
3.380166965520037 -0.001076261182991916 -0.2908192081744793
3.400500301737581 -0.001047667983616553 -0.2830929687328578
3.42095595278926 -0.001018621015234166 -0.2752441152404819
3.441534654457853 -0.0009891241331868084 -0.2672736894589057
3.46223714695223 -0.0009591814534715645 -0.2591828035819273
3.483064174933973 -0.0009287973479672246 -0.2509726389457765
3.504016487544163 -0.0008979764586643606 -0.2426444498742587
3.525094838430328 -0.0008667237004580474 -0.2341995644333826
3.546299985773546 -0.0008350442496784389 -0.2256393813321797
3.567632692315724 -0.0008029435509526806 -0.2169653717768776
3.589093725387028 -0.0007704273311149994 -0.2081790832295811
3.610683856933487 -0.0007375015850307064 -0.1992821355777396
3.632403863544755 -0.000704172574291176 -0.1902762207815151
3.654254526482051 -0.0006704468434389503 -0.1811631072580075
3.676236631706256 -0.0006363312136502176 -0.1719446381741816
3.698350969906183 -0.0006018327723518724 -0.1626227286412668
3.720598336527025 -0.0005669588838263666 -0.1531993685803207
3.742979531798957 -0.0005317172004791541 -0.143676625766833
3.765495360765927 -0.000496115635388517 -0.1340566384133459
3.788146633314612 -0.0004601623657510147 -0.1243416161004576
3.810934164203546 -0.0004238658691105592 -0.1145338495663707
3.833858773092431 -0.0003872348853887546 -0.1046357004470157
3.856921284571616 -0.0003502784116323903 -0.09464959985675818
3.880122528191761 -0.0003130057256171152 -0.08457805476640654
3.903463338493672 -0.000275426375408598 -0.07442364518250677
3.926944555038322 -0.000237550165916717 -0.06418902051411687
3.950567022437048 -0.0001993871651839479 -0.05387690127200784
3.974331590381932 -0.0001609477101816355 -0.0434900806348884
3.998239113676364 -0.0001222423894506313 -0.03303141975868875
4.02229045226579 -8.328204080834456e-05 -0.02250384715697709
4.046486471268643 -4.407776197823929e-05 -0.01191036157318237
4.070828041007458 -4.640896821176078e-06 -0.001254028260131
4.095316037040186 3.50169746456728e-05 0.009462023716966916
4.119951340191675 7.488402920783545e-05 0.02023459957795473
4.144734836585366 0.0001149482040314985 0.03106043979453819
4.169667417675155 0.0001551972130330975 0.04193622451355322
4.194749980277468 0.0001956185469475128 0.05285857357539315
4.219983426603512 0.0002361994689093452 0.06382404532001433
4.24536866429173 0.0002769270320093718 0.07482914133090973
4.270906606440451 0.000317788085928365 0.08587030822764945
4.296598171640729 0.0003587692718889673 0.0969439363018146
4.322444284009386 0.0003998570350745906 0.1080463628727385
4.348445873222255 0.0004410376371976256 0.1191738756835943
4.374603874547618 0.0004822971555720293 0.130322712650796
4.400919228879844 0.0005236214881464341 0.1414890632240076
4.42739288277324 0.0005649963701116538 0.1526690728736989
4.454025788476091 0.0006064073786564138 0.1638588443762024
4.480818903964917 0.0006478399331347458 0.1750544378589463
4.50777319297893 0.0006892793113965395 0.1862518752131727
4.534889625054696 0.0007307106594924996 0.1974471427163386
4.562169175561013 0.0007721189933232386 0.2086361914777213
4.589612825733993 0.0008134892099741637 0.2198149405012463
4.617221562712357 0.0008548061013763842 0.2309792803768348
4.644996379572944 0.0008960543596440955 0.2421250747226319
4.672938275366425 0.0009372185842850526 0.2532481621333664
4.701048255153248 0.0009782832973465685 0.2643443602729884
4.729327330039782 0.001019232951815356 0.2754094681444118
4.757776517214689 0.001060051938484842 0.2864392679451482
4.786396839985513 0.00110072459973832 0.2974295287916867
4.815189327815487 0.001141235240052734 0.3083760095577475
4.844155016360561 0.001181568134530062 0.3192744611795689
4.873294947506656 0.00122170754119363 0.3301206299785227
4.902610169407141 0.001261637712350218 0.3409102607313003
4.932101736520533 0.001301342904157893 0.351639099255258
4.961770709648425 0.001340807389582352 0.3623028959093836
4.991618155973645 0.001380015469474298 0.3728974085875419
5.021645149098641 0.001418951482025334 0.3834184052735748
5.051852769084097 0.001457599816973079 0.3938616678797016
5.082242102487784 0.001495944927579476 0.4042229954832065
5.112814242403641 0.001533971338808969 0.4144982065362854
5.1435702885011 0.001571663660953308 0.4246831425476369
5.174511347064628 0.001609006605385338 0.4347736723393335
5.205638531033534 0.001645984990757579 0.4447656937217552
5.23695296004199 0.001682583754079252 0.4546551364867409
5.26845576045931 0.001718787970633376 0.4644379677894348
5.300148065430462 0.001754582860332163 0.4741101938655956
5.332031014916829 0.001789953795182528 0.4836678620488693
5.364105755737212 0.001824886319202977 0.4931070661525809
5.39637344160908 0.001859366160628489 0.5024239497676469
5.42883523319007 0.001893379234516317 0.5116147069666944
5.461492298119737 0.001926911658382632 0.5206755865292774
5.494345811061548 0.001959949773341436 0.5296028976538752
5.52739695374514 0.001992480143296508 0.5383930097395473
5.560646915008824 0.00202448956440055 0.5470423549419107
5.594096890842349 0.00205596509085205 0.5555474351437754
5.627748084429916 0.00208689403778657 0.5639048227364071
5.661601706193463 0.002117263983412023 0.5721111611965041
5.695658973836199 0.002147062791384266 0.5801631711323638
5.729921112386407 0.002176278625567098 0.5880576542722169
5.764389354241504 0.002204899944560421 0.5957914919856691
5.799064939212376 0.002232915515726825 0.6033616490738583
5.833949114567966 0.002260314441946241 0.610765180998898
5.869043135080146 0.002287086153748806 0.6179992317580768
5.904348263068843 0.002313220414029316 0.6250610351577639
5.939865768447451 0.002338707346615088 0.631947922532802
5.975596928768503 0.002363537438103319 0.6386573232429839
6.01154302926963 0.002387701531953642 0.6451867630767883
6.047705362919785 0.002411190849298082 0.6515338698744887
6.084085230465758 0.002433997007537689 0.6576963785531968
6.120683940478954 0.002456112006023218 0.663672127237603
6.15750280940247 0.002477528235269091 0.6694590597497037
6.194543161598441 0.002498238506829001 0.6750552336815632
6.231806329395683 0.002518236040688555 0.6804588169886474
6.269293653137611 0.002537514462565417 0.6856680872602898
6.307006481230453 0.002556067830906826 0.6906814390147576
6.344946170191752 0.002573890640161582 0.6954973845833825
6.383114084699157 0.002590977805552721 0.7001145499959482
6.421511597639515 0.002607324678506507 0.7045316791497965
6.460140090158249 0.002622927068617332 0.7087476397450173
6.499000951709037 0.002637781221699788 0.712761417353844
6.538095580103793 0.0026518838219401 0.7165721160019985
6.577425381562945 0.002665232020747964 0.7201789659648181
6.616991770766014 0.00267782342272963 0.7235813199770063
6.656796170902505 0.002689656074153956 0.7267786501160165
6.696840013723089 0.002700728484266982 0.7297705535615183
6.737124739591115 0.002711039631094707 0.7325567541633776
6.777651797534409 0.002720588937770324 0.7351370960449812
6.818422645297399 0.002729376280132685 0.7375115456564366
6.859438749393552 0.002737402009222219 0.7396801978532509
6.900701585158119 0.002744666925009568 0.741643268797478
6.942212636801205 0.002751172270497875 0.743401094364086
6.983973397461158 0.002756919755097732 0.7449541364571576
7.025985369258271 0.002761911542042104 0.7463029796092469
7.068250063348816 0.002766150228614488 0.7474483256387798
7.110768999979402 0.002769638858913491 0.7483909970992046
7.153543708541653 0.00277238093134946 0.7491319393046727
7.196575727627224 0.002774380369432761 0.7496722124366674
7.239866605083138 0.002775641520988527 0.7500129913318203
7.28341789806747 0.002776169176909051 0.7501555705490406
7.327231173105349 0.002775968544846999 0.7501013572610929
7.37130800614531 0.00277504523578228 0.7498518676247989
7.41564998261598 0.002773405278703808 0.7494087307482319
7.460258697483103 0.00277105511066041 0.7487736860023479
7.505135755306914 0.002768001551426511 0.7479485761753375
7.550282770299852 0.002764251806907556 0.7469353483928139
7.59570136638462 0.002759813475732997 0.7457360558993198
7.641393177252606 0.002754694518778345 0.7443528498228054
7.687359846422636 0.00274890325116869 0.7427879770138794
7.733603027300095 0.002742448353546381 0.7410437830904781
7.780124383236402 0.002735338849048218 0.7391227062168134
7.826925587588838 0.002727584084680682 0.7370272720707292
7.874008323780734 0.002719193736230449 0.7347600951705817
7.921374285362025 0.002710177800141748 0.7323238766804018
7.969025176070168 0.00270054656677824 0.7297213971849205
8.016962709891423 0.00269031061586097 0.7269555154568459
8.065188611122505 0.002679480818848928 0.7240291691001214
8.113704614432605 0.002668068311566827 0.7209453671536089
8.162512464925786 0.002656084481496345 0.7177071866570247
8.211613918203758 0.002643540969940555 0.714317773235794
8.26101074042902 0.002630449653386924 0.7107803360651022
8.310704708388393 0.002616822623545749 0.7070981424760296
8.360697609556926 0.00260267218374793 0.7032745169821859
8.410991242162195 0.002588010840452731 0.6993128389850004
8.461587415248985 0.002572851279592242 0.6952165363817007
8.512487948744354 0.002557206357065384 0.6909890829966738
8.563694673523104 0.002541089094524345 0.6866339974429098
8.615209431473632 0.002524512658020798 0.6821548373519415
8.667034075564182 0.002507490344042654 0.6775551956008012
8.719170469909495 0.002490035573479034 0.6728386986812821
8.771620489837867 0.00247216187636736 0.6680090025784111
8.824386021958594 0.002453882874923079 0.6630697881848673
8.877468964229841 0.002435212274520509 0.6580247588638959
8.930871226026907 0.002416163852486617 0.6528776374212458
8.984594728210904 0.002396751441033356 0.6476321614932741
9.038641403197854 0.002376988916453701 0.6422920806275803
9.09301319502819 0.002356890188273072 0.6368611533515862
9.147712059436689 0.002336469184273834 0.6313431431259672
9.202739963922818 0.002315739839155619 0.6257418152805309
9.258098887821502 0.002294716083193235 0.6200609339494422
9.313790822374321 0.002273411828259347 0.6143042582943776
9.369817770801134 0.002251840957391723 0.6084755396854641
9.426181748372137 0.002230017314241954 0.6025785188501918
9.482884782480346 0.002207954688035727 0.5966169218094922
9.539928912714528 0.002185666804496383 0.5905944574251702
9.597316190932558 0.002163167317246697 0.5845148150765577
9.655048681335227 0.002140469792544282 0.578381660535829
9.713128460540494 0.002117587699013066 0.5721986331933174
9.771557617658175 0.002094534402079621 0.5659693445541434
9.830338254365088 0.002071323151182265 0.559697374781952
9.889472484980656 0.002047967065920375 0.5533862689562858
9.948962436542953 0.002024479132381738 0.5470395360801895
10.00881024888521 0.00200087219464734 0.5406606467846966
10.06901807471279 0.001977158939060458 0.5342530290781421
10.12958807968063 0.001953351890234858 0.5278200672675293
10.1905224424711 0.001929463407410794 0.5213651009738725
10.25182335487242 0.00190550566875776 0.514891420890607
10.31349302185747 0.001881490663027915 0.5084022665282394
10.3755336616631 0.001857430191706925 0.5019008267955312
10.43794750586993 0.001833335858312903 0.4953902371079405
10.50073679948262 0.001809219052744507 0.4888735751582811
10.56390380101059 0.001785090956353863 0.4823538622874905
10.62745078254932 0.001760962537864406 0.4758340623815796
10.69138002986203 0.001736844535707844 0.4693170770988588
10.7556938424619 0.001712747459283095 0.4628057462101207
10.82039453369479 0.001688681591972621 0.4563028484136878
10.88548443082247 0.001664656977356301 0.449811097610233
10.95096587510631 0.001640683411206448 0.4433331407397292
11.01684122189147 0.001616770451026566 0.4368715603589442
11.08311284069168 0.001592927409691294 0.4304288729228711
11.14978311527443 0.001569163339255384 0.4240075244097141
11.21685444374672 0.001545487041818253 0.4176098932566245
11.28432923864131 0.001521907070796845 0.411238290703646
11.35220992700354 0.001498431715005401 0.4048949564918674
11.42049895047856 0.001475069001740864 0.3985820596971393
11.48919876539923 0.001451826706058494 0.3923017012364599
11.55831184287442 0.001428712341298095 0.3860559113080446
11.62784066887791 0.001405733150895068 0.3798466471785688
11.69778774433782 0.001382896123122203 0.373675797166585
11.76815558522656 0.001360207989776745 0.367545180287752
11.83894672265132 0.001337675211734835 0.3614565423514635
11.91016370294514 0.001315303991555933 0.3554115593667205
11.98180908775847 0.0012931002800724 0.3494118393227207
12.05388545415131 0.001271069764907109 0.3434589190861708
12.12639539468595 0.001249217872680768 0.3375542649977343
12.19934151752018 0.001227549783027576 0.3316992766592372
12.27272644650111 0.001206070424414908 0.3258952858040928
12.34655282125957 0.001184784465881893 0.3201435540649648
12.42082329730504 0.001163696334104479 0.3144452775849584
12.49554054612116 0.001142810216599673 0.3088015878834482
12.57070725526186 0.001122130050696351 0.3032135488758516
12.64632612844798 0.001101659535677737 0.2976821601546791
12.72239988566455 0.001081402141824433 0.2922083594330743
12.79893126325863 0.001061361103947803 0.2867930207974523
12.87592301403773 0.001041539431984398 0.2814369575702468
12.95337790736882 0.001021939909046469 0.2761409217831337
13.03129872927796 0.001002565089997513 0.2709056037921255
13.10968828255048 0.0009834173245738737 0.2657316385253178
13.18854938683184 0.0009644987515493671 0.2606196039060972
13.26788487872902 0.0009458113025472578 0.2555700218831848
13.34769761191256 0.0009273567033454475 0.2505833587833151
13.42799045721921 0.0009091364799976254 0.2456600269652469
13.50876630275517 0.0008911519711039792 0.2408003881354627
13.59002805400002 0.0008734043263091989 0.2360047529423102
13.67177863391118 0.0008558945060086202 0.2312733808965993
13.7540209830291 0.0008386232967267081 0.2266064845270597
13.83675805958297 0.0008215913145056758 0.2220042302959883
13.91999283959716 0.0008047990005166523 0.217466737413332
14.00372831699829 0.0007882466340481209 0.2129940813463258
14.08796750372286 0.0007719343405392983 0.208586295990212
14.17271342982564 0.0007558620888776758 0.2042433729380024
14.25796914358864 0.0007400296973199426 0.1999652630803853
14.34373771163077 0.000724436845401746 0.195751879823892
14.43002221901811 0.0007090830751510648 0.1916030994187647
14.51682576937491 0.0006939677908023678 0.1875187608817191
14.60415148499523 0.0006790902716002677 0.1834986694556514
14.69200250695523 0.000664449676577093 0.1795425979005975
14.78038199522615 0.0006500450427707196 0.1756502860121697
14.86929312878798 0.0006358752944322754 0.1718214431095924
14.95873910574384 0.0006219392509428984 0.1680557501749099
15.04872314343496 0.0006082356269609368 0.164352859892761
15.13924847855642 0.000594763036207872 0.160712397673383
15.2303183672736 0.000581520001337472 0.1571339643193803
15.3219360853393 0.0005685049566817122 0.1536171367677059
15.41410492821153 0.0005557162486099158 0.1501614681867066
15.50682821117208 0.0005431521447526503 0.1467664904685337
15.60010926944577 0.0005308108388016454 0.1434317155261421
15.69395145832038 0.0005186904508129686 0.1401566353752109
15.7883581532674 0.0005067890331321474 0.1369407237351866
15.88333275006339 0.0004951045768811982 0.1337834377821579
15.97887866491215 0.0004836350136259799 0.1306842185993968
16.07499933456759 0.0004723782180178619 0.1276424918911695
16.17169821645737 0.0004613320147816032 0.1246576698709487
16.26897878880723 0.0004504941816753469 0.1217291520612413
16.36684455076612 0.0004398624507375681 0.1188563256305289
16.46529902253208 0.0004294345140566017 0.1160385669522667
16.56434574547881 0.000419208027648247 0.1132752426526602
16.66398828228309 0.0004091806129517972 0.1105657100149115
16.76423021705294 0.0003993498605266114 0.1079093179780787
16.86507515545651 0.0003897133344125169 0.1053054083153118
16.96652672485178 0.0003802685741756779 0.1027533161866709
17.06858857441703 0.0003710130971856782 0.1002523707544235
17.17126437528214 0.0003619444027071877 0.09780189628866305
17.27455782066058 0.0003530599742669848 0.09540121280690819
17.37847262598229 0.0003443572815168721 0.09304963657748604
17.48301252902732 0.000335833783428879 0.09074648098291557
17.58818129006027 0.0003274869307562949 0.08849105718490971
17.69398269196554 0.0003193141678833553 0.08628267462418332
17.80042054038342 0.000311312935270892 0.08412064168129879
17.90749866384694 0.000303480671699723 0.08200426628285772
18.01522091391964 0.000295814815986769 0.07993285636521708
18.12359116533404 0.0002883128091628272 0.07790572046295098
18.23261331613107 0.0002809720963134333 0.07592216820627447
18.34229128780023 0.0002737901279980424 0.07398151070452391
18.45262902542071 0.0002667643622597578 0.07208306108921092
18.56363049780323 0.0002598922663159946 0.07022613497086064
18.67529969763284 0.0002531713175272753 0.06841005070079247
18.78764064161249 0.0002465990050158443 0.06663412980848994
18.90065737060757 0.0002401728316033871 0.06489769752519654
19.0143539497912 0.0002338903143051185 0.06320008291742465
19.12873446879051 0.0002277489853840543 0.06154061917183276
19.24380304183367 0.0002217463944758532 0.05991864416938441
19.35956380789796 0.0002158801090165188 0.05833350060091856
19.47602093085858 0.0002101477146540031 0.05678453607836995
19.59317859963845 0.0002045468170492071 0.05527110362142207
19.71104102835891 0.0001990750429006928 0.05379256193439694
19.82961245649123 0.0001937300396639286 0.05234827533039195
19.94889714900919 0.0001885094766606882 0.05093761403105309
20.06889939654243 0.000183411046866583 0.04955995464958864
20.18962351553079 0.0001784324662512366 0.048214680012476
20.31107384837959 0.0001735714741304387 0.04690117925461818
20.4332547636158 0.0001688258351042537 0.04561884834304487
20.55617065604522 0.0001641933388620786 0.04436709002423653
20.67982594691049 0.0001596717997189041 0.04314531369881665
20.80422508405019 0.0001552590579957798 0.04195293579457041
20.92937254205879 0.0001509529809159106 0.04078938000858119
21.05527282244758 0.0001467514614607523 0.0396540769981334
21.18193045380665 0.0001426524189082005 0.0385464645261378
21.30934999196772 0.0001386538005263163 0.03746598791879719
21.43753602016806 0.0001347535804262267 0.03641209975564602
21.5664931492153 0.0001309497592859436 0.03538425979492268
21.69622601765332 0.0001272403659199383 0.03438193539768812
21.82673929192908 0.0001236234570584613 0.03340460146819539
21.95803766656046 0.0001200971162421019 0.03245174015518575
22.09012586430514 0.0001166594547074048 0.03152284109119339
22.22300863633048 0.0001133086123706491 0.03061740165837485
22.35669076238438 0.0001100427562275329 0.02973492655608367
22.49117705096725 0.0001068600804113944 0.02887492781660261
22.62647233950495 0.0001037588077537395 0.02803692522681755
22.76258149452277 0.0001007371885566165 0.02722044599649792
22.89950941182054 9.779349984546164e-05 0.02642502455640624
23.03726101664865 9.492604658022593e-05 0.0256502028855596
23.17584126388527 9.213316161654864e-05 0.02489553050073836
23.31525513821456 8.941320422392406e-05 0.02416056405607626
23.45550765430593 8.67645605280143e-05 0.02344486746257885
23.59660385699449 8.418564459176453e-05 0.02274801218025438
23.73854882146243 8.167489671686797e-05 0.02206957675914837
23.88134765342164 7.923078312293149e-05 0.02140914675265019
24.02500548929732 7.685179726190313e-05 0.02076631507266778
24.16952749641275 7.453645885401433e-05 0.02014068172912719
24.31491887317515 7.228331280471164e-05 0.01953185353731403
24.46118484926266 7.009093001355213e-05 0.01893944433644707
24.60833068581249 6.795790763474582e-05 0.01836307506008012
24.7563616756101 6.588286744022556e-05 0.01780237329378299
24.90528314327963 6.386445589574617e-05 0.01725697329570453
25.05510044547539 6.19013452540917e-05 0.01672651629197076
25.20581897107455 5.999223201706334e-05 0.01621065006109492
25.357444141371 5.813583633156928e-05 0.01570902877079336
25.5099814102703 5.633090301293142e-05 0.01522131325449573
25.66343626448592 5.457620095664531e-05 0.01474717085239528
25.81781422373652 5.287052186246815e-05 0.01428627506668144
25.97312084094457 5.121268068330284e-05 0.01383830568283391
26.12936170243603 4.960151613752283e-05 0.01340294890805924
26.28654242814131 4.803588909852694e-05 0.0129798969361284
26.44466867179741 4.651468240085647e-05 0.01256884789498728
26.6037461211513 4.503680182938423e-05 0.01216950611404782
26.76378049816449 4.360117490565359e-05 0.01178158179624174
26.92477755921884 4.220675008109914e-05 0.01140479080001865
27.08674309532363 4.085249745690506e-05 0.0110388548338608
27.24968293232387 3.953740857225959e-05 0.01068350139906678
27.41360293110984 3.826049506507e-05 0.01033846342785997
27.57850898782788 3.702078882640089e-05 0.01000347932511971
27.74440703409252 3.581734264603843e-05 0.009678293142820836
27.91130303719981 3.464922877357194e-05 0.009362654191219922
28.07920300034196 3.351553853434676e-05 0.009056316935080973
28.24811296282329 3.241538313668233e-05 0.008759041211795828
28.41803900027744 3.134789283024661e-05 0.008470592003966411
28.58898722488593 3.031221598752458e-05 0.008190739191206064
28.76096378559799 2.930751955082769e-05 0.007919257670927075
28.93397486835177 2.833298909734819e-05 0.007655927375919164
29.1080266962968 2.738782755585466e-05 0.007400532927584605
29.28312553001787 2.647125514994243e-05 0.007152863620603779
29.4592776677602 2.558251004858056e-05 0.006912713598721081
29.63648944565603 2.472084719237691e-05 0.006679881537587101
29.81476723795246 2.388553777835256e-05 0.006454170505538223
29.99411745724076 2.307586985860993e-05 0.006235388125364248
30.17454655468706 2.229114784645177e-05 0.006023346440855558
30.35606102026435 2.153069156145301e-05 0.005817861658769625
30.53866738298595 2.079383644500882e-05 0.005618754207074765
30.72237221114033 2.007993381544794e-05 0.00542584880388498
30.90718211252742 1.938834971203141e-05 0.005238974145093942
31.09310373469621 1.871846469057735e-05 0.00505796284915029
31.28014376518396 1.806967439395089e-05 0.004882651611211116
31.46830893175665 1.744138868332387e-05 0.004712880968397492
31.65760600265105 1.683303104116059e-05 0.004548495138473765
31.84804178681812 1.624403896728771e-05 0.004389342126870594
32.03962313416796 1.567386376959569e-05 0.004235273670129861
32.23235693581619 1.512196963936398e-05 0.004086144986045995
32.42625012433181 1.45878336888352e-05 0.003941814783818985
32.62130967398656 1.407094629635041e-05 0.003802145357314243
32.81754260100581 1.35708101338754e-05 0.003667002322288051
33.01495596382091 1.30869398670422e-05 0.003536254535335058
33.21355686332307 1.261886260062037e-05 0.003409774214260156
33.4133524431188 1.216611730095282e-05 0.003287436782013448
33.61434988978685 1.172825416817792e-05 0.003169120697056819
33.81655643313671 1.130483485718956e-05 0.003054707513070101
34.01997934646867 1.089543247025807e-05 0.00294408187695715
34.22462594683541 1.049963071674913e-05 0.002837131301791415
34.43050359530524 1.011702382928258e-05 0.002733746144160991
34.63761969722685 9.74721691018352e-06 0.002633819697784043
34.84598170249565 9.389825176640774e-06 0.002537247989541188
35.0555971058218 9.044473604024374e-06 0.002443929683095431
35.26647344699975 8.710797236569949e-06 0.002353766162842967
35.47861831117944 8.388440854197064e-06 0.002266661443883335
35.69203932913916 8.077058360312065e-06 0.002182522006596103
35.90674417756002 7.776312866005726e-06 0.002101256819392126
36.12274057930207 7.485876802566613e-06 0.002022777369116058
36.34003630368208 7.205431202978378e-06 0.001946997466897955
36.55863916675303 6.934665544386744e-06 0.001873833205585883
36.77855703158521 6.673278039888157e-06 0.001803203038590858
36.9997978085491 6.420975102598935e-06 0.001735027635071638
37.22236945559986 6.177470964552328e-06 0.001669229776955951
37.4462799785636 5.942487866037561e-06 0.001605734410102269
37.67153743142533 5.715755906294249e-06 0.001544468603955572
37.89814991661868 5.497012482572651e-06 0.001485361399974428
38.12612558531732 5.286002277964186e-06 0.001428343808342649
38.35547263772817 5.082477425107093e-06 0.001373348852204598
38.58619932338635 4.886196929924351e-06 0.001320311411951986
38.81831394145193 4.696926474165427e-06 0.001269168171868183
39.05182484100842 4.514438631557991e-06 0.001219857678535114
39.2867404213631 4.338512520068758e-06 0.001172320246869795
39.52306913234914 4.168933430665897e-06 0.0011264978598113
39.76081947462954 4.005492921933421e-06 0.001082334193886753
40.00000000000288 3.847988779729796e-06 0.001039774608310579
