##########################################################################################
#
# SZ signal computed with SZpack v1.1.1
# Runmode: CNSN-basis
#
# General parameters:
# xmin= 0.1 xmax= 40 np= 1000
# Dtau= 0.01
# Te= 5keV (The ~ 0.00978476)
# betac= 0 muc= 1
# betao= 0 muo= 1
#
# Runmode specific parameters:
# eps= 0
# Te_order= 20 beta_order= 2
#
##########################################################################################
#
# Output format: x = (h nu/k T0) | x^3 Dn(x) | DI(x) in MJy/sr 
# Here a CMB temperature of T0 = 2.726 K is assumed.
#
##########################################################################################
0.1 -1.921623555140482e-06 -0.0005192466750141821
0.1006015482792701 -1.944771331521744e-06 -0.0005255014931796806
0.1012067151618632 -1.96819744666586e-06 -0.0005318315219538085
0.1018155224154252 -1.991905236224529e-06 -0.0005382376626712995
0.1024279919385451 -2.015898074543215e-06 -0.0005447208271224241
0.1030441457615424 -2.040179375339045e-06 -0.0005512819377361688
0.1036640060472596 -2.064752594479296e-06 -0.0005579219283310161
0.1042875950918594 -2.089621228580178e-06 -0.0005646417437363198
0.1049149353256267 -2.114788814603398e-06 -0.0005714423396832899
0.1055460493137754 -2.140258932433349e-06 -0.0005783246835013819
0.10618095975726 -2.166035205233379e-06 -0.0005852897542145661
0.1068196894935924 -2.192121297932492e-06 -0.0005923385421324141
0.1074622614976628 -2.218520918770082e-06 -0.0005994720492675052
0.1081086988825668 -2.245237821649275e-06 -0.0006066912899713297
0.1087590249004362 -2.272275804125346e-06 -0.000613997290390733
0.1094132629432757 -2.299638707760638e-06 -0.0006213910885638201
0.1100714365438043 -2.32733042128499e-06 -0.0006288737352739419
0.1107335693763015 -2.355354879579361e-06 -0.0006364462937750591
0.1113996852574591 -2.383716062781559e-06 -0.0006441098395500966
0.1120698081472377 -2.412417998817788e-06 -0.0006518654609950013
0.1127439621497288 -2.441464764603045e-06 -0.0006597142597431036
0.1134221715140214 -2.470860484049089e-06 -0.0006676573501268455
0.1141044606350749 -2.500609329313034e-06 -0.0006756958595151661
0.1147908540545956 -2.530715523931452e-06 -0.0006838309291603759
0.1154813764619206 -2.561183340733281e-06 -0.0006920637136341976
0.1161760526949047 -2.592017101782034e-06 -0.0007003953808121515
0.1168749077408149 -2.62322118177604e-06 -0.0007088271127923412
0.1175779667372284 -2.654800007682342e-06 -0.0007173601057965307
0.118285254972937 -2.686758057265958e-06 -0.0007259955697727297
0.118996797888857 -2.719099861448164e-06 -0.0007347347290324332
0.119712621078944 -2.751830006494675e-06 -0.0007435788228418943
0.1204327502911136 -2.7849531315847e-06 -0.0007525291047652529
0.1211572114281675 -2.818473929694691e-06 -0.0007615868429033361
0.1218860305487253 -2.852397151399939e-06 -0.000770753320920895
0.1226192338681618 -2.886727602993276e-06 -0.0007800298375382573
0.12335684775955 -2.921470145887339e-06 -0.0007894177063698098
0.1240988987546095 -2.956629700099591e-06 -0.0007989182568656938
0.124845413544661 -2.992211244801209e-06 -0.0008085328344601243
0.1255964189815867 -3.028219816211604e-06 -0.0008182628000024605
0.1263519420787953 -3.064660509656602e-06 -0.0008281095303133529
0.1271120100121947 -3.101538482824687e-06 -0.0008380744190646202
0.1278766501211688 -3.138858953017112e-06 -0.000848158876036197
0.128645889909561 -3.176627197583937e-06 -0.000858364327233954
0.1294197570466637 -3.214848558221597e-06 -0.0008686922160509559
0.1301982793682135 -3.253528439638886e-06 -0.000879144002906994
0.1309814848773924 -3.292672308284596e-06 -0.0008897211649047772
0.1317694017458348 -3.332285695751005e-06 -0.0009004251967495977
0.1325620583146414 -3.37237420047716e-06 -0.00091125761120958
0.1333594830953982 -3.412943484998383e-06 -0.0009222199383724617
0.1341617047712022 -3.453999277591642e-06 -0.0009333137260901936
0.1349687521976928 -3.495547376572431e-06 -0.0009445405411400107
0.1357806544040905 -3.537593647467379e-06 -0.0009559019684604367
0.13659744059424 -3.580144022878807e-06 -0.0009673996111146842
0.1374191401476617 -3.623204507081948e-06 -0.0009790350915328803
0.1382457826206078 -3.666781175595212e-06 -0.0009908100513959493
0.1390773977471256 -3.710880173120847e-06 -0.001002726151079152
0.1399140154401271 -3.755507716693384e-06 -0.001014785070502835
0.140755665792465 -3.800670098722977e-06 -0.001026988509954779
0.1416023790780148 -3.846373683660481e-06 -0.001039338189189062
0.1424541857527642 -3.892624909138e-06 -0.001051835847734249
0.1433111164559082 -3.939430291140992e-06 -0.001064483246290958
0.1441732020109516 -3.986796421491789e-06 -0.001077282166051879
0.1450404734268171 -4.034729966969329e-06 -0.001090234408463913
0.1459129618989614 -4.083237673993583e-06 -0.001103341796493961
0.1467906988104967 -4.132326369451024e-06 -0.001116606174851977
0.1476737157333199 -4.182002957776769e-06 -0.001130029409202529
0.148562044429248 -4.232274423677912e-06 -0.001143613386900674
0.1494557168511607 -4.283147836607953e-06 -0.001157360018201004
0.1503547651441497 -4.334630347022865e-06 -0.001171271235245995
0.151259221646675 -4.386729186903099e-06 -0.001185348992207051
0.152169118891728 -4.43945167556038e-06 -0.001199595266853578
0.1530844896080017 -4.492805217893537e-06 -0.001214012060081685
0.1540053667210681 -4.546797302585495e-06 -0.001228601395426991
0.1549317833545624 -4.601435506647458e-06 -0.001243365320292517
0.1558637728313743 -4.65672749781226e-06 -0.001258305906595405
0.156801368674847 -4.712681030752662e-06 -0.001273425249745045
0.1577446046099826 -4.769303949229758e-06 -0.00128872546922361
0.1586935145646554 -4.826604191941306e-06 -0.001304208710166346
0.1596481326708324 -4.884589788708763e-06 -0.001319877142331258
0.1606084932658007 -4.943268860210741e-06 -0.001335732960027089
0.1615746308934029 -5.00264962415347e-06 -0.001351778383780656
0.1625465803052792 -5.062740394774826e-06 -0.001368015660202831
0.1635243764621181 -5.123549579974237e-06 -0.001384447061213008
0.1645080545349132 -5.185085685482082e-06 -0.001401074885165725
0.1654976499062288 -5.247357319053133e-06 -0.001417901457983785
0.1664931981714723 -5.31037318591482e-06 -0.001434929131928318
0.1674947351401746 -5.374142090219221e-06 -0.001452160285991132
0.1685022968372784 -5.438672942022936e-06 -0.001469597327780757
0.1695159195044337 -5.503974753936593e-06 -0.001487242692617101
0.1705356396013016 -5.570056639836429e-06 -0.001505098843183308
0.1715614938068656 -5.636927821108573e-06 -0.00152316827121303
0.172593519020751 -5.704597627861067e-06 -0.001541453497817945
0.1736317523645521 -5.773075494900529e-06 -0.001559957072400587
0.1746762311831677 -5.842370965299389e-06 -0.001578681573618268
0.1757269930461439 -5.91249369648754e-06 -0.001597629611029111
0.1767840757490262 -5.983453455182765e-06 -0.001616803823722196
0.1778475173147181 -6.055260117991011e-06 -0.001636206880479751
0.1789173559948495 -6.127923679182103e-06 -0.001655841481878257
0.1799936302711521 -6.201454248418312e-06 -0.001675710359674674
0.1810763788568441 -6.275862048213074e-06 -0.001695816276119754
0.1821656406980222 -6.351157419939789e-06 -0.001716162025581695
0.1832614549750625 -6.427350827150861e-06 -0.00173675043544299
0.1843638611040305 -6.504452850407843e-06 -0.001757584364703462
0.1854728987380978 -6.582474190050445e-06 -0.001778666704728489
0.1865886077689693 -6.661425674077277e-06 -0.001800000381378478
0.1877110283283176 -6.741318253032713e-06 -0.001821588353627228
0.1888402007892269 -6.822162999525003e-06 -0.001843433613431726
0.1899761657676448 -6.903971116424732e-06 -0.001865539187947464
0.1911189641238435 -6.986753936298628e-06 -0.001887908139375454
0.1922686369638894 -7.070522917433425e-06 -0.001910543563887821
0.1934252256411219 -7.155289649293388e-06 -0.001933448593102498
0.1945887717576404 -7.241065858228243e-06 -0.001956626395625578
0.1957593171658014 -7.32786340130109e-06 -0.00198008017538354
0.1969369039697233 -7.415694268099683e-06 -0.002003813172112678
0.1981215745268011 -7.504570590050514e-06 -0.002027828663875884
0.19931337144923 -7.594504635982765e-06 -0.002052129965863973
0.2005123376055381 -7.685508810256349e-06 -0.002076720429889854
0.2017185161221286 -7.777595660988062e-06 -0.002101603446611345
0.2029319503848305 -7.870777881779822e-06 -0.002126782445998153
0.2041526840404598 -7.965068306210801e-06 -0.002152260895843592
0.205380760998389 -8.060479912444058e-06 -0.002178042303009347
0.2066162254321268 -8.157025831411591e-06 -0.002204130215637174
0.2078591217809067 -8.254719339999917e-06 -0.002230528221307567
0.2091094947512857 -8.353573861695306e-06 -0.002257239947214098
0.2103673893187526 -8.453602976863766e-06 -0.002284269062941209
0.2116328507293451 -8.554820419804023e-06 -0.002311619279667879
0.2129059245012778 -8.657240075190786e-06 -0.002339294349206558
0.2141866564265795 -8.760875985909919e-06 -0.002367298066120322
0.2154750925727398 -8.865742357578371e-06 -0.002395634268944222
0.2167712792843669 -8.971853551534581e-06 -0.002424306838291198
0.2180752631848539 -9.079224088340061e-06 -0.00245331969779825
0.2193870911780562 -9.187868658245031e-06 -0.002482676816954389
0.2207068104499787 -9.297802114386477e-06 -0.00251238220926266
0.2220344684704725 -9.40903947196034e-06 -0.002542439932016464
0.2233701129949433 -9.5215959189548e-06 -0.002572854089199821
0.2247137920660681 -9.635486815499257e-06 -0.002603628831311457
0.2260655540155243 -9.750727688402342e-06 -0.002634768353888908
0.2274254474657272 -9.867334238175871e-06 -0.002666276899406479
0.2287935213315797 -9.985322346667615e-06 -0.002698158759337714
0.2301698248222314 -1.010470806876983e-05 -0.002730418271914936
0.2315544074428487 -1.022550763461039e-05 -0.002763059822721325
0.2329473189963953 -1.034773746177947e-05 -0.002796087847994704
0.2343486095854241 -1.047141414950087e-05 -0.00282950683305258
0.2357583296138787 -1.059655447593382e-05 -0.002863321311563046
0.237176529788907 -1.072317540882319e-05 -0.002897535868422592
0.2386032611226849 -1.08512941078794e-05 -0.002932155140399208
0.2400385749342508 -1.098092791731231e-05 -0.00296718381411493
0.2414825228513524 -1.111209437165423e-05 -0.003002626627619295
0.2429351568123028 -1.124481120655114e-05 -0.00303848837330527
0.2443965290678495 -1.137909634969765e-05 -0.003074773895459755
0.2458666921830531 -1.151496792144415e-05 -0.003111488090427647
0.2473456990391787 -1.165244424813364e-05 -0.003148635910215619
0.2488336028355976 -1.179154385829283e-05 -0.003186222361462908
0.250330457091701 -1.193228547770126e-05 -0.003224252504108924
0.2518363156488252 -1.207468803939807e-05 -0.003262731454097215
0.2533512326721881 -1.221877068968063e-05 -0.003301664384996358
0.2548752626528374 -1.23645527787096e-05 -0.003341056525461341
0.2564084604096108 -1.251205386481031e-05 -0.003380913160395843
0.2579508810911079 -1.26612937280787e-05 -0.00342123963462873
0.2595025801776736 -1.281229236143093e-05 -0.003462041350495551
0.261063613483394 -1.296506996923e-05 -0.003503323767467427
0.2626340371581039 -1.311964698103329e-05 -0.003545092405865814
0.2642139076894062 -1.327604405080786e-05 -0.003587352846650466
0.2658032819047042 -1.343428204951679e-05 -0.003630110729416168
0.2674022169732455 -1.359438207393354e-05 -0.003673371754774494
0.2690107704081783 -1.375636545658378e-05 -0.003717141687040202
0.2706290000686201 -1.392025375475494e-05 -0.003761426351261486
0.2722569641617388 -1.408606875301795e-05 -0.003806231633901383
0.2738947212448469 -1.425383247889002e-05 -0.003851563487070041
0.2755423302275071 -1.44235671952528e-05 -0.003897427926476023
0.2771998503736515 -1.459529539650359e-05 -0.003943831030386309
0.2788673413037137 -1.476903982198841e-05 -0.003990778943256084
0.2805448629967726 -1.494482345911967e-05 -0.004038277876571164
0.2822324757927104 -1.5122669533399e-05 -0.004086334106152048
0.283930240394383 -1.530260151554128e-05 -0.004134953974078919
0.285638217869803 -1.548464313530146e-05 -0.00418414389242781
0.2873564696543368 -1.566881836959213e-05 -0.004233910340059849
0.2890850575529139 -1.58551514428799e-05 -0.004284259862728338
0.2908240437422505 -1.604366684400427e-05 -0.004335199077623442
0.2925734907730859 -1.623438932126447e-05 -0.004386734672044579
0.294333461572432 -1.642734387567585e-05 -0.004438873401578227
0.2961040194458372 -1.662255577335227e-05 -0.004491622093443779
0.2978852280796634 -1.682005055315874e-05 -0.004544987648561398
0.2996771515433765 -1.70198540143314e-05 -0.004598977038206781
0.3014798542918515 -1.722199222152114e-05 -0.004653597305374004
0.3032934011676903 -1.7426491521914e-05 -0.004708855569401662
0.3051178574035545 -1.76333785336389e-05 -0.004764759022840502
0.3069532886245115 -1.784268014354768e-05 -0.004821314930853561
0.3087997608503953 -1.805442352423619e-05 -0.00487853063581547
0.3106573404981812 -1.826863613299518e-05 -0.004936413557028977
0.3125260943843745 -1.848534570191828e-05 -0.004994971188052005
0.3144060897274139 -1.87045802485296e-05 -0.00505421109956935
0.3162973941500897 -1.89263680882201e-05 -0.005114140942753155
0.3182000756819758 -1.915073781996052e-05 -0.005174768445402351
0.3201142027618771 -1.937771832895636e-05 -0.00523610141266008
0.3220398442402905 -1.960733880596592e-05 -0.00529814773223367
0.3239770693818822 -1.983962873756952e-05 -0.005360915371765245
0.3259259478679787 -2.007461790075629e-05 -0.005424412377369017
0.3278865497990735 -2.031233637918563e-05 -0.005488646878025335
0.3298589456973481 -2.055281456695768e-05 -0.005553627086599507
0.3318432065092091 -2.079608315556031e-05 -0.005619361296314726
0.3338394036078401 -2.104217314213159e-05 -0.005685857882984681
0.3358476087957689 -2.129111584639056e-05 -0.005753125309588461
0.3378678943074497 -2.154294289540101e-05 -0.005821172122153553
0.3399003328118625 -2.179768622342792e-05 -0.005890006949717034
0.3419449974151257 -2.205537809220678e-05 -0.005959638509802606
0.3440019616631268 -2.231605108460825e-05 -0.006030075606708699
0.3460712995441669 -2.257973809559531e-05 -0.006101327129064986
0.3481530854916227 -2.284647234677799e-05 -0.00617340205376525
0.3502473943866234 -2.311628739556672e-05 -0.006246309448440736
0.3523543015607447 -2.338921711926636e-05 -0.006320058467162156
0.3544738827987177 -2.36652957205259e-05 -0.006394658351912269
0.3566062143411555 -2.394455774777495e-05 -0.006470118438108072
0.3587513728872951 -2.422703808054961e-05 -0.006546448150635677
0.3609094355977566 -2.45127719259895e-05 -0.006623657002903744
0.3630804800973185 -2.480179483877731e-05 -0.006701754602231418
0.3652645844777097 -2.509414271949212e-05 -0.006780750649403366
0.3674618273004187 -2.53898518017498e-05 -0.006860654935194955
0.369672287599519 -2.568895866418274e-05 -0.006941477343609324
0.3718960448845125 -2.599150024497538e-05 -0.007023227855805051
0.374133179143189 -2.629751382383346e-05 -0.007105916545224052
0.3763837708445035 -2.660703702428679e-05 -0.00718955357821379
0.3786479009414707 -2.692010783605392e-05 -0.007274149220070495
0.3809256508740766 -2.723676460278694e-05 -0.007359713831727663
0.3832171025722083 -2.755704601461165e-05 -0.007446257867740311
0.3855223384586003 -2.788099112648853e-05 -0.007533791881246337
0.3878414414518001 -2.820863936212061e-05 -0.007622326525022488
0.3901744949691499 -2.854003049742327e-05 -0.007711872547017676
0.3925215829297878 -2.887520466922511e-05 -0.007802440792704077
0.3948827897576659 -2.92142023944464e-05 -0.007894042210259378
0.3972582003845871 -2.955706455120481e-05 -0.007986687845461317
0.3996479002532602 -2.990383237754139e-05 -0.008080388841343414
0.402051975320373 -3.025454749400473e-05 -0.008175156444297515
0.4044705120596843 -3.060925189545653e-05 -0.008271002001859533
0.4069035974651345 -3.096798793930507e-05 -0.00836793695952999
0.4093513190539743 -3.133079836111199e-05 -0.008465972864991175
0.4118137648699132 -3.169772628429498e-05 -0.008565121370728915
0.4142910234862858 -3.206881520048754e-05 -0.008665394228725556
0.4167831840092382 -3.244410897450555e-05 -0.008766803291801977
0.4192903360809331 -3.282365186654675e-05 -0.008869360519616169
0.4218125698827739 -3.32074885142494e-05 -0.008973077973815266
0.4243499761386489 -3.35956639273001e-05 -0.009077967816578512
0.4269026461181943 -3.398822350855485e-05 -0.009184042316324425
0.429470671640077 -3.43852130510445e-05 -0.00929131384690164
0.4320541450752978 -3.478667872192696e-05 -0.009399794883252603
0.4346531593505136 -3.519266707434183e-05 -0.009509498004616816
0.43726780795138 -3.560322506232071e-05 -0.009620435898559815
0.4398981849259138 -3.6018400019087e-05 -0.009732621355109494
0.4425443848878763 -3.643823965799888e-05 -0.00984606726701091
0.4452065030201759 -3.686279209552217e-05 -0.009960786635933827
0.4478846350782926 -3.729210583621899e-05 -0.01007679256841649
0.4505788773937215 -3.772622976277696e-05 -0.01019409827317137
0.4532893268774382 -3.816521315409993e-05 -0.0103127170659735
0.4560160810233846 -3.860910568791473e-05 -0.01043266237036487
0.458759237911976 -3.905795742092175e-05 -0.01055394771229086
0.4615188962136283 -3.951181879617946e-05 -0.01067658672209562
0.464295155192308 -3.997074066165386e-05 -0.01080059313953437
0.4670881147091019 -4.043477424803466e-05 -0.01092598080777906
0.4698978752258099 -4.09039711653329e-05 -0.011052763672499
0.4727245378085577 -4.137838342433138e-05 -0.01118095578765701
0.4755682041314329 -4.185806342589765e-05 -0.01131057131262172
0.4784289764801414 -4.234306394640322e-05 -0.01144162450822759
0.4813069577556875 -4.28334381514297e-05 -0.01157412974047851
0.4842022514780743 -4.332923960338396e-05 -0.01170810148260551
0.487114961790028 -4.383052223882533e-05 -0.01184355430894029
0.4900451934607434 -4.433734037104074e-05 -0.01198050289561106
0.4929930518896525 -4.484974870964217e-05 -0.01211896202583799
0.4959586431102161 -4.5367802339852e-05 -0.01225894658433588
0.4989420737937372 -4.589155671445043e-05 -0.01240047155513823
0.5019434512531983 -4.642106767156777e-05 -0.01254355202640497
0.504962883447121 -4.695639142877293e-05 -0.01268820318882505
0.5080004789834501 -4.749758456439843e-05 -0.01283444033057027
0.5110563471234592 -4.804470402585576e-05 -0.01298227883954218
0.5141305977856812 -4.859780714049204e-05 -0.01313173420630567
0.5172233415498623 -4.915695159156266e-05 -0.01328282201759648
0.520334689660939 -4.972219541592564e-05 -0.01343555795569822
0.52346475403304 -5.029359702155492e-05 -0.01358995780317463
0.5266136472535116 -5.087121516993123e-05 -0.01374603743811141
0.5297814825869668 -5.145510896336512e-05 -0.01390381283069073
0.5329683739793606 -5.204533785730764e-05 -0.01406330004651775
0.5361744360620875 -5.264196165839826e-05 -0.01422451524609307
0.5393997841561053 -5.324504050281011e-05 -0.01438747467896147
0.5426445342760833 -5.38546348586526e-05 -0.01455219468436101
0.5459088031345746 -5.44708055370737e-05 -0.01471869169422307
0.5491927081462149 -5.509361366867057e-05 -0.01488698222679818
0.5524963674319456 -5.572312069637518e-05 -0.01505708288473365
0.5558198998232626 -5.635938838790765e-05 -0.01522901035843858
0.5591634248664905 -5.70024788216796e-05 -0.0154027814222748
0.5625270628270829 -5.765245437022369e-05 -0.01557841293007934
0.565910934693948 -5.830937770567082e-05 -0.01575592181664438
0.5693151621838011 -5.897331179941775e-05 -0.0159353250976275
0.5727398677455418 -5.964431989914644e-05 -0.01611663986334197
0.5761851745646592 -6.03224655253629e-05 -0.01629988327782154
0.5796512065676627 -6.100781247873935e-05 -0.01648507258080435
0.5831380884265391 -6.170042481857716e-05 -0.01667222508191339
0.5866459455632378 -6.240036685128981e-05 -0.0168613581575444
0.5901749041541815 -6.310770313527448e-05 -0.01705248925218227
0.5937250911348052 -6.382249846902808e-05 -0.01724563587518985
0.5972966342041217 -6.454481787220454e-05 -0.01744081559568937
0.6008896618293151 -6.527472658357538e-05 -0.01763804604201136
0.6045043032503616 -6.601229005837907e-05 -0.01783734490097841
0.6081406884846782 -6.675757394597465e-05 -0.01803872991186696
0.6117989483317994 -6.751064408103498e-05 -0.0182422188640275
0.6154792143780822 -6.827156648293868e-05 -0.01844782959672037
0.619181619001439 -6.904040733660682e-05 -0.01865557999393751
0.6229062953760992 -6.981723297777496e-05 -0.01886548798042283
0.6266533774773996 -7.060210988846821e-05 -0.01907757152044953
0.6304230000866031 -7.139510468395321e-05 -0.01929184861429429
0.6342152987957473 -7.21962840936771e-05 -0.01950833729308681
0.6380304100125211 -7.300571495184535e-05 -0.0197270556162638
0.6418684709651717 -7.382346418715909e-05 -0.01994802166879588
0.6457296197074404 -7.464959880277697e-05 -0.02017125355577301
0.6496139951235281 -7.548418586321634e-05 -0.02039676939886504
0.6535217369330918 -7.632729248222188e-05 -0.02062458733304365
0.6574529856962692 -7.717898580396182e-05 -0.02085472550150138
0.6614078828187353 -7.80393329873968e-05 -0.02108720205142781
0.6653865705567885 -7.890840119150856e-05 -0.02132203513001827
0.6693891920224675 -7.978625755548822e-05 -0.02155924287912038
0.673415891188699 -8.067296918223961e-05 -0.02179884343077651
0.6774668128944764 -8.156860312255693e-05 -0.02204085490294835
0.6815421028500694 -8.247322635140236e-05 -0.02228529539310681
0.6856419076422656 -8.338690575038542e-05 -0.02253218297349777
0.6897663747396426 -8.430970809241217e-05 -0.02278153568699407
0.693915652497873 -8.524170001550673e-05 -0.02303337154002177
0.6980898901650602 -8.618294799945327e-05 -0.02328770849624851
0.702289237887107 -8.713351835265482e-05 -0.02354456447303262
0.7065138467131162 -8.809347718748627e-05 -0.02380395733476317
0.7107638686008243 -8.90628903861445e-05 -0.02406590488363226
0.7150394564220665 -9.004182358913175e-05 -0.02433042485652307
0.7193407639682761 -9.103034217487066e-05 -0.02459753491950163
0.7236679459560159 -9.202851121736813e-05 -0.024867252656377
0.728021158032544 -9.303639546838811e-05 -0.02513959556388421
0.7324005567814114 -9.405405934342326e-05 -0.02541458104789355
0.736806299728095 -9.508156688039502e-05 -0.02569222641225087
0.7412385453456634 -9.611898170365237e-05 -0.02597254884904959
0.7456974530604773 -9.716636701746367e-05 -0.02625556543687209
0.7501831832579239 -9.82237855731989e-05 -0.02654129313192196
0.754695897288186 -9.929129961225004e-05 -0.02682974875260035
0.7592357574720454 -0.0001003689708602154 -0.02712094897793454
0.7638029271067222 -0.0001014568605050979 -0.02741491034168683
0.7683975704717476 -0.0001025550291327766 -0.02771164921491807
0.7730198528348741 -0.0001036635367019792 -0.02801118179922513
0.7776699404580188 -0.000104782442536817 -0.02831352412472342
0.7823480006032453 -0.0001059118052711426 -0.02861869203501199
0.7870542015387785 -0.0001070516827888449 -0.02892670117104023
0.7917887125450584 -0.0001082021322281071 -0.0292375669722586
0.7965517039208285 -0.0001093632099433613 -0.0295513046663382
0.8013433469892614 -0.0001105349714175283 -0.02986792924545689
0.8061638141041211 -0.0001117174712586751 -0.03018745546539613
0.8110132786559631 -0.000112910763182112 -0.03050989784070339
0.8158919150783704 -0.0001141148999222609 -0.03083527062087783
0.8207998988542287 -0.0001153299331889979 -0.03116358777857352
0.8257374065220374 -0.000116555913673326 -0.03149486301113232
0.8307046156822607 -0.0001177928909802908 -0.03182910972245686
0.8357017050037151 -0.0001190409135326104 -0.03216634099697009
0.8407288542299962 -0.0001203000285882082 -0.03250656960435292
0.8457862441859444 -0.0001215702822014284 -0.03284980798906408
0.8508740567841485 -0.0001228517190994221 -0.03319606823693821
0.8559924750314897 -0.0001241443826722102 -0.03354536207250067
0.8611416830357236 -0.0001254483149666258 -0.03389770085733066
0.8663218660121029 -0.0001267635565759704 -0.03425309556024507
0.8715332102900397 -0.0001280901465618959 -0.0346115567361899
0.8767759033198074 -0.0001294281224802557 -0.03497309453322559
0.882050133679283 -0.0001307775203075604 -0.03533771867265446
0.8873560910807308 -0.0001321383742954213 -0.03570543840968946
0.8926939663776258 -0.0001335107169994553 -0.03607626254126477
0.8980639515715189 -0.0001348945792469166 -0.03645019939728933
0.9034662398189428 -0.0001362899899754417 -0.03682725679707374
0.9089010254383604 -0.0001376969762010604 -0.03720744204068658
0.9143685039171535 -0.0001391155630341536 -0.03759076191326626
0.9198688719186553 -0.0001405457735515933 -0.03797722265047167
0.9254023272892237 -0.0001419876286651535 -0.03836682990292524
0.9309690690653579 -0.0001434411471733728 -0.03875958875022677
0.9365692974808579 -0.0001449063456882184 -0.03915550368113718
0.9422032139740265 -0.0001463832384320387 -0.03955457853871262
0.9478710211949153 -0.0001478718372676853 -0.03995681652844363
0.9535729230126136 -0.0001493721516837533 -0.04036222021426711
0.9593091245225821 -0.0001508841885980784 -0.0407707914654686
0.9650798320540293 -0.0001524079522819469 -0.04118253143620301
0.9708852531773335 -0.0001539434444094963 -0.04159744057884315
0.9767255967115094 -0.0001554906639204734 -0.04201551860689544
0.9826010727317186 -0.0001570496068157234 -0.04243676443973828
0.9885118925768263 -0.0001586202662365782 -0.04286117622407389
0.9944582688570029 -0.0001602026324010556 -0.04328875131668863
1.000440415461372 -0.000161796692341132 -0.04371948621346056
1.006458547565703 -0.0001634024299142789 -0.044153376552477
1.012512881640152 -0.0001650198258214092 -0.04459041711888367
1.018603635457047 -0.0001666488573825067 -0.045030601784257
1.024731028098722 -0.0001682894983904185 -0.04547392346709712
1.030895279965397 -0.0001699417192044818 -0.04592037415812692
1.037096612783106 -0.0001716054866149885 -0.04636994488366863
1.043335249611672 -0.0001732807635507135 -0.04682262562661444
1.04961141485273 -0.0001749675091782626 -0.04727840535327143
1.055925334257799 -0.0001766656788618383 -0.04773727200248989
1.062277234936404 -0.0001783752238452028 -0.04819921239972566
1.068667345364243 -0.000180096091216146 -0.04866421224743898
1.075095895391404 -0.0001818282239745703 -0.04913225614349188
1.081563116250635 -0.0001835715607930459 -0.04960332751644716
1.088069240565661 -0.0001853260357720554 -0.05007740855943255
1.094614502359551 -0.0001870915785848662 -0.05055448026928685
1.101199137063137 -0.0001888681143567825 -0.05103452241393252
1.107823381523478 -0.000190655563280663 -0.05151751342848364
1.114487474012384 -0.0001924538407140536 -0.05200343044149241
1.121191654234987 -0.0001942628571830062 -0.05249224927598094
1.127936163338358 -0.0001960825180204542 -0.05298394435172605
1.134721243920186 -0.0001979127232483311 -0.05347848865340599
1.141547140037501 -0.0001997533677133181 -0.05397585376728124
1.148414097215454 -0.0002016043408500742 -0.05447600981721627
1.155322362456149 -0.0002034655263141557 -0.05497892536548991
1.162272184247527 -0.0002053368021760944 -0.05548456746523766
1.169263812572304 -0.0002072180408325905 -0.05599290163645483
1.176297498916961 -0.0002091091085380535 -0.05650389173941315
1.183373496280794 -0.0002110098654639188 -0.05701749999068878
1.19049205918501 -0.0002129201657715527 -0.05753368698286215
1.197653443681885 -0.0002148398572267913 -0.05805241158036163
1.204857907363973 -0.000216768780961922 -0.05857363085514791
1.212105709373372 -0.0002187067716931414 -0.05909730014547383
1.219397110411042 -0.0002206536575076144 -0.05962337299834509
1.22673237274619 -0.0002226092593633631 -0.06015180103438406
1.234111760225694 -0.0002245733913145134 -0.06068253400869407
1.241535538283603 -0.000226545860478589 -0.06121551980202204
1.249003973950675 -0.0002285264665034902 -0.06175070427672931
1.256517335863991 -0.0002305150015445684 -0.06228803127059706
1.264075894276612 -0.0002325112504324089 -0.0628274426421631
1.271679921067302 -0.0002345149902909157 -0.06336887816752385
1.279329689750306 -0.0002365259901462761 -0.06391227543467147
1.287025475485191 -0.0002385440112315329 -0.06445756992579334
1.294767555086741 -0.0002405688068200488 -0.06500469497227175
1.302556207034913 -0.0002426001216043665 -0.06555358158684441
1.310391711484858 -0.0002446376919126514 -0.06610415852208976
1.318274350276994 -0.0002466812457645229 -0.06665635228551349
1.326204406947145 -0.0002487305023042205 -0.06721008698638276
1.334182166736741 -0.0002507851716481349 -0.0677652842945273
1.342207916603075 -0.0002528449551695864 -0.06832186351729007
1.350281945229628 -0.00025490954515342 -0.0688797415061945
1.358404543036452 -0.0002569786242345638 -0.06943883250523605
1.366576002190616 -0.0002590518657789091 -0.06999904825380075
1.374796616616712 -0.0002611289337906345 -0.07056029796162287
1.383066682007434 -0.0002632094822024713 -0.07112248811700601
1.391386495834208 -0.0002652931550294873 -0.07168552252837718
1.399756357357896 -0.0002673795865483289 -0.07224930237272037
1.408176567639557 -0.0002694684007379985 -0.07281372604446759
1.416647429551278 -0.0002715592109572118 -0.07337868906831689
1.425169247787069 -0.0002736516203592911 -0.07394408421134149
1.433742328873819 -0.0002757452216174847 -0.07450980140876781
1.442366981182327 -0.0002778395962020459 -0.07507572756863326
1.45104351493839 -0.0002799343148097475 -0.07564174668784616
1.459772242233963 -0.0002820289373764084 -0.07620773985557086
1.468553477038385 -0.0002841230123185827 -0.07677358504832248
1.477387535209671 -0.0002862160765828093 -0.07733915714327488
1.486274734505876 -0.0002883076559736311 -0.07790432800689545
1.495215394596523 -0.0002903972646460684 -0.07846896635780523
1.504209837074101 -0.0002924844045982647 -0.07903293762968523
1.513258385465633 -0.0002945685662097655 -0.07959610411672641
1.522361365244312 -0.0002966492280706743 -0.08015832492746511
1.531519103841213 -0.0002987258561527737 -0.08071945576081004
1.540731930657063 -0.0003007979042127441 -0.08127934901499662
1.550000177074097 -0.0003028648139588579 -0.08183785383263012
1.55932417646797 -0.0003049260143247337 -0.08239481590444488
1.568704264219756 -0.0003069809213411704 -0.08295007743467214
1.578140777728008 -0.0003090289386388189 -0.08350347727686848
1.587634056420891 -0.0003110694570537523 -0.08405485082733576
1.597184441768398 -0.0003131018539401211 -0.08460402983939208
1.606792277294626 -0.0003151254938066642 -0.08515084259536486
1.616457908590138 -0.0003171397282857089 -0.08569511389821455
1.626181683324388 -0.0003191438952725382 -0.08623666483898045
1.635963951258232 -0.0003211373192449956 -0.08677531288314247
1.645805064256506 -0.0003231193116151259 -0.08731087196563843
1.655705376300682 -0.0003250891700970073 -0.08784315232004457
1.665665243501602 -0.0003270461783989859 -0.08837196039541356
1.675685024112287 -0.000328989606893367 -0.08889709903723325
1.685765078540822 -0.0003309187123755417 -0.08941836742233983
1.695905769363321 -0.0003328327372673266 -0.0899355608436502
1.70610746133697 -0.0003347309102934809 -0.09044847089296534
1.716370521413142 -0.0003366124466272227 -0.09095688550029064
1.726695318750602 -0.00033847654709323 -0.09146058871847684
1.737082224728785 -0.0003403223983574705 -0.0919593607745144
1.747531612961148 -0.0003421491734792774 -0.09245297821871122
1.758043859308618 -0.0003439560314443208 -0.09294121379849576
1.768619341893104 -0.0003457421167079686 -0.09342383633502746
1.779258441111101 -0.000347506560001807 -0.09390061094112856
1.789961539647373 -0.00034924847828016 -0.09437129900683303
1.800729022488719 -0.0003509669739309643 -0.09483565798615519
1.811561276937818 -0.000352661135419093 -0.09529344157092376
1.822458692627162 -0.0003543300376392934 -0.09574439978614996
1.83342166153307 -0.0003559727412832216 -0.09618827881899264
1.844450577989788 -0.0003575882928948247 -0.09662482103372282
1.855545838703674 -0.0003591757256094615 -0.09705376517144371
1.866707842767465 -0.0003607340589109728 -0.09747484628444789
1.877936991674634 -0.0003622622981183303 -0.09788779559750346
1.88923368933383 -0.0003637594352698542 -0.09829234074678074
1.90059834208341 -0.0003652244492818252 -0.098688205822711
1.912031358706049 -0.0003666563053065163 -0.09907511119651903
1.923533150443451 -0.0003680539552942673 -0.0994527736721022
1.935104131011135 -0.0003694163385564665 -0.09982090663815557
1.946744716613318 -0.000370742381389052 -0.100179219966437
1.958455325957888 -0.0003720309970520083 -0.100527420006227
1.970236380271462 -0.0003732810866470614 -0.1008652098214927
1.982088303314539 -0.0003744915391331285 -0.1011922891950629
1.994011521396743 -0.0003756612309116909 -0.1015083545165902
2.006006463392153 -0.0003767890267127491 -0.1018130990219476
2.018073560754737 -0.0003778737799733042 -0.1021062128954986
2.030213247533863 -0.0003789143324799785 -0.1023873831735288
2.042425960389917 -0.0003799095148609245 -0.1026562938771661
2.05471213861001 -0.000380858147318301 -0.1029126262103048
2.067072224123773 -0.0003817590395745809 -0.1031560585450969
2.079506661519261 -0.0003826109909115284 -0.1033862664324848
2.092015898058938 -0.0003834127911048604 -0.1036029228547584
2.104600383695769 -0.0003841632207000536 -0.1038056983000812
2.117260571089404 -0.0003848610508891851 -0.1039942607292113
2.129996915622458 -0.0003855050443430978 -0.1041682758003633
2.142809875416892 -0.0003860939557811267 -0.1043274070231548
2.155699911350493 -0.0003866265320089252 -0.1044713157688278
2.16866748707345 -0.0003871015124353109 -0.1045996614099071
2.181713069025031 -0.0003875176298844832 -0.1047121015396714
2.194837126450363 -0.0003878736108870007 -0.104808292050779
2.208040131417308 -0.0003881681759843566 -0.1048878872175681
2.221322558833443 -0.0003884000406230866 -0.1049505399376556
2.234684886463145 -0.0003885679156576546 -0.1049959018678236
2.248127594944775 -0.0003886705076936184 -0.1050236235167463
2.261651167807962 -0.0003887065198887548 -0.1050333544614646
2.275256091491004 -0.0003886746526238508 -0.1050247435286422
2.288942855358358 -0.0003885736039938837 -0.1049974389272884
2.302711951718243 -0.0003884020705387645 -0.1049510884462142
2.316563875840352 -0.0003881587480027343 -0.1048853396592306
2.330499125973664 -0.0003878423319344553 -0.1047998400873007
2.344518203364364 -0.0003874515184961497 -0.1046942374171793
2.358621612273878 -0.0003869850052467448 -0.1045681797130282
2.372809859997005 -0.0003864414917850416 -0.1044213155902088
2.387083456880169 -0.00038581968067351 -0.1042532944649026
2.401442916339774 -0.0003851182783394928 -0.104063766797628
2.415888754880671 -0.0003843359956897077 -0.1038523842592866
2.430421492114737 -0.0003834715490361074 -0.1036187999813419
2.445041650779565 -0.0003825236613044817 -0.1033626688823986
2.459749756757268 -0.0003814910625913827 -0.1030836478186912
2.474546339093393 -0.0003803724909771069 -0.1027813958037613
2.489431930015952 -0.0003791666940356081 -0.1024555744164554
2.504407064954564 -0.0003778724295296016 -0.1021058479887506
2.519472282559719 -0.0003764884660292925 -0.1017318837729425
2.534628124722145 -0.0003750135844347731 -0.1013333523530162
2.549875136592308 -0.000373446579217735 -0.1009099279801726
2.565213866600017 -0.0003717862587698278 -0.1004612886669587
2.580644866474148 -0.0003700314466538997 -0.09998711652536896
2.596168691262497 -0.0003681809835696414 -0.09948709829798658
2.611785899351737 -0.0003662337275943957 -0.09896092542305328
2.627497052487508 -0.0003641885550433942 -0.09840829426691602
2.64330271579462 -0.000362044362760745 -0.0978289067430806
2.659203457797384 -0.0003598000688848074 -0.09722247051902522
2.675199850440056 -0.0003574546131953971 -0.09658869911001983
2.691292469107416 -0.0003550069591303247 -0.09592731242401986
2.707481892645458 -0.0003524560956783134 -0.09523803727315651
2.723768703382218 -0.0003498010372374363 -0.09452060733548434
2.740153487148712 -0.0003470408249973771 -0.09377476352848574
2.756636833300016 -0.0003441745298504842 -0.0930002547956738
2.77321933473646 -0.0003412012523186431 -0.09219683808683249
2.789901587924954 -0.000338120123207101 -0.09136427853468822
2.806684192920446 -0.0003349303065979454 -0.09050235026378504
2.823567753387507 -0.0003316310009653056 -0.0896108366918261
2.840552876622036 -0.0003282214389520227 -0.08868953046932698
2.857640173573115 -0.0003247008896469012 -0.08773823409495764
2.874830258864976 -0.0003210686614216801 -0.0867567606821274
2.892123750819116 -0.0003173241011273928 -0.08574493374183124
2.909521271476531 -0.0003134665953452423 -0.08470258752065205
2.927023446620097 -0.0003094955742254629 -0.08362956803806883
2.944630905797074 -0.0003054105112812142 -0.08252573303076445
2.962344282341753 -0.0003012109234941806 -0.08139095198115978
2.980164213398238 -0.0002968963747573257 -0.08022510704768904
2.998091339943359 -0.0002924664776724428 -0.07902809355052035
3.016126306809736 -0.0002879208924657619 -0.07779981967853912
3.034269762708964 -0.0002832593291878456 -0.07654020708378753
3.052522360254954 -0.0002784815516369812 -0.07524919194161399
3.070884755987404 -0.0002735873758622188 -0.07392672454617527
3.089357610395416 -0.0002685766709505303 -0.07257276952313681
3.107941587941251 -0.0002634493635372701 -0.07118730704845544
3.126637357084233 -0.0002582054377825495 -0.06977033284199549
3.14544559030479 -0.000252844934559088 -0.06832185794807606
3.164366964128648 -0.0002473679549335 -0.06684190967615811
3.183402159151157 -0.00024177466290961 -0.06533053234212254
3.202551860061779 -0.0002360652832844761 -0.06378778668894083
3.221816755668715 -0.000230240103386524 -0.06221375035634085
3.241197538923678 -0.0002242994779275192 -0.06060851919186997
3.260694906946819 -0.0002182438270030983 -0.05897220671061387
3.280309561051807 -0.0002120736360269527 -0.05730494407741205
3.300042206771049 -0.0002057894604382121 -0.05560688137885179
3.319893553881069 -0.000199391926199842 -0.0538781877579411
3.339864316428041 -0.0001928817277645709 -0.05211905086447712
3.359955212753471 -0.0001862596310890909 -0.05032967766952057
3.380166965520037 -0.0001795264773621588 -0.04851029547277535
3.400500301737581 -0.0001726831797874673 -0.04666115103328007
3.42095595278926 -0.0001657307244851155 -0.04478251081299667
3.441534654457853 -0.0001586701757582127 -0.04287466239991252
3.46223714695223 -0.0001515026739758399 -0.04093791393599019
3.483064174933973 -0.0001442294342792463 -0.03897259376756559
3.504016487544163 -0.0001368517508661413 -0.03697905160301711
3.525094838430328 -0.0001293709982160615 -0.03495765884387524
3.546299985773546 -0.0001217886277018164 -0.03290880766919262
3.567632692315724 -0.000114106169640124 -0.03083291158965168
3.589093725387028 -0.0001063252376788477 -0.02873040663305057
3.610683856933487 -9.844752474719835e-05 -0.02660175024999737
3.632403863544755 -9.047480278200845e-05 -0.0244474212399459
3.654254526482051 -8.240892766678555e-05 -0.02226792108578957
3.676236631706256 -7.42518373603644e-05 -0.02006377344819987
3.698350969906183 -6.600554919192622e-05 -0.01783552343470684
3.720598336527025 -5.767216308670491e-05 -0.01558373847132507
3.742979531798957 -4.92538632928592e-05 -0.0133090087691762
3.765495360765927 -4.075291390400812e-05 -0.01101194611462206
3.788146633314612 -3.217165961831259e-05 -0.008693184074377986
3.810934164203546 -2.351252991024635e-05 -0.006353379122777452
3.833858773092431 -1.477803469232775e-05 -0.003993209469517792
3.856921284571616 -5.970762631473971e-06 -0.001613374604718112
3.880122528191761 2.906615079672123e-06 0.0007854036820211112
3.903463338493672 1.185134612272885e-05 0.003202381679911962
3.926944555038322 2.086060116480374e-05 0.00563679486788423
3.950567022437048 2.993147222894281e-05 0.008087857474260451
3.974331590381932 3.906097071049987e-05 0.01055476194075414
3.998239113676364 4.824603279818874e-05 0.01303668038730576
4.02229045226579 5.748352023876574e-05 0.0155327648187095
4.046486471268643 6.677021709946276e-05 0.01804214624978228
4.070828041007458 7.610283402985329e-05 0.0205639358569731
4.095316037040186 8.547801133680163e-05 0.02309722580925278
4.119951340191675 9.489231698899618e-05 0.0256410887289139
4.144734836585366 0.0001043422478269678 0.02819457801853287
4.169667417675155 0.0001138242346224053 0.03075672922806015
4.194749980277468 0.0001233346422430342 0.03332656009937254
4.219983426603512 0.0001328697684275882 0.0359030702352552
4.24536866429173 0.0001424258493707365 0.03848524260851872
4.270906606440451 0.0001519990618911107 0.041072044147827
4.296598171640729 0.0001615855221313911 0.04366242538644442
4.322444284009386 0.000171181289479049 0.04625532152166941
4.348445873222255 0.0001807823706255586 0.04884965351168395
4.374603874547618 0.000190384719714777 0.051444328115648
4.400919228879844 0.0001999842399564063 0.05403823832967689
4.42739288277324 0.0002095767889085945 0.05663026481426602
4.454025788476091 0.0002191581802856659 0.05921927638276242
4.480818903964917 0.000228724184505262 0.06180413014920878
4.50777319297893 0.000238270533805152 0.06438367291096965
4.534889625054696 0.0002477929254077535 0.0669567420038245
4.562169175561013 0.0002572870226464146 0.06952216560630303
4.589612825733993 0.0002667484587896581 0.07207876377304388
4.617221562712357 0.0002761728412879288 0.07462534958231869
4.644996379572944 0.0002855557539311235 0.07716072971902353
4.672938275366425 0.000294892759768329 0.07968370526362888
4.701048255153248 0.0003041794057353451 0.08219307294259368
4.729327330039782 0.0003134112255802687 0.08468762591889505
4.757776517214689 0.0003225837428957155 0.08716615461137227
4.786396839985513 0.0003316924754942281 0.08962744787701668
4.815189327815487 0.0003407329387665136 0.09207029391840948
4.844155016360561 0.0003497006491574311 0.09449348122297686
4.873294947506656 0.0003585911285437763 0.09689579974592212
4.902610169407141 0.0003673999076238361 0.09927604182612555
4.932101736520533 0.0003761225294556191 0.1016330031422187
4.961770709648425 0.0003847545545205454 0.1039654840808562
4.991618155973645 0.0003932915639645322 0.106272290612498
5.021645149098641 0.0004017291627945247 0.1085522351551516
5.051852769084097 0.0004100629854509966 0.1108041380801314
5.082242102487784 0.000418288699705943 0.1130268287653449
5.112814242403641 0.0004264020090943843 0.1152191462523157
5.1435702885011 0.000434398658055283 0.1173799406353231
5.174511347064628 0.0004422744376669645 0.1195080746111846
5.205638531033534 0.0004500251871575179 0.1216024238873848
5.23695296004199 0.0004576467978313426 0.1236618782430777
5.26845576045931 0.0004651352205781647 0.1256853435581163
5.300148065430462 0.0004724864674967231 0.1276717422517931
5.332031014916829 0.0004796966142443961 0.1296200139177385
5.364105755737212 0.0004867618074671086 0.1315291173315744
5.39637344160908 0.000493678268876412 0.1333980315525922
5.42883523319007 0.0005004422955852184 0.1352257560144721
5.461492298119737 0.0005070502657503286 0.1370113120499649
5.494345811061548 0.0005134986462082594 0.138753744954188
5.52739695374514 0.0005197839914537923 0.1404521237086162
5.560646915008824 0.0005259029468047171 0.1421055418362346
5.594096890842349 0.0005318522577981919 0.1437131199405535
5.627748084429916 0.0005376287706194208 0.1452740058214411
5.661601706193463 0.0005432294323949684 0.1467873745543819
5.695658973836199 0.0005486512992049176 0.148252430655461
5.729921112386407 0.00055389154102932 0.1496684094179571
5.764389354241504 0.0005589474391267053 0.1510345762039829
5.799064939212376 0.0005638163908312731 0.1523502277407464
5.833949114567966 0.0005684959189361596 0.1536146946560264
5.869043135080146 0.0005729836681692556 0.1548273405258946
5.904348263068843 0.0005772774064630918 0.1559875622178546
5.939865768447451 0.0005813750349337544 0.1570947925872698
5.975596928768503 0.0005852745879162486 0.1581485004869181
6.01154302926963 0.0005889742302601076 0.1591481900362325
6.047705362919785 0.000592472264387537 0.1600934025284999
6.084085230465758 0.0005957671363898394 0.1609837180781902
6.120683940478954 0.000598857430221854 0.1618187540522226
6.15750280940247 0.0006017418704965867 0.1625981658251089
6.194543161598441 0.0006044193325320526 0.1633216494937355
6.231806329395683 0.0006068888371323188 0.1639889404671367
6.269293653137611 0.0006091495490571382 0.1645998130529703
6.307006481230453 0.0006112007859267237 0.1651540828636986
6.344946170191752 0.0006130420185778349 0.1656516069128078
6.383114084699157 0.0006146728650471346 0.1660922819890355
6.421511597639515 0.0006160930953168246 0.166476045938701
6.460140090158249 0.000617302638100744 0.1668028794993937
6.499000951709037 0.0006183015724404073 0.1670728040291176
6.538095580103793 0.0006190901277712324 0.167285881524187
6.577425381562945 0.0006196686929399341 0.1674422170558387
6.616991770766014 0.0006200378104708471 0.1675419572209211
6.656796170902505 0.0006201981718866175 0.1675852888774866
6.696840013723089 0.0006201506240377481 0.1675724408551133
6.737124739591115 0.0006198961699711266 0.1675036841895928
6.777651797534409 0.0006194359601158398 0.1673793297412269
6.818422645297399 0.000618771293941433 0.1671997286429098
6.859438749393552 0.0006179036262085578 0.1669652739891316
6.900701585158119 0.0006168345572616824 0.1666763982129469
6.942212636801205 0.0006155658301911259 0.1663335723191215
6.983973397461158 0.0006140993372015916 0.1659373076049895
7.025985369258271 0.0006124371142683463 0.1654881542164857
7.068250063348816 0.0006105813337888091 0.1649866991625142
7.110768999979402 0.0006085343074544304 0.164433567090965
7.153543708541653 0.000606298487108451 0.1638294205204917
7.196575727627224 0.0006038764544162189 0.1631749570493019
7.239866605083138 0.0006012709194633901 0.162470908976374
7.28341789806747 0.0005984847248763827 0.1617180444148546
7.327231173105349 0.0005955208363659725 0.1609171647368208
7.37130800614531 0.0005923823374664342 0.1600691031517296
7.41564998261598 0.0005890724322799343 0.159174725447988
7.460258697483103 0.0005855944407627597 0.1582349287192326
7.505135755306914 0.0005819517899861413 0.1572506390028949
7.550282770299852 0.0005781480135636806 0.1562228111254855
7.59570136638462 0.0005741867514379404 0.1551524286449274
7.641393177252606 0.0005700717397425553 0.1540405011111722
7.687359846422636 0.0005658068070738047 0.1528880630587326
7.733603027300095 0.0005613958753296737 0.1516961742334069
7.780124383236402 0.0005568429515688296 0.150465917392473
7.826925587588838 0.0005521521215275251 0.1491983965528745
7.874008323780734 0.0005473275487236485 0.147894736749124
7.921374285362025 0.0005423734699178261 0.1465560828068364
7.969025176070168 0.000537294186736941 0.145183597079299
8.016962709891423 0.0005320940625443473 0.1437784586017642
8.065188611122505 0.0005267775200733535 0.1423418624519873
8.113704614432605 0.0005213490330493074 0.1408750174864095
8.162512464925786 0.0005158131213723172 0.1393791450384684
8.211613918203758 0.0005101743485070976 0.1378554782133022
8.26101074042902 0.0005044373149208868 0.136305260114593
8.310704708388393 0.0004986066519974409 0.134729742200052
8.360697609556926 0.0004926870183771033 0.1331301832924607
8.410991242162195 0.0004866830949077326 0.1315078482153479
8.461587415248985 0.0004805995782767494 0.1298640060722906
8.512487948744354 0.000474441176747612 0.1281999290948553
8.563694673523104 0.0004682126052220876 0.1265168913083622
8.615209431473632 0.0004619185794175333 0.1248161669585145
8.667034075564182 0.0004555638115293345 0.1230990293393345
8.719170469909495 0.0004491530050746635 0.121366749399883
8.771620489837867 0.0004426908492452598 0.11962059421831
8.824386021958594 0.0004361820150195723 0.1178618259513069
8.877468964229841 0.0004296311503956365 0.1160917005459706
8.930871226026907 0.0004230428739802212 0.114311466007511
8.984594728210904 0.0004164217718188404 0.11252236154268
9.038641403197854 0.00040977239360002 0.1107256165341178
9.09301319502819 0.0004030992456803854 0.1089224486556439
9.147712059436689 0.0003964067876302595 0.1071140629388349
9.202739963922818 0.0003896994298898343 0.1053016511396926
9.258098887821502 0.0003829815275972764 0.1034863900709211
9.313790822374321 0.0003762573751733476 0.1016694401386237
9.369817770801134 0.0003695312056948702 0.09985194517300543
9.426181748372137 0.000362807186628634 0.09803503127562146
9.482884782480346 0.0003560894122340991 0.0962198047664925
9.539928912714528 0.0003493819036437929 0.09440735220582906
9.597316190932558 0.0003426886068476489 0.09259873984937468
9.655048681335227 0.0003360133850633172 0.0907950115867686
9.713128460540494 0.0003293600167832269 0.08899718841383755
9.771557617658175 0.0003227321964433553 0.0872062686133056
9.830338254365088 0.0003161335289097415 0.08542322626498129
9.889472484980656 0.0003095675238580458 0.08364900972704439
9.948962436542953 0.0003030375986030475 0.08188454240061162
10.00881024888521 0.0002965470755810135 0.08013072204944101
10.06901807471279 0.0002900991744847318 0.07838841867472006
10.12958807968063 0.000283697014688526 0.0766584751703346
10.1905224424711 0.0002773436158631129 0.0749417074890113
10.25182335487242 0.0002710418912514385 0.07323890282536438
10.31349302185747 0.0002647946462904032 0.07155081924346871
10.3755336616631 0.0002586045824699531 0.06987818671963426
10.43794750586993 0.0002524742937429208 0.06822170617230056
10.50073679948262 0.0002464062608663528 0.06658204793299242
10.56390380101059 0.0002404028569219206 0.06495985323800413
10.62745078254932 0.0002344663471572401 0.06335573418552186
10.69138002986203 0.000228598882149739 0.06177027188841536
10.7556938424619 0.0002228025012450437 0.06020401740333297
10.82039453369479 0.000217079135924771 0.05865749264072107
10.88548443082247 0.0002114306051688644 0.05713118911166934
10.95096587510631 0.0002058586141411359 0.05562556757272781
11.01684122189147 0.0002003647605286794 0.05414105973889553
11.08311284069168 0.0001949505333898698 0.05267806797233543
11.14978311527443 0.000189617308178133 0.05123696393773505
11.21685444374672 0.0001843663535239467 0.04981809043488752
11.28432923864131 0.0001791988333922334 0.04842176198164642
11.35220992700354 0.0001741158023173262 0.0470482635263538
11.42049895047856 0.0001691182087612453 0.04569785135528859
11.48919876539923 0.0001642069005729287 0.04437075456781875
11.55831184287442 0.0001593826228998246 0.04306717451208754
11.62784066887791 0.0001546460169894409 0.04178728446117719
11.69778774433782 0.0001499976276569663 0.04053123163095344
11.76815558522656 0.0001454379043488834 0.03929913746746695
11.83894672265132 0.0001409671978118546 0.03809109674684483
11.91016370294514 0.0001365857663201489 0.03690717925801892
11.98180908775847 0.0001322937796882458 0.03574743088698167
12.05388545415131 0.0001280913172418443 0.03461187306852725
12.12639539468595 0.0001239783702610957 0.0335005034464437
12.19934151752018 0.0001199548483899068 0.03241329760538658
12.27272644650111 0.0001160205798642012 0.03135020913255807
12.34655282125957 0.0001121753107875981 0.03031116942198634
12.42082329730504 0.0001084187123197713 0.02929608961690981
12.49554054612116 0.0001047503831548458 0.02830486127947103
12.57070725526186 0.0001011698480570353 0.02733735599502744
12.64632612844798 9.767656317752765e-05 0.02639342680884037
12.72239988566455 9.426992060497882e-05 0.02547290945567521
12.79893126325863 9.094924821891419e-05 0.02457562232018867
12.87592301403773 8.77138119040974e-05 0.02370136703527885
12.95337790736882 8.456282149180879e-05 0.02284993008749289
13.03129872927796 8.149543235813976e-05 0.022021083248906
13.10968828255048 7.851074565633435e-05 0.02121458363990313
13.18854938683184 7.560781406401529e-05 0.02043017528215113
13.26788487872902 7.278564477378254e-05 0.01966758990669587
13.34769761191256 7.004319979208868e-05 0.01892654703472204
13.42799045721921 6.737939981811603e-05 0.01820675502567422
13.50876630275517 6.47931283762592e-05 0.01750791219390527
13.59002805400002 6.228323304339646e-05 0.01682970714030032
13.67177863391118 5.984852743080862e-05 0.01617181928781603
13.7540209830291 5.748779570881446e-05 0.01553392010409357
13.83675805958297 5.51997946760109e-05 0.01491567366059313
13.91999283959716 5.298325498123744e-05 0.01431673696278401
14.00372831699829 5.083688499071367e-05 0.01373676099509339
14.08796750372286 4.875937341532324e-05 0.01317539143083131
14.17271342982564 4.674939071689776e-05 0.01263226901218612
14.25796914358864 4.48055918323844e-05 0.01210703028632857
14.34373771163077 4.292661906126894e-05 0.01159930838562958
14.43002221901811 4.111110375511438e-05 0.01110873348419463
14.51682576937491 3.935766833667949e-05 0.01063493334345486
14.60415148499523 3.766492897540201e-05 0.01017753403511598
14.69200250695523 3.603149734488681e-05 0.009736160416053526
14.78038199522615 3.445598247714563e-05 0.009310436629351604
14.86929312878798 3.293699298090113e-05 0.008899986703716318
14.95873910574384 3.147313867169461e-05 0.008504434993951236
15.04872314343496 3.006303230926751e-05 0.008123406650419569
15.13924847855642 2.870529161467846e-05 0.007756528164094359
15.2303183672736 2.739854057223295e-05 0.007403427718356148
15.3219360853393 2.614141085271607e-05 0.007063735573568233
15.41410492821153 2.493254389789558e-05 0.006737084630335405
15.50682821117208 2.377059191163113e-05 0.006423110697314047
15.60010926944577 2.265421883451074e-05 0.006121452754571076
15.69395145832038 2.158210229205252e-05 0.00583175348001236
15.7883581532674 2.055293472665219e-05 0.005553659555249091
15.88333275006339 1.956542378842437e-05 0.005286821771207958
15.97887866491215 1.861829378506605e-05 0.00503089541990237
16.07499933456759 1.771028733321483e-05 0.004785540740650062
16.17169821645737 1.68401652260818e-05 0.004550422884305858
16.26897878880723 1.600670720617981e-05 0.004325212122062482
16.36684455076612 1.520871391180465e-05 0.004109584371414088
16.46529902253208 1.44450067488195e-05 0.003903221161510801
16.56434574547881 1.371442793619242e-05 0.003705809645463535
16.66398828228309 1.301584209736642e-05 0.003517043030352035
16.76423021705294 1.234813684849386e-05 0.003336620736173171
16.86507515545651 1.171022211322014e-05 0.00316424821068692
16.96652672485178 1.110103095609223e-05 0.002999637154613773
17.06858857441703 1.051952091770575e-05 0.002842505882408133
17.17126437528214 9.964673254600497e-06 0.002692579116868599
17.27455782066058 9.435492762135182e-06 0.002549587941276513
17.37847262598229 8.931008677673922e-06 0.002413270043448219
17.48301252902732 8.450275031315355e-06 0.002283369810506455
17.58818129006027 7.992369961019819e-06 0.002159638143819162
17.69398269196554 7.556396472663074e-06 0.002041832664375492
17.80042054038342 7.141482213843429e-06 0.001929717651665667
17.90749866384694 6.74677855872052e-06 0.001823063796392993
18.01522091391964 6.371461055479705e-06 0.001721648321384325
18.12359116533404 6.014730297254562e-06 0.001625255216924199
18.23261331613107 5.675810532073078e-06 0.001533674865144942
18.34229128780023 5.353949157804919e-06 0.001446703903555111
18.45262902542071 5.048417747372206e-06 0.001364145502064252
18.56363049780323 4.758511408268642e-06 0.001285809189916967
18.67529969763284 4.483547540256225e-06 0.001211510520007059
18.78764064161249 4.222866266110525e-06 0.001141071185270283
18.90065737060757 3.97583079589355e-06 0.001074319117115419
19.0143539497912 3.741825778607454e-06 0.001011088040020531
19.12873446879051 3.520257055952944e-06 0.0009512174049954082
19.24380304183367 3.31055247820368e-06 0.0008945526100410198
19.35956380789796 3.112160549475149e-06 0.0008409446340842464
19.47602093085858 2.924549563636435e-06 0.0007902498034904555
19.59317859963845 2.747208151140616e-06 0.0007423299398239006
19.71104102835891 2.579644812595022e-06 0.000697052233812582
19.82961245649123 2.421386528612392e-06 0.0006542888697126748
19.94889714900919 2.271978762901196e-06 0.000613917026143571
20.06889939654243 2.130985780569401e-06 0.0005758189620975328
20.18962351553079 1.997989127609595e-06 0.0005398816060775885
20.31107384837959 1.872587130228207e-06 0.0005059964208100387
20.4332547636158 1.754395373814072e-06 0.0004740595326677411
20.55617065604522 1.643045678899059e-06 0.0004439714549618882
20.67982594691049 1.538185134932336e-06 0.0004156368268557506
20.80422508405019 1.43947627562014e-06 0.0003889644607436725
20.92937254205879 1.346596820643232e-06 0.0003638672724599019
21.05527282244758 1.259238406048439e-06 0.0003402619382145375
21.18193045380665 1.177106351601776e-06 0.0003180688317294352
21.30934999196772 1.099919892498852e-06 0.0002972120868492543
21.43753602016806 1.027410997603544e-06 0.0002776192782147924
21.5664931492153 9.593237928103033e-07 0.000259221265448283
21.69622601765332 8.954147739519593e-07 0.0002419522506837405
21.82673929192908 8.354521459960518e-07 0.0002257496000095603
21.95803766656046 7.792149404767376e-07 0.0002105536049876017
22.09012586430514 7.264929714792917e-07 0.0001963074707596502
22.22300863633048 6.770867256504078e-07 0.0001829572863268279
22.35669076238438 6.308063605623532e-07 0.0001704517538950826
22.49117705096725 5.874713957027031e-07 0.0001587421053767574
22.62647233950495 5.469108400148718e-07 0.000147782136853633
22.76258149452277 5.089623961403689e-07 0.0001375279935532521
22.89950941182054 4.734719279303289e-07 0.0001279380259638859
23.03726101664865 4.402935054593609e-07 0.0001189728019978389
23.17584126388527 4.092890329829851e-07 0.000110595006460903
23.31525513821456 3.803275494850295e-07 0.0001027692520515321
23.45550765430593 3.532850927663323e-07 9.546204263591277e-05
23.59660385699449 3.280446643873481e-07 8.864176377501847e-05
23.73854882146243 3.044955313669572e-07 8.227849403491024e-05
23.88134765342164 2.825329353699725e-07 7.634392640557017e-05
24.02500548929732 2.62058137549513e-07 7.081138041787072e-05
24.16952749641275 2.429779442438009e-07 6.565567398092781e-05
24.31491887317515 2.252042821195332e-07 6.085300858053579e-05
24.46118484926266 2.086541612214124e-07 5.638095929468922e-05
24.60833068581249 1.932494897140844e-07 5.221842473454172e-05
24.7563616756101 1.789165798956529e-07 4.834549356309039e-05
24.90528314327963 1.655860018878245e-07 4.474340496042645e-05
25.05510044547539 1.531925722588328e-07 4.139454554950726e-05
25.20581897107455 1.416749198487923e-07 3.828233207674652e-05
25.357444141371 1.309752538421028e-07 3.539114874228243e-05
25.5099814102703 1.210393609491854e-07 3.270634643844763e-05
25.66343626448592 1.118163516454167e-07 3.021417418036108e-05
25.81781422373652 1.032583579877402e-07 2.790169745220393e-05
25.97312084094457 9.5320472183864e-08 2.575678160784975e-05
26.12936170243603 8.796066369669787e-08 2.376806947144862e-05
26.28654242814131 8.113946393196981e-08 2.192489613608449e-05
26.44466867179741 7.481984695956038e-08 2.021725673319067e-05
26.6037461211513 6.896721998001456e-08 1.863580385648231e-05
26.76378049816449 6.354918038870924e-08 1.717178191766151e-05
26.92477755921884 5.853535080226107e-08 1.581698256849313e-05
27.08674309532363 5.389735801563881e-08 1.456373901475385e-05
27.24968293232387 4.960870916459945e-08 1.340489255377634e-05
27.41360293110984 4.564459721537962e-08 1.233374001533552e-05
27.57850898782788 4.198184477928111e-08 1.134401857964818e-05
27.74440703409252 3.859886880465291e-08 1.042989623670566e-05
27.91130303719981 3.54754979413514e-08 9.585922435870918e-06
28.07920300034196 3.25928883182202e-08 8.807005327902111e-06
28.24811296282329 2.993351227686353e-08 8.088408720677509e-06
28.41803900027744 2.748103557547125e-08 7.425718898135968e-06
28.58898722488593 2.522021019116516e-08 6.814815654132602e-06
28.76096378559799 2.313685080418564e-08 6.251865938172436e-06
28.93397486835177 2.121778024574896e-08 5.733309114740383e-06
29.1080266962968 1.945071434217391e-08 5.255825846746618e-06
29.28312553001787 1.78242207092355e-08 4.816326961246502e-06
29.4592776677602 1.632770358782903e-08 4.411949351847717e-06
29.63648944565603 1.495130711327318e-08 4.040029840868308e-06
29.81476723795246 1.368586117759436e-08 3.698090550650039e-06
29.99411745724076 1.252287100986471e-08 3.383836088035659e-06
30.17454655468706 1.145446011220516e-08 3.095138124964489e-06
30.35606102026435 1.047330637940591e-08 2.830018137196376e-06
30.53866738298595 9.572623622181859e-09 2.586642411664636e-06
30.72237221114033 8.746139077311451e-09 2.363315969434802e-06
30.90718211252742 7.988030710682066e-09 2.158465624204743e-06
31.09310373469621 7.292900888066046e-09 1.970632867819646e-06
31.28014376518396 6.655768714081651e-09 1.798471800163619e-06
31.46830893175665 6.072023313968715e-09 1.640736505312227e-06
31.65760600265105 5.537391600684436e-09 1.496272341799356e-06
31.84804178681812 5.047930231286765e-09 1.364013769131595e-06
32.03962313416796 4.600001145672332e-09 1.242977738049829e-06
32.23235693581619 4.190236330028751e-09 1.132254169174148e-06
32.42625012433181 3.815525581911628e-09 1.031002646974906e-06
32.62130967398656 3.473007602276232e-09 9.384500127284687e-07
32.81754260100581 3.160038480693689e-09 8.538818488291848e-07
33.01495596382091 2.874176306482726e-09 7.766383205250598e-07
33.21355686332307 2.613176824717834e-09 7.061130021169301e-07
33.4133524431188 2.374972637416848e-09 6.417472568596855e-07
33.61434988978685 2.157655349894153e-09 5.830254126840135e-07
33.81655643313671 1.959470203359005e-09 5.294733118574545e-07
34.01997934646867 1.778806296624114e-09 4.806556687679855e-07
34.22462594683541 1.614178527978482e-09 4.361711903926155e-07
34.43050359530524 1.464220407227347e-09 3.956506340208398e-07
34.63761969722685 1.327680432607735e-09 3.5875582825199e-07
34.84598170249565 1.203407496761653e-09 3.251757295069935e-07
35.0555971058218 1.090342472747783e-09 2.946241484636874e-07
35.26647344699975 9.875156801707933e-10 2.668390653733253e-07
35.47861831117944 8.940382970238157e-10 2.415803094331972e-07
35.69203932913916 8.09093131944789e-10 2.186270653350883e-07
35.90674417756002 7.319314260937232e-10 1.977770090925901e-07
36.12274057930207 6.618691589984375e-10 1.788453098344994e-07
36.34003630368208 5.982784326118861e-10 1.61662301669542e-07
36.55863916675303 5.405836065754652e-10 1.460724393862692e-07
36.77855703158521 4.882597094164929e-10 1.319338691387817e-07
36.9997978085491 4.408262017665892e-10 1.191167431904729e-07
37.22236945559986 3.978426436028238e-10 1.075020491484954e-07
37.4462799785636 3.589072694091662e-10 9.698122495459563e-08
37.67153743142533 3.23653678111535e-10 8.745526446424054e-08
37.89814991661868 2.917463757021595e-10 7.883351300807198e-08
38.12612558531732 2.628790434075893e-10 7.103319942928194e-08
38.35547263772817 2.367731806456581e-10 6.39790693936422e-08
38.58619932338635 2.131742839382479e-10 5.760235288402899e-08
38.81831394145193 1.918499037518707e-10 5.184023913448912e-08
39.05182484100842 1.72588904323206e-10 4.663567662585926e-08
39.2867404213631 1.551989890061587e-10 4.193670440364641e-08
39.52306913234914 1.39504603488923e-10 3.769588550110148e-08
39.76081947462954 1.253461820209444e-10 3.387010326033379e-08
40.00000000000288 1.125789473839417e-10 3.042023706949971e-08
