00 37 06.7	+09 09 24.6	0.255	1.030	8.1	7.9	6.4	 6.9	6.5
01 31 52.6      -13 36 40.4     0.206	1.344   6.7     10.6    7.1      6.3    10.7
01 52 42.3      +01 00 33.7     0.230   0.964   5.5     4.0     2.2      3.6    4.5
02 01 43.1      -02 11 48.4     0.196   1.044   4.0     3.8     1.5      2.7    1.9
02 48 03.4      -03 31 44.0	0.188	0.989   4.2     3.7     1.6      2.6    0.9
04 54 08.4      -10 14 15.9     0.248   1.015   5.6     6.5     3.7      39.1   14.1
04 54 09.6      +02 55 16.4     0.203   1.056   8.0     11.4    9.1      8.3    10.6
10 17 03.7      +39 02 53.4     0.206   1.055   5.6     6.7     3.7      4.9    5.3
14 01 02.2      +02 52 41.7     0.253   1.363   8.3     11.6    9.7      8.2    14.7
14 26 02.5      +37 49 27.6     0.171   1.115   8.3     10.8    8.9      6.9    8.5
14 57 15.1      +22 20 32.7     0.258   0.914   4.6     4.9     2.3      3.4    3.7
15 01 22.7      +42 20 47.4     0.290   0.998   6.3     7.0     4.4      5.4    4.5
15 10 12.7      +33 30 37.6     0.113   1.174   6.3     7.0     4.4      5.7    5.5
16 40 20.1      +46 42 38.4     0.228   1.302   9.5     17.6    16.8     10.3   21.2
17 20 10.0      +26 37 30.1     0.164   1.034   5.8     6.9     4.0      6.0    6.5
17 22 27.0      +32 07 56.5     0.224   1.305   6.7     9.4     6.3      3.9    9.0
21 29 40.0      +00 05 19.0     0.235   1.079   5.6     7.3     4.1      4.3    3.9
21 53 36.7      +17 41 41.8     0.231   1.244   9.0     15.8    14.3     9.7    15.7
23 37 37.5      +00 16 00.4     0.278   1.078   7.4     9.8     7.2      9.8    9.9    

# RA		DEC		z	R500	T_x	M_g		Y_x		DA2Y500
# hms		hms		z	Mpc	keV   1e13 M_sun    1e14 M_sun keV	1e-5 Mpc^2













































































































 
 
 
 
 
 
 
 
 
 
 
 
 
 
 
 
 
 























































