04 54 45.4		-20 17 06.6		0.66 	1048 	9.4		1.0		0.82	0.03	7.7		1.1 	6.8 	0.5		6.3		1.5		2.7
19 24 56.1      -49 27 02.1     0.25    1020    5.1     0.2     0.47    0.01    2.4     0.2     3.9     0.1     8.5     2.0     6.4
19 20 59.7      -45 51 02.2     0.77    925     7.8     0.8     0.67    0.04    5.3     0.9     5.3     0.4     4.0     1.4     2.0
00 23 38.9      -72 24 06.1     0.30    1178    7.4     0.6     0.79    0.02    5.8     0.6     6.3     0.4     8.3     2.4     6.7
02 00 16.4      -24 54 54.4     0.90    1012    11.5    2.4     1.02    0.08    12      3.0     8.1     1.3     5.6     1.4     3.2
01 30 51.3      +45 17 54.9     0.20    963     4.2     0.2     0.37    0.01    1.6     0.1     3.1     0.1     8.8     2.1     6.3
04 46 47.2      -37 03 49.7     0.74    1033    8.4     0.6     1.04    0.03    8.7     0.9     7.1     0.4     4.4     1.2     4.4
07 34 27.3      +14 16 50.2     0.34    1121    7.1     0.4     0.68    0.02    4.9     0.4     5.7     0.2     7.8     2.0     4.6
21 00 37.6      -33 08 05.7     0.46    833     4.8     0.5     0.28    0.02    1.4     0.2     2.7     0.2     2.9     1.4     2.9
02 56 25.3      +40 17 18.7     0.62    1042    8.8     0.8     0.76    0.03    6.7     0.9     6.3     0.4     5.2     1.7     2.4
18 33 00.3		-65 33 20.0     0.24    917     4.4     0.2     0.30    0.01    1.3     0.1     2.8     0.1		0.0		0.0     4.9
18 33 33.7      -65 26 39.2     0.46    872     4.9     0.7     0.35    0.02    1.7     0.3     3.1     0.3		0.0		0.0     2.6
03 42 54.2      -08 40 58.2     0.57    820     4.4     0.4     0.37    0.02    1.7     0.2     2.9     0.2		0.0		0.0     5.6
03 43 02.4      -08 46 09.8     0.42    826     4.8     0.8     0.24    0.02    1.2     0.3     2.5     0.3		0.0		0.0     2.4
 
#  RA		    DEC		z_Fe   R500	T_x   T_x_err   M_g    M_g_err	Y_x	Y_x_err	 M500	M500_err  Y500	Y500_err	theta_det
#  hms		    hms			kpc	keV	keV	  1e14 M_sun	1e14 M_sun keV	    1e14M_sun	   1e-4 arcmin^2	arcminutes
 
 
 
































 
 
 
 
 







































 
 
 
 
 
 
 
 
 
 
 
 
 
 
 
 

 
 
 
 
 
 
 
 
 
 
 
 
 
 
  
 
 
 
 
 
 
 
 


 

 
 














 
 

 




 




























